dati/cumulata_oraria_prisma_2018052821.txt
ncols        251
nrows        249
xllcorner         436000.00000
yllcorner        4918000.00000
cellsize           1000.00000
NODATA_value          -9999.00000
[rows 128 to 159 of 249, columns 73 to 145 of 251]
5.03 5.65 6.70 6.72 6.75 6.88 6.80 5.69 4.33 3.53 3.37 3.68 3.93 4.10 3.83 3.69 3.77 3.35 3.60 3.45 3.61 3.85 4.33 4.65 5.33 7.09 7.41 7.11 6.68 7.57 8.94 8.60 8.16 7.40 5.66 5.10 5.55 5.40 5.11 4.99 5.01 4.83 4.83 5.00 4.93 4.17 3.86 4.14 3.95 3.46 5.92 5.24 5.97 5.67 3.56 4.25 2.36 1.42 1.41 1.34 1.10 1.04 0.97 0.83 0.76 0.72 0.70 0.68 0.65 0.72 0.60 0.57 0.51
5.18 5.51 6.64 6.84 7.14 7.57 7.73 6.56 5.23 3.94 3.59 3.57 3.65 4.09 4.37 4.30 4.66 4.19 3.91 3.48 3.23 3.52 4.11 4.50 5.15 5.94 6.10 5.78 5.71 6.93 7.33 7.60 7.48 5.65 4.90 4.75 4.71 4.80 4.77 4.92 5.10 4.72 4.63 4.48 5.12 4.80 3.98 3.71 3.49 3.45 2.94 3.66 4.07 5.34 5.61 3.18 1.58 1.38 1.33 1.32 1.35 1.02 0.87 0.81 0.68 0.72 0.69 0.61 0.65 0.72 0.62 0.57 0.45
5.60 5.20 5.95 6.48 6.69 7.06 7.19 7.49 5.86 4.56 3.55 3.28 3.27 4.13 4.75 4.75 4.86 4.49 3.80 3.42 3.09 3.32 3.49 4.00 4.58 5.44 5.50 5.31 5.62 6.14 7.01 7.23 6.61 6.19 4.49 4.42 4.51 4.08 4.49 5.04 4.73 4.71 4.63 4.33 3.95 4.67 3.74 3.46 3.31 2.96 2.54 1.97 3.41 2.69 4.48 1.38 1.15 1.43 1.27 1.10 1.13 1.05 1.00 0.73 0.64 0.60 0.64 0.63 0.64 0.62 0.59 0.45 0.36
5.99 5.71 5.31 5.59 6.09 6.60 6.28 6.51 5.85 4.87 3.07 3.06 3.14 3.53 4.05 4.74 5.27 5.17 4.70 3.79 3.67 2.80 3.10 3.59 4.16 4.93 4.86 5.04 5.23 5.97 6.66 7.15 7.47 5.53 5.33 4.14 4.00 4.07 4.09 4.50 4.12 4.31 4.82 4.32 3.74 3.67 3.46 2.93 2.70 2.36 2.15 1.90 2.05 1.63 1.27 1.19 1.14 1.01 1.13 1.07 1.10 1.03 0.88 0.76 0.68 0.61 0.60 0.57 0.63 0.43 0.41 0.45 0.30
6.50 6.23 5.40 5.16 5.40 6.16 6.11 6.28 6.36 5.47 4.10 2.95 2.85 3.08 3.24 4.87 5.58 6.27 4.88 4.20 3.67 2.86 2.62 3.55 3.95 4.28 4.74 4.54 5.01 5.21 6.53 7.18 7.66 7.48 5.23 5.43 3.81 3.78 3.96 3.75 3.76 3.74 4.11 4.06 3.67 3.42 3.10 2.57 2.39 2.33 1.86 1.66 1.55 1.28 1.20 1.11 1.02 0.95 0.94 0.90 1.10 0.82 0.75 0.71 0.68 0.63 0.58 0.57 0.53 0.43 0.36 0.28 0.00
6.66 6.96 5.81 5.73 5.58 5.53 5.40 5.99 6.06 6.01 4.91 3.28 2.84 2.67 3.06 3.82 4.59 6.06 4.51 4.14 3.56 3.08 2.48 2.94 3.56 4.03 4.43 4.29 4.16 5.07 4.98 6.89 6.89 7.19 6.77 5.18 4.61 3.54 3.37 3.47 3.37 3.58 3.55 3.74 3.39 3.17 2.80 2.46 2.36 2.39 2.38 1.59 1.49 1.22 1.06 1.05 1.03 0.96 0.89 0.82 0.76 0.77 0.64 0.60 0.65 0.61 0.53 0.56 0.46 0.41 0.40 0.00 0.00
5.06 5.67 6.50 6.44 6.04 5.35 4.52 4.93 5.17 5.48 3.78 2.82 2.61 2.61 2.61 2.79 3.62 3.63 4.30 3.58 3.09 2.31 2.24 2.37 2.81 3.15 4.28 4.22 4.26 4.36 4.53 5.07 5.79 5.95 5.85 4.81 4.06 3.49 3.21 3.10 3.18 3.09 3.54 3.40 3.18 2.92 2.50 2.49 2.47 2.56 2.32 2.33 1.41 1.18 1.01 0.97 0.99 0.89 0.84 0.78 0.72 0.55 0.62 0.61 0.54 0.56 0.64 0.50 0.49 0.41 0.36 0.37 0.00
4.26 4.44 5.99 6.68 7.10 6.67 5.79 4.71 4.20 3.76 2.71 2.50 2.50 2.58 2.55 2.46 2.28 2.25 2.54 2.21 2.11 2.02 2.06 2.12 2.13 2.86 2.76 4.23 4.38 4.14 4.01 3.95 4.25 4.23 4.38 4.12 3.48 3.33 3.10 2.73 2.61 2.83 2.72 3.01 2.75 2.51 2.39 2.44 2.56 2.46 2.31 1.94 1.36 1.29 1.25 1.01 0.95 0.89 0.78 0.61 0.58 0.52 0.46 0.46 0.52 0.46 0.44 0.50 0.49 0.41 0.36 0.36 0.34
4.04 4.06 5.07 4.85 6.16 6.10 6.26 5.62 5.17 4.44 2.98 2.80 2.50 2.36 2.42 2.24 2.06 2.03 1.92 1.88 1.89 1.92 1.90 1.90 1.98 1.98 2.41 3.94 3.98 3.63 3.66 3.38 3.17 3.61 3.36 3.24 3.23 3.00 2.75 2.63 2.42 2.32 2.54 2.52 2.46 2.23 2.29 2.41 2.40 2.29 1.82 1.79 1.65 1.26 1.16 1.08 0.95 0.81 0.71 0.60 0.51 0.47 0.41 0.34 0.31 0.45 0.42 0.39 0.42 0.49 0.39 0.40 0.31
3.88 3.80 3.97 4.04 4.56 4.81 5.94 5.87 5.49 5.08 4.01 2.91 2.43 2.40 2.31 2.20 2.25 2.22 1.82 1.82 1.78 1.79 1.81 1.74 1.78 1.79 1.91 2.05 2.73 2.82 3.13 3.25 2.99 2.91 2.89 2.60 2.75 2.77 2.54 2.27 2.11 2.12 1.99 2.36 2.12 2.17 2.24 2.18 2.11 1.69 1.85 1.92 1.68 1.61 1.09 1.03 0.86 0.75 0.68 0.47 0.50 0.42 0.36 0.32 0.30 0.26 0.41 0.39 0.37 0.36 0.39 0.36 0.39
3.65 3.56 3.49 3.52 3.30 4.20 4.90 5.89 5.67 4.95 3.78 2.78 2.39 2.24 2.19 2.23 2.18 2.05 1.82 1.76 1.69 1.68 1.68 1.67 1.63 1.60 1.58 1.75 1.78 2.41 2.55 3.09 2.98 2.91 2.94 2.30 2.27 2.32 2.15 2.04 1.81 1.81 1.80 1.70 2.06 1.95 2.15 1.88 1.61 1.77 1.59 1.66 1.53 1.56 1.47 1.04 0.80 0.64 0.49 0.44 0.38 0.38 0.34 0.27 0.28 0.23 0.25 0.25 0.34 0.33 0.34 0.39 0.42
3.63 3.43 3.59 3.15 3.21 3.28 3.70 4.42 4.13 3.74 2.83 2.32 2.10 2.01 2.06 1.91 1.78 1.74 1.69 1.60 1.59 1.63 1.59 1.58 1.55 1.55 1.37 1.38 1.57 1.55 2.23 2.09 2.60 2.68 2.74 2.86 2.05 2.03 1.83 1.78 1.63 1.53 1.52 1.55 1.45 1.76 1.55 1.58 1.37 1.12 1.29 0.98 0.96 0.94 1.22 1.00 0.88 0.60 0.43 0.38 0.34 0.32 0.18 0.17 0.16 0.00 0.00 0.00 0.23 0.34 0.39 0.47 0.41
4.42 3.97 3.65 3.26 3.01 2.83 2.72 2.76 2.83 2.83 2.43 2.10 1.94 1.90 1.80 1.75 1.67 1.61 1.54 1.55 1.50 1.49 1.48 1.48 1.50 1.45 1.44 1.27 1.30 1.31 1.52 1.74 2.15 2.49 2.58 2.96 2.59 1.81 1.76 1.58 1.47 1.28 1.18 1.23 1.24 1.22 1.24 1.17 1.10 0.82 0.76 0.72 0.94 1.05 1.10 0.98 0.83 0.68 0.37 0.33 0.21 0.20 0.19 0.18 0.17 0.16 0.00 0.00 0.00 0.28 0.47 0.52 0.57
4.09 3.97 3.58 3.36 2.93 2.78 2.54 2.42 2.49 2.49 2.24 1.93 1.82 1.75 1.72 1.69 1.64 1.53 1.49 1.45 1.39 1.36 1.37 1.38 1.38 1.34 1.28 1.18 1.16 1.15 1.15 1.47 1.70 1.93 2.21 2.10 1.80 1.77 1.60 1.64 1.34 1.30 1.00 0.97 1.04 1.12 1.01 0.98 0.91 0.76 0.60 0.48 0.61 1.19 1.15 1.33 0.79 0.46 0.44 0.24 0.22 0.21 0.20 0.19 0.18 0.17 0.17 0.16 0.27 0.32 0.48 0.54 0.54
4.03 3.27 3.23 3.38 3.00 2.66 2.56 2.33 2.30 2.18 2.08 1.81 1.75 1.68 1.64 1.60 1.57 1.50 1.44 1.35 1.34 1.28 1.31 1.27 1.26 1.24 1.17 1.15 1.11 1.04 1.06 1.08 1.48 1.28 1.66 1.32 1.64 1.53 1.48 1.48 1.38 1.11 1.04 0.89 0.84 0.98 0.98 0.92 0.84 0.76 0.48 0.46 0.76 0.80 0.95 1.29 1.26 0.47 0.43 0.25 0.24 0.23 0.22 0.21 0.20 0.19 0.18 0.17 0.29 0.41 0.54 0.59 0.65
3.95 3.49 3.20 3.14 2.93 2.72 2.57 2.39 2.26 2.12 2.00 1.88 1.73 1.58 1.62 1.54 1.52 1.46 1.34 1.32 1.24 1.18 1.12 1.15 1.15 1.10 1.11 1.02 1.05 0.93 0.98 0.98 0.96 1.07 1.03 1.02 0.98 1.23 1.20 1.38 1.43 1.30 0.99 0.91 0.74 0.72 0.91 0.86 0.86 0.71 0.63 0.46 0.46 0.75 1.20 1.33 0.76 0.57 0.39 0.28 0.27 0.25 0.24 0.23 0.22 0.21 0.20 0.29 0.39 0.50 0.56 0.63 0.66
3.78 3.64 3.24 2.81 2.76 2.77 2.62 2.63 2.52 1.96 1.94 1.86 1.70 1.64 1.59 1.51 1.51 1.36 1.28 1.19 1.10 1.07 0.99 0.96 1.02 1.03 1.02 1.03 1.00 0.97 0.89 0.89 0.87 0.91 0.81 0.75 0.84 0.75 1.26 1.23 1.38 1.53 1.20 0.86 0.79 0.69 0.66 0.86 0.89 0.90 0.62 0.58 0.46 0.45 1.42 0.97 0.55 0.47 0.46 0.31 0.30 0.28 0.27 0.26 0.24 0.23 0.22 0.34 0.40 0.54 0.62 0.70 0.71
3.79 3.72 3.67 2.93 2.85 2.71 2.69 2.68 2.36 2.08 1.97 1.85 1.78 1.78 1.56 1.55 1.38 1.30 1.16 1.02 1.02 0.96 0.94 0.86 0.87 0.93 0.91 0.97 0.95 0.94 0.96 0.89 0.85 0.79 0.70 0.62 0.59 0.66 0.67 1.24 1.31 1.60 1.57 0.75 0.75 0.84 0.66 0.69 0.88 0.80 0.82 0.55 0.50 0.54 0.59 0.76 0.53 0.52 0.49 0.35 0.34 0.32 0.31 0.29 0.27 0.26 0.35 0.40 0.47 0.52 0.72 0.73 0.79
3.40 3.56 3.44 3.25 3.16 2.74 2.69 2.76 2.21 1.96 1.88 1.86 1.81 1.72 1.68 1.45 1.30 1.25 1.03 1.06 0.95 0.91 0.82 0.79 0.77 0.81 0.77 0.83 0.82 0.89 0.91 0.86 0.87 0.68 0.66 0.49 0.44 0.63 0.74 1.10 1.64 1.59 1.49 1.73 0.82 0.84 0.77 0.82 0.85 0.83 0.85 0.75 0.60 0.66 0.64 0.57 0.58 0.57 0.55 0.40 0.38 0.37 0.35 0.33 0.31 0.36 0.40 0.44 0.55 0.61 0.72 0.78 0.84
2.97 3.54 3.52 3.64 3.45 3.16 2.92 2.59 2.37 2.16 1.76 1.91 1.73 1.73 1.77 1.32 1.32 1.18 1.12 0.99 0.88 0.78 0.71 0.71 0.64 0.64 0.63 0.64 0.77 0.78 0.88 0.88 0.81 0.88 0.65 0.66 0.37 0.38 0.65 0.64 1.56 1.61 1.69 2.02 2.27 0.85 0.87 0.88 0.95 0.96 0.92 0.85 0.73 0.63 0.63 0.65 0.66 0.65 0.64 0.64 0.53 0.53 0.54 0.49 0.49 0.50 0.46 0.50 0.51 0.74 0.88 0.95 0.88
2.83 2.94 3.32 3.85 3.55 3.68 3.24 2.86 2.73 2.24 2.19 2.02 1.78 1.60 1.62 1.47 1.39 1.23 1.11 0.88 0.85 0.68 0.70 0.62 0.56 0.49 0.49 0.47 0.58 0.70 0.77 0.88 0.86 0.90 0.75 0.56 0.58 0.26 0.28 0.59 0.76 1.63 1.80 2.49 2.33 2.24 1.03 0.97 1.02 1.16 1.10 0.92 0.92 0.74 0.74 0.75 0.78 0.80 0.73 0.72 0.73 0.60 0.61 0.63 0.56 0.57 0.57 0.56 0.58 0.65 0.97 0.99 1.08
2.46 2.41 2.96 3.75 3.71 3.58 3.23 3.20 2.83 2.62 2.64 1.88 1.88 1.45 1.57 1.63 1.34 1.30 1.02 0.95 0.78 0.71 0.62 0.52 0.47 0.42 0.45 0.36 0.35 0.60 0.60 0.87 0.89 0.80 0.89 0.55 0.61 0.49 0.28 0.40 0.89 1.02 2.57 2.85 2.08 2.18 1.99 1.03 1.32 1.17 1.24 1.33 1.05 0.98 0.87 0.91 0.90 0.93 0.91 0.83 0.86 0.82 0.72 0.72 0.69 0.64 0.62 0.60 0.67 0.75 0.85 1.02 1.02
2.24 2.24 2.47 3.31 3.53 3.45 3.42 3.20 3.11 2.97 2.53 2.08 2.01 1.43 1.47 1.57 1.37 1.12 1.03 0.96 0.72 0.70 0.45 0.45 0.46 0.45 0.42 0.39 0.29 0.34 0.60 0.68 0.96 0.89 0.91 1.05 0.60 0.61 0.39 0.48 0.82 1.04 1.09 2.68 2.43 2.06 2.12 2.06 1.47 1.64 1.56 1.57 1.46 1.14 1.05 1.05 1.07 1.03 1.02 1.02 0.94 1.00 1.07 0.79 0.75 0.82 0.68 0.68 0.69 0.89 0.90 1.08 1.15
1.96 1.96 2.10 2.74 3.09 3.29 3.47 3.11 2.95 2.71 2.38 2.36 1.86 1.68 1.35 1.39 1.37 1.15 1.15 0.90 0.88 0.55 0.47 0.40 0.40 0.44 0.40 0.44 0.42 0.40 0.68 0.72 0.87 0.92 1.14 1.18 1.17 0.56 0.58 0.54 0.62 1.24 1.37 1.95 2.69 2.63 2.14 2.21 1.69 1.75 1.79 1.58 1.66 1.19 1.16 1.19 1.20 1.20 1.15 1.22 1.23 1.19 1.18 1.15 0.91 0.83 0.81 0.75 0.73 0.79 1.03 1.12 1.13
1.83 1.81 1.87 2.20 2.63 2.60 2.88 2.69 2.45 2.51 2.36 2.23 1.76 1.67 1.37 1.35 1.33 1.25 1.15 1.05 0.80 0.50 0.47 0.36 0.37 0.49 0.61 0.52 0.70 0.44 0.50 0.66 0.74 0.96 1.06 1.16 1.16 0.83 0.64 0.71 0.75 0.98 1.45 1.30 2.66 2.41 1.83 1.70 1.72 1.97 2.25 2.41 1.74 1.60 1.37 1.35 1.36 1.42 1.40 1.37 1.46 1.43 1.28 1.24 1.21 0.93 0.91 0.82 0.90 0.87 0.94 0.93 1.41
1.88 1.82 1.63 2.04 2.16 2.27 2.49 2.34 2.52 2.43 2.44 2.03 1.98 1.58 1.35 1.12 1.32 1.26 1.12 1.04 0.72 0.72 0.50 0.45 0.40 0.60 0.92 0.90 0.91 0.81 0.54 0.58 0.87 1.05 1.36 1.64 1.25 1.34 0.75 0.81 1.05 1.13 1.12 1.40 1.44 1.91 1.66 1.79 2.06 2.53 2.62 2.57 1.85 1.81 1.54 1.55 1.61 1.62 1.72 1.65 1.71 1.60 1.39 1.36 1.22 0.97 0.94 0.89 1.05 1.04 1.31 1.38 1.41
1.91 1.82 1.64 1.84 1.65 2.20 2.21 2.51 2.35 2.23 2.11 1.92 1.40 1.33 1.06 1.03 1.31 1.08 1.11 0.82 0.70 0.55 0.55 0.49 0.47 1.01 0.98 1.00 1.10 0.57 0.83 1.08 1.14 1.45 1.73 1.69 1.35 1.40 0.93 0.97 1.09 1.15 1.33 1.50 1.56 1.65 1.60 2.09 2.60 2.78 2.71 2.86 3.00 1.96 1.85 1.71 1.71 1.87 1.78 1.83 1.76 1.70 1.56 1.36 1.21 1.17 0.99 0.97 0.98 0.97 1.47 1.46 1.51
1.96 1.61 1.55 1.58 1.83 1.72 1.75 1.99 1.81 2.10 2.06 1.63 1.41 1.15 1.14 1.12 1.28 1.37 1.08 1.13 0.73 0.77 0.44 0.43 0.43 0.42 1.10 0.85 1.28 1.41 0.85 0.84 1.24 1.27 1.65 1.69 1.40 1.56 1.54 0.99 1.02 1.44 1.48 1.57 1.73 1.89 1.72 1.86 3.06 2.97 3.35 3.02 2.98 2.08 2.07 1.91 1.91 1.89 2.01 1.94 1.81 1.73 1.67 1.61 1.29 1.23 1.17 1.09 1.07 1.18 1.22 1.58 1.64
1.97 1.58 1.46 1.49 1.51 1.42 1.49 1.42 1.59 1.71 1.73 1.31 1.24 1.09 1.07 1.21 1.38 2.24 2.54 1.26 0.92 0.78 0.44 0.45 0.46 0.42 0.85 0.63 1.22 1.51 0.92 0.79 0.76 1.40 1.78 2.45 3.14 1.55 1.49 1.07 1.24 1.37 1.76 2.13 1.95 2.12 2.07 2.19 2.24 3.50 3.88 4.37 3.58 3.15 2.28 2.23 2.10 2.04 2.01 2.00 1.94 1.87 1.76 1.72 1.54 1.28 1.32 1.26 1.27 1.27 1.32 1.25 1.75
2.08 1.82 1.53 1.49 1.43 1.27 1.35 1.27 1.41 1.36 1.31 1.23 0.98 1.05 1.01 1.44 1.73 1.86 1.41 1.04 1.13 0.82 0.77 0.49 0.49 0.35 0.34 0.53 0.48 0.80 0.76 0.65 0.71 1.04 1.50 2.65 3.12 2.80 1.66 1.73 1.41 1.61 2.20 2.41 2.51 2.22 2.30 2.18 2.45 2.51 4.55 4.66 5.17 3.49 3.29 2.34 2.26 2.23 2.17 2.09 2.13 1.98 1.93 1.70 1.58 1.58 1.38 1.42 1.35 1.31 1.35 1.31 1.53
2.04 1.94 1.56 1.42 1.32 1.23 1.16 1.09 1.06 1.10 1.15 1.13 0.94 0.85 1.02 0.84 1.25 1.14 1.28 1.53 0.89 0.85 0.98 0.72 0.47 0.39 0.37 0.42 0.39 0.49 0.59 0.64 0.77 0.85 1.79 1.86 2.78 2.30 1.77 1.85 1.98 2.04 2.22 2.48 2.72 2.73 2.46 2.51 2.61 2.67 3.14 5.19 6.09 3.42 3.29 2.47 2.42 2.38 2.30 2.25 2.17 2.13 2.00 1.85 1.73 1.63 1.65 1.47 1.46 1.50 1.56 1.62 1.57
2.67 2.00 1.65 1.49 1.37 1.15 1.05 1.05 0.99 1.15 1.10 0.89 0.85 0.74 0.87 0.87 1.15 1.20 1.92 1.81 0.85 0.91 0.95 0.75 0.45 0.48 0.39 0.41 0.43 0.47 0.63 0.71 0.87 1.04 1.14 1.71 2.25 2.22 2.35 2.02 2.14 2.08 2.69 3.16 2.89 2.99 2.63 2.65 2.79 3.29 3.33 3.30 6.52 6.93 3.29 3.42 2.56 2.49 2.37 2.40 2.31 2.15 2.01 1.86 1.71 1.79 1.70 1.65 1.65 1.58 1.54 1.53 1.60
