dati/cumulata_oraria_prisma_2018052716.txt
ncols        251
nrows        249
xllcorner         436000.00000
yllcorner        4918000.00000
cellsize           1000.00000
NODATA_value          -9999.00000
[rows 32 to 63 of 249, columns 73 to 145 of 251]
-9999.00 -9999.00 -9999.00 -9999.00 -9999.00 -9999.00 -9999.00 -9999.00 -9999.00 -9999.00 -9999.00 -9999.00 -9999.00 6.17 5.23 4.55 3.27 2.71 1.98 2.01 1.89 1.60 1.55 1.75 1.81 2.06 1.86 1.37 1.18 1.13 1.21 -9999.00 -9999.00 -9999.00 -9999.00 -9999.00 -9999.00 -9999.00 -9999.00 -9999.00 -9999.00 -9999.00 -9999.00 -9999.00 -9999.00 -9999.00 -9999.00 -9999.00 -9999.00 -9999.00 -9999.00 -9999.00 -9999.00 -9999.00 3.15 3.07 2.86 2.59 2.44 2.40 2.88 2.80 2.79 2.71 2.85 3.01 3.32 3.24 -9999.00 -9999.00 -9999.00 -9999.00 -9999.00
-9999.00 -9999.00 -9999.00 -9999.00 -9999.00 -9999.00 -9999.00 -9999.00 -9999.00 -9999.00 -9999.00 -9999.00 -9999.00 -9999.00 7.94 7.36 5.19 3.51 2.97 2.69 2.26 1.79 1.88 1.57 1.54 1.77 2.00 2.32 1.72 1.51 1.34 -9999.00 -9999.00 -9999.00 -9999.00 -9999.00 -9999.00 -9999.00 -9999.00 -9999.00 -9999.00 -9999.00 -9999.00 -9999.00 -9999.00 -9999.00 -9999.00 6.10 4.84 3.74 -9999.00 -9999.00 0.00 0.00 2.77 2.66 2.55 2.42 2.29 2.15 2.12 2.35 2.70 2.99 2.85 2.51 3.34 3.90 -9999.00 -9999.00 -9999.00 -9999.00 -9999.00
-9999.00 -9999.00 -9999.00 -9999.00 -9999.00 -9999.00 -9999.00 -9999.00 -9999.00 -9999.00 -9999.00 -9999.00 -9999.00 -9999.00 9.45 10.64 7.81 5.08 3.37 2.90 2.35 1.87 1.98 1.76 1.67 2.05 2.27 3.27 3.26 2.67 2.25 -9999.00 -9999.00 -9999.00 -9999.00 -9999.00 -9999.00 -9999.00 -9999.00 -9999.00 -9999.00 -9999.00 -9999.00 -9999.00 -9999.00 -9999.00 -9999.00 5.03 3.99 3.46 3.02 0.00 0.00 0.00 0.00 0.00 0.00 0.00 0.00 0.00 0.00 0.00 2.25 2.51 1.86 1.79 1.97 2.70 -9999.00 -9999.00 -9999.00 -9999.00 -9999.00
-9999.00 -9999.00 -9999.00 -9999.00 -9999.00 -9999.00 -9999.00 -9999.00 -9999.00 -9999.00 -9999.00 -9999.00 -9999.00 -9999.00 8.47 9.66 8.85 6.00 3.76 3.05 2.13 1.80 1.85 1.46 1.77 2.47 3.62 4.56 4.81 4.67 4.68 3.79 -9999.00 -9999.00 -9999.00 -9999.00 -9999.00 -9999.00 -9999.00 -9999.00 -9999.00 -9999.00 -9999.00 -9999.00 -9999.00 -9999.00 4.64 3.74 3.33 2.99 2.84 0.00 0.00 0.00 0.00 0.00 0.00 0.00 0.00 0.00 0.00 0.00 1.68 1.65 1.63 1.61 1.61 1.76 -9999.00 -9999.00 -9999.00 -9999.00 -9999.00
-9999.00 -9999.00 -9999.00 -9999.00 -9999.00 -9999.00 -9999.00 -9999.00 -9999.00 -9999.00 -9999.00 -9999.00 -9999.00 -9999.00 9.95 6.93 7.39 6.58 4.71 3.07 2.24 1.90 1.58 1.42 1.58 1.80 2.32 4.18 5.27 7.48 7.88 6.45 6.57 -9999.00 -9999.00 -9999.00 -9999.00 -9999.00 -9999.00 -9999.00 -9999.00 -9999.00 -9999.00 -9999.00 -9999.00 -9999.00 3.50 2.85 2.76 2.68 0.00 0.00 0.00 0.00 0.00 0.00 0.00 0.00 0.00 0.00 0.00 0.00 1.54 1.49 1.44 1.43 1.41 1.43 1.36 -9999.00 -9999.00 -9999.00 -9999.00
-9999.00 -9999.00 -9999.00 -9999.00 -9999.00 -9999.00 -9999.00 -9999.00 -9999.00 -9999.00 -9999.00 -9999.00 -9999.00 8.31 8.98 5.18 4.49 5.44 4.67 2.91 2.35 1.90 1.66 1.55 2.61 2.56 2.89 3.76 4.32 6.97 9.74 8.05 8.45 8.27 -9999.00 -9999.00 -9999.00 -9999.00 -9999.00 -9999.00 -9999.00 -9999.00 -9999.00 -9999.00 -9999.00 -9999.00 -9999.00 2.64 2.50 2.45 2.39 0.00 0.00 0.00 0.00 0.00 0.00 0.00 0.00 0.00 0.00 0.00 0.00 1.33 1.25 1.20 1.19 1.20 1.17 -9999.00 -9999.00 -9999.00 -9999.00
-9999.00 -9999.00 -9999.00 -9999.00 -9999.00 -9999.00 -9999.00 -9999.00 -9999.00 -9999.00 -9999.00 -9999.00 -9999.00 8.66 7.35 4.62 3.87 3.75 3.14 2.30 2.18 1.90 1.72 1.67 2.93 3.19 3.42 3.71 3.94 5.29 7.38 9.03 9.57 10.02 9.94 9.82 -9999.00 -9999.00 -9999.00 -9999.00 -9999.00 -9999.00 3.92 3.21 -9999.00 -9999.00 2.53 2.45 2.39 2.30 2.23 2.16 0.00 0.00 0.00 0.00 0.00 0.00 0.00 0.00 0.00 0.00 0.00 0.00 0.00 0.00 0.00 0.00 0.00 -9999.00 -9999.00 -9999.00 -9999.00
-9999.00 -9999.00 -9999.00 -9999.00 -9999.00 -9999.00 -9999.00 -9999.00 -9999.00 -9999.00 -9999.00 -9999.00 9.16 8.27 6.20 4.58 3.84 3.36 2.63 2.39 2.17 2.00 1.80 1.98 2.35 3.31 4.21 5.28 4.40 4.75 4.52 7.16 9.97 10.73 10.41 11.18 15.74 12.96 8.62 6.27 -9999.00 4.99 5.25 4.76 3.86 3.14 2.51 2.39 2.28 2.20 2.08 2.00 1.92 0.00 0.00 0.00 0.00 0.00 0.00 0.00 0.00 0.00 0.00 0.00 0.00 0.00 0.00 0.00 0.00 -9999.00 -9999.00 -9999.00 -9999.00
-9999.00 -9999.00 -9999.00 -9999.00 -9999.00 -9999.00 -9999.00 -9999.00 -9999.00 -9999.00 -9999.00 -9999.00 10.49 8.54 6.57 5.14 4.29 3.45 2.87 2.50 2.30 2.11 1.94 1.87 3.17 4.13 4.57 4.76 4.74 4.02 3.44 4.48 7.46 8.66 8.96 9.78 17.95 17.57 15.10 7.21 5.98 5.51 7.47 7.69 7.25 3.59 2.76 2.43 2.29 2.08 1.92 1.83 1.75 0.00 0.00 0.00 0.00 0.00 0.00 0.00 0.00 0.00 0.00 0.00 0.00 0.00 0.00 0.00 0.00 0.00 0.00 -9999.00 -9999.00
-9999.00 -9999.00 -9999.00 -9999.00 -9999.00 -9999.00 -9999.00 -9999.00 -9999.00 -9999.00 -9999.00 21.42 13.82 11.47 7.64 6.13 4.80 3.60 3.15 2.65 2.44 2.29 2.13 2.10 2.55 3.67 4.27 4.59 4.85 3.94 3.05 3.56 3.88 5.02 6.19 7.96 12.60 10.61 11.15 7.72 6.82 5.52 8.30 8.52 8.84 5.70 2.82 2.48 2.35 2.03 1.80 1.67 1.58 0.00 0.00 0.00 0.00 0.00 0.00 0.00 0.00 0.00 0.00 0.00 0.00 0.00 0.00 0.00 0.00 0.00 0.00 0.00 0.00
-9999.00 -9999.00 -9999.00 -9999.00 -9999.00 -9999.00 -9999.00 -9999.00 -9999.00 -9999.00 38.31 28.81 20.47 13.17 9.38 6.31 5.01 4.28 3.39 2.93 2.72 2.61 2.77 2.58 2.68 3.00 3.22 3.95 4.20 3.22 2.38 3.21 3.97 4.73 5.50 7.66 7.84 5.79 6.42 6.56 6.27 5.40 5.91 6.77 6.80 6.44 3.40 2.61 2.20 1.97 1.66 1.50 0.00 0.00 0.00 0.00 0.00 0.00 0.00 1.06 1.06 0.97 0.90 0.82 0.00 0.00 0.00 0.00 0.00 0.00 0.00 0.00 0.00
-9999.00 -9999.00 -9999.00 -9999.00 -9999.00 -9999.00 -9999.00 -9999.00 -9999.00 -9999.00 44.14 38.00 25.03 16.82 10.68 6.58 4.88 4.33 3.62 3.41 3.41 3.29 5.05 4.61 3.72 3.74 2.95 3.13 2.85 3.00 3.23 7.36 5.67 6.96 6.80 8.24 7.11 5.64 5.51 4.75 4.86 5.38 4.98 5.63 4.85 4.76 3.60 2.56 2.20 1.72 1.53 1.38 0.00 0.00 0.00 0.00 1.14 1.13 1.08 1.03 0.95 0.87 0.80 0.74 0.00 0.00 0.00 0.00 0.00 0.00 0.00 0.00 0.00
-9999.00 -9999.00 -9999.00 -9999.00 -9999.00 -9999.00 -9999.00 -9999.00 -9999.00 -9999.00 41.64 41.81 30.68 18.83 12.66 7.35 5.28 4.17 3.55 3.61 3.84 6.92 9.28 9.49 8.82 8.95 5.66 3.33 2.97 3.21 9.57 15.25 14.92 16.61 14.26 12.51 10.76 7.66 6.07 4.26 3.86 4.63 5.07 4.91 4.10 3.86 3.03 2.31 1.83 1.61 1.47 1.32 1.27 1.21 1.17 1.16 1.16 1.03 1.00 0.96 0.93 0.92 0.77 0.00 0.00 0.00 0.00 0.00 0.00 0.00 0.00 0.00 0.00
-9999.00 -9999.00 -9999.00 -9999.00 -9999.00 -9999.00 -9999.00 -9999.00 -9999.00 -9999.00 41.43 35.67 29.54 18.89 12.18 7.04 5.27 4.06 3.65 3.45 3.60 6.21 11.43 16.71 13.78 14.31 8.40 4.26 3.02 3.73 10.98 19.45 24.85 27.10 33.60 27.58 19.57 12.92 8.20 4.61 4.05 4.07 3.99 4.25 4.40 3.66 2.45 1.86 1.66 1.48 1.46 1.29 1.28 1.21 1.19 1.15 1.13 1.07 0.94 0.87 0.82 0.82 0.72 0.00 0.00 0.00 0.00 0.00 0.00 0.00 0.00 0.00 0.00
-9999.00 -9999.00 -9999.00 -9999.00 -9999.00 -9999.00 -9999.00 -9999.00 33.82 44.34 41.60 34.22 21.64 12.86 8.49 6.30 4.37 4.01 3.70 3.58 3.52 4.10 6.71 9.17 12.33 17.83 10.58 4.57 3.24 2.92 7.93 12.76 20.83 39.15 51.89 44.05 29.09 15.35 9.28 4.97 4.24 3.61 3.46 4.02 4.03 4.10 2.17 1.70 1.51 1.26 1.21 1.19 1.17 1.20 1.15 1.10 1.03 0.95 0.87 0.81 0.74 0.71 0.66 0.00 0.00 0.00 0.00 0.00 0.00 0.00 0.00 0.00 0.00
-9999.00 -9999.00 -9999.00 -9999.00 -9999.00 -9999.00 -9999.00 -9999.00 33.56 40.39 34.38 27.62 19.53 10.63 6.74 5.04 4.29 4.07 3.95 3.82 3.68 3.84 4.14 4.61 6.57 11.50 9.23 3.94 3.31 2.86 4.21 11.30 17.06 32.44 52.75 47.82 29.20 14.96 9.08 5.12 3.97 3.36 3.18 3.24 3.36 2.63 2.21 2.12 1.55 1.22 1.08 1.12 1.13 1.14 1.15 1.05 0.98 0.84 0.79 0.71 0.68 0.68 0.55 0.00 0.00 0.00 0.00 0.00 0.00 0.00 0.00 0.00 0.00
-9999.00 -9999.00 -9999.00 -9999.00 -9999.00 -9999.00 -9999.00 6.43 14.04 24.27 18.19 15.73 12.27 7.96 5.93 4.85 4.43 4.33 4.20 4.06 3.90 4.38 4.37 4.62 5.32 6.30 6.02 3.47 2.78 2.91 4.32 9.34 15.19 23.15 38.45 54.09 35.91 17.82 7.76 4.51 3.65 2.74 2.34 2.37 2.04 1.92 2.06 2.31 1.63 1.13 0.93 1.13 1.08 1.05 1.02 0.92 0.85 0.76 0.77 0.70 0.66 0.72 0.53 0.00 0.00 0.00 0.00 0.00 0.00 0.00 0.00 0.00 0.44
-9999.00 -9999.00 -9999.00 -9999.00 -9999.00 -9999.00 8.45 7.92 8.97 8.60 8.17 7.78 7.63 6.33 5.37 5.11 4.68 4.57 4.43 4.28 4.11 5.09 5.17 6.47 8.05 6.53 5.96 3.92 2.95 3.16 4.01 5.73 10.75 19.27 36.90 53.44 37.42 17.07 5.38 3.60 2.79 2.35 1.90 1.78 1.56 1.32 1.23 1.71 1.52 0.00 0.00 0.90 0.93 0.98 0.89 0.79 0.76 0.63 0.87 0.91 0.87 0.77 0.56 0.00 0.00 0.00 0.00 0.00 0.00 0.00 0.42 0.47 0.47
-9999.00 -9999.00 -9999.00 -9999.00 -9999.00 -9999.00 16.04 12.26 8.44 6.65 5.65 5.47 5.64 5.61 5.59 5.42 4.91 4.79 4.64 4.48 5.04 5.09 6.20 8.36 11.72 10.70 8.56 6.16 4.27 3.51 3.44 3.95 4.87 12.26 30.08 30.71 15.34 8.82 4.12 2.95 2.30 2.02 1.70 1.33 1.26 1.16 0.00 0.00 0.00 0.00 0.00 0.00 0.73 0.76 0.66 0.00 0.00 0.00 0.71 0.68 0.66 0.82 0.94 0.00 0.00 0.00 0.00 0.00 0.00 0.00 0.46 0.51 0.53
-9999.00 -9999.00 -9999.00 -9999.00 -9999.00 -9999.00 19.59 10.70 7.68 6.03 5.59 5.50 5.46 5.48 5.52 5.23 5.12 4.99 4.83 4.66 4.99 5.20 6.03 10.12 14.14 15.06 12.46 9.17 4.76 3.16 2.88 2.99 2.79 5.32 12.82 11.80 5.59 3.95 2.61 1.81 1.59 1.49 1.21 1.07 0.00 0.00 0.00 0.00 0.00 0.00 0.00 0.00 0.00 0.00 0.00 0.00 0.00 0.00 0.00 0.00 0.00 0.51 0.48 0.00 0.00 0.00 0.00 0.43 0.47 0.44 0.54 0.55 0.60
-9999.00 -9999.00 -9999.00 -9999.00 -9999.00 -9999.00 12.73 7.47 6.08 5.88 5.80 5.71 5.60 5.57 5.51 5.42 5.30 5.16 5.00 4.82 4.81 5.46 6.69 9.44 14.86 15.15 16.81 12.03 7.01 3.62 2.59 2.44 2.52 3.18 4.46 3.60 2.74 2.16 1.76 1.43 1.28 1.18 1.10 0.00 0.00 0.00 0.00 0.00 0.00 0.00 0.00 0.00 0.00 0.00 0.00 0.00 0.00 0.00 0.00 0.00 0.00 0.00 0.00 0.00 0.00 0.00 0.41 0.44 0.51 0.56 0.66 0.70 0.71
-9999.00 -9999.00 -9999.00 6.22 7.56 8.73 8.25 7.15 6.58 6.24 6.02 5.96 5.95 5.74 5.67 5.58 5.45 5.30 5.13 4.94 5.04 5.26 7.20 9.08 12.07 11.87 14.59 11.89 7.80 4.13 2.87 2.45 2.33 2.19 2.18 2.13 1.72 1.62 1.46 1.31 1.20 0.00 0.00 0.00 0.00 0.00 0.00 0.00 0.00 0.00 0.00 0.00 0.00 0.00 0.00 0.00 0.00 0.00 0.00 0.00 0.00 0.00 0.00 0.00 0.00 0.00 0.46 0.52 0.58 0.63 0.69 0.73 0.75
-9999.00 -9999.00 8.63 12.66 13.00 10.72 8.30 6.49 6.44 6.24 6.15 6.18 6.13 6.01 5.80 5.70 5.57 5.41 5.24 5.04 5.27 6.20 6.91 8.50 10.18 15.34 12.42 7.88 4.34 3.37 2.81 2.64 2.38 2.14 1.99 1.92 1.73 1.55 1.41 0.00 0.00 0.00 0.00 0.00 0.00 0.00 0.00 0.00 0.00 0.00 0.00 0.00 0.00 0.00 0.00 0.00 0.00 0.00 0.00 0.00 0.00 0.00 0.00 0.46 0.46 0.50 0.55 0.64 0.76 0.80 0.84 0.94 0.94
-9999.00 6.38 11.33 19.87 17.84 12.36 7.72 6.76 6.94 7.00 7.60 6.99 6.52 6.13 5.89 5.78 5.65 5.49 5.31 5.10 5.06 5.14 5.87 7.00 9.61 13.17 12.90 7.57 4.88 4.01 3.22 3.02 2.72 2.46 2.24 2.17 1.88 1.66 1.44 1.24 0.00 0.00 0.00 0.00 0.00 0.00 0.00 0.00 0.00 0.00 0.00 0.00 0.00 0.00 0.00 0.00 0.00 0.00 0.00 0.00 0.00 0.00 0.46 0.53 0.57 0.65 0.68 0.76 0.83 0.84 0.88 1.00 1.73
4.71 5.76 10.22 17.67 16.15 11.10 7.51 7.06 7.31 8.60 8.82 8.42 7.16 6.28 5.93 5.83 5.69 5.53 5.34 5.13 4.90 5.19 5.44 6.26 7.47 10.96 12.18 6.92 5.07 4.40 3.72 3.57 3.40 3.05 2.73 2.47 2.10 1.73 1.48 1.23 0.96 0.87 0.00 0.00 0.00 0.00 0.00 0.00 0.00 0.00 0.00 0.00 0.00 0.00 0.00 0.00 0.00 0.00 0.00 0.00 0.00 0.47 0.49 0.60 0.65 0.74 1.05 1.16 1.21 1.22 1.28 1.28 1.34
5.19 5.85 8.63 11.17 12.45 10.89 9.54 9.00 10.16 12.75 10.09 8.49 7.09 6.35 5.94 5.83 5.69 5.52 5.33 5.12 4.89 5.47 5.61 6.45 7.67 11.24 11.60 7.65 6.68 5.26 4.17 4.09 3.74 3.50 3.18 2.54 2.08 1.74 1.43 1.21 1.02 0.85 0.78 0.00 0.00 0.00 0.00 0.00 0.00 0.00 0.00 0.00 0.00 0.00 0.00 0.00 0.00 0.00 0.00 0.50 0.68 0.63 0.73 0.82 0.88 1.00 1.10 0.93 0.96 0.95 0.99 0.95 0.96
5.25 5.43 7.18 7.61 9.91 10.86 11.45 12.60 14.41 17.62 12.48 8.35 6.79 6.13 5.91 5.80 5.66 5.49 5.29 5.08 4.85 5.66 6.92 8.12 11.86 13.79 17.57 15.02 11.52 7.45 6.48 5.21 4.16 3.67 3.12 2.37 1.95 1.65 1.34 1.16 1.02 0.93 0.75 0.69 0.64 0.00 0.00 0.00 0.00 0.00 0.00 0.00 0.00 0.00 0.00 0.00 0.00 0.56 0.60 0.65 0.60 0.63 0.68 0.74 0.81 0.86 0.92 0.95 0.93 1.00 1.01 1.00 1.02
8.29 5.12 5.51 6.38 7.05 8.53 12.31 17.14 26.14 19.66 13.31 7.77 6.32 6.02 5.84 5.72 5.58 5.41 5.21 5.00 5.42 5.52 9.14 12.19 19.90 26.70 30.70 24.45 17.70 11.64 10.41 6.36 4.74 3.90 2.96 2.35 1.90 1.60 1.33 1.15 1.02 0.91 0.88 0.82 0.61 0.58 0.54 0.00 0.00 0.00 0.00 0.00 0.00 0.00 0.00 0.00 0.00 0.53 0.54 0.58 0.62 0.67 0.72 0.81 0.88 0.88 0.94 0.99 1.00 1.05 1.02 1.04 1.04
10.86 5.50 5.00 5.50 6.14 7.29 11.40 19.60 23.74 18.87 10.22 6.58 6.07 5.81 5.73 5.61 5.47 5.30 5.10 4.92 5.62 6.27 9.59 13.74 20.69 40.10 56.18 42.43 27.36 17.97 12.50 6.62 5.07 3.77 2.86 2.31 1.89 1.48 1.29 1.13 1.03 0.93 0.87 0.80 0.70 0.67 0.65 0.62 0.59 0.00 0.00 0.00 0.00 0.00 0.00 0.56 0.59 0.62 0.66 0.64 0.70 0.77 0.81 0.88 0.92 0.96 0.96 0.98 1.05 1.07 1.06 1.11 1.15
8.85 7.02 5.51 5.51 6.37 7.25 12.07 20.18 18.18 12.23 8.05 6.18 5.72 5.66 5.58 5.46 5.32 5.15 5.15 4.92 5.18 6.32 7.75 16.95 24.18 54.06 64.40 52.49 31.84 18.95 8.72 5.30 4.04 3.13 2.45 2.05 1.64 1.41 1.23 1.08 0.97 0.89 0.84 0.79 0.75 0.72 0.71 0.68 0.66 0.63 0.56 0.00 0.00 0.00 0.59 0.60 0.65 0.67 0.71 0.73 0.83 0.87 0.91 0.99 1.01 1.03 1.06 1.05 1.08 1.13 1.13 1.17 1.21
6.51 6.75 5.86 5.93 6.14 6.90 7.73 14.62 10.74 8.44 6.34 5.86 5.54 5.48 5.40 5.28 5.14 5.26 5.10 5.13 5.48 7.61 10.97 17.03 22.77 45.17 52.35 38.61 19.03 12.08 6.46 4.90 3.65 2.91 2.37 1.94 1.62 1.42 1.18 1.03 0.96 0.87 0.81 0.77 0.76 0.73 0.73 0.71 0.69 0.68 0.65 0.56 0.00 0.60 0.64 0.66 0.73 0.77 0.80 0.82 0.88 0.94 0.97 1.01 1.03 1.04 1.05 1.07 1.12 1.18 1.19 1.23 1.31
7.33 6.31 6.10 5.78 5.66 5.98 6.90 9.62 7.68 6.47 5.84 5.47 5.33 5.27 5.19 5.07 5.10 5.35 5.16 5.48 6.45 8.06 11.73 14.40 21.39 37.34 46.78 37.30 16.13 9.99 6.32 4.33 3.41 2.72 2.18 1.76 1.48 1.31 1.10 0.98 0.94 0.90 0.87 0.93 0.90 0.83 0.83 0.85 1.17 0.99 0.78 0.70 0.71 0.74 0.75 0.76 0.82 0.84 0.87 0.91 0.97 1.01 1.04 1.05 1.13 1.13 1.11 1.16 1.20 1.26 1.29 1.30 1.38
