dati/cumulata_oraria_prisma_2018052820.txt
ncols        251
nrows        249
xllcorner         436000.00000
yllcorner        4918000.00000
cellsize           1000.00000
NODATA_value          -9999.00000
[rows 128 to 159 of 249, columns 73 to 145 of 251]
0.18 0.29 0.23 0.23 0.24 0.26 0.32 0.39 0.61 0.76 0.88 1.11 0.81 0.71 0.75 0.85 0.96 0.92 0.95 1.02 1.33 1.38 1.56 1.33 1.37 1.36 1.86 2.70 2.88 2.74 2.38 2.55 4.33 5.32 7.66 9.48 8.52 7.93 7.82 8.10 5.45 3.38 2.89 1.70 1.82 1.56 1.77 1.98 2.04 2.55 2.88 3.90 3.27 4.06 3.24 3.80 5.15 3.35 3.84 3.90 3.95 4.16 4.40 4.43 4.45 4.55 4.50 4.93 5.11 5.04 4.60 4.48 4.47
0.34 0.35 0.26 0.26 0.27 0.31 0.41 0.69 0.91 0.85 0.95 1.01 0.87 0.83 0.87 0.95 1.05 1.10 1.22 1.24 1.40 1.30 1.52 1.64 1.65 1.74 2.41 2.78 2.36 2.56 2.15 2.41 2.46 4.44 4.75 8.07 6.55 6.14 6.02 6.43 4.54 3.48 2.56 2.35 1.80 1.98 2.09 2.49 2.87 2.72 3.36 4.36 5.20 5.04 6.81 6.80 5.90 7.99 5.93 4.19 4.45 4.90 4.71 4.68 4.80 4.67 4.68 4.93 5.39 5.08 5.13 5.15 4.59
0.37 0.39 0.30 0.25 0.29 0.36 0.53 0.73 1.04 1.23 1.32 1.16 1.24 1.01 0.96 1.04 1.12 1.32 1.43 1.51 1.42 1.52 1.56 1.69 1.90 2.39 2.82 3.43 3.11 2.44 2.29 2.23 2.75 2.64 4.15 3.46 5.31 3.28 4.50 3.93 3.20 2.65 2.39 1.93 1.89 2.03 2.50 2.84 3.10 3.73 3.79 4.19 6.06 6.77 8.19 10.82 10.76 8.24 8.07 7.70 5.01 5.27 5.26 4.91 5.17 5.23 5.21 5.31 5.02 5.16 5.45 5.08 5.09
0.38 0.41 0.35 0.33 0.37 0.46 0.47 0.79 1.35 2.51 2.70 2.43 1.68 1.60 1.45 1.34 1.30 1.57 1.75 1.71 2.01 2.01 2.06 1.92 2.03 2.41 3.26 3.93 4.92 3.78 3.38 2.55 3.02 2.62 3.02 2.82 2.39 2.60 2.27 2.68 2.29 2.41 2.45 2.29 2.01 2.20 2.66 3.09 3.61 4.56 4.76 4.21 5.22 6.91 6.56 9.23 10.48 8.95 7.56 7.70 7.16 5.37 5.86 6.27 5.60 5.49 5.11 4.94 5.36 5.49 5.61 5.22 5.10
0.35 0.57 0.45 0.53 0.57 0.58 0.64 0.92 1.42 3.08 4.40 5.13 2.46 2.36 1.86 1.80 1.94 2.09 2.48 2.51 2.44 2.49 2.41 2.16 2.13 2.16 3.10 3.87 5.22 6.06 4.13 5.47 3.78 4.43 3.86 4.23 2.60 2.84 2.19 2.11 2.40 2.76 2.67 2.69 3.52 2.50 3.06 3.49 4.27 4.69 5.06 5.30 4.67 5.16 6.27 5.91 6.77 8.08 7.36 7.23 7.08 6.68 7.33 6.68 6.61 6.33 5.27 5.09 5.25 5.80 5.79 5.54 5.36
0.47 0.71 0.74 0.85 0.82 0.93 1.00 0.85 1.23 3.15 6.56 6.53 5.59 3.41 2.15 2.14 2.58 2.82 3.40 3.75 3.49 3.27 2.61 2.54 2.29 2.42 2.55 3.56 3.74 7.39 7.33 6.22 6.71 6.79 6.41 5.02 6.01 3.19 3.63 2.62 3.06 3.01 3.11 3.18 3.98 4.39 3.28 3.61 4.29 4.25 4.82 5.46 5.26 5.33 5.72 5.67 5.54 5.73 7.41 7.07 7.18 7.16 7.64 8.20 6.51 6.55 6.50 5.48 5.40 5.23 5.06 5.57 5.37
0.44 0.71 0.92 0.94 1.27 1.74 1.21 1.26 1.47 1.93 4.69 6.15 6.55 3.59 2.62 2.82 3.34 3.92 4.60 5.14 5.88 4.86 4.60 3.35 2.78 2.42 2.60 2.87 4.00 4.67 7.40 7.51 9.15 9.02 10.00 10.14 6.98 7.82 4.16 4.14 2.85 3.03 3.33 3.73 4.01 4.68 5.04 4.04 4.57 4.72 4.96 5.99 5.99 5.57 5.87 5.93 5.64 6.76 7.50 7.16 7.03 7.89 8.45 8.65 8.04 6.77 6.24 6.22 6.09 5.33 5.26 5.09 5.48
0.42 0.60 0.74 1.02 1.19 2.82 2.47 1.68 1.41 1.97 2.95 2.94 2.86 2.51 2.59 3.28 3.98 5.21 6.31 6.92 8.19 7.65 6.35 4.66 3.83 2.67 2.72 3.02 3.38 3.88 5.87 7.26 8.49 10.81 11.27 12.48 11.59 8.26 7.54 4.17 4.49 3.15 3.06 4.11 4.29 4.66 6.19 6.60 4.92 5.42 5.93 6.29 5.45 5.73 6.22 6.07 6.19 7.21 6.82 7.06 7.66 8.72 9.31 8.28 8.73 9.05 8.83 6.38 6.26 6.00 5.25 5.32 5.12
0.43 0.70 0.72 0.86 1.43 2.51 3.56 2.72 2.53 2.21 2.20 2.30 2.43 2.65 2.93 3.73 5.92 7.54 8.92 7.57 8.08 9.11 8.28 6.28 4.33 4.42 2.93 3.07 3.34 3.88 4.14 5.23 6.08 8.77 11.21 12.89 15.07 12.44 9.60 8.41 4.92 4.58 2.95 3.35 4.24 4.10 5.04 6.82 6.66 5.79 6.37 6.90 7.18 6.01 6.82 7.05 6.58 6.86 7.22 7.37 8.26 8.40 8.55 9.55 9.88 8.96 8.75 8.62 6.20 5.91 5.81 5.72 5.18
0.48 0.61 0.95 1.09 1.31 1.52 3.51 3.42 3.27 3.63 3.45 2.88 2.58 2.81 3.34 3.76 6.05 8.25 9.77 9.23 8.98 11.63 11.47 7.59 7.27 4.27 3.83 3.31 3.35 3.51 4.04 4.63 5.44 5.39 9.78 10.96 14.45 16.06 12.64 10.99 8.78 4.57 4.53 3.69 3.63 4.49 4.50 5.19 6.60 7.11 6.65 7.27 7.69 8.36 6.91 7.42 7.89 6.98 7.51 7.83 8.30 8.77 8.99 9.92 10.34 9.86 8.67 9.50 10.52 10.33 5.94 5.78 5.49
0.51 0.66 0.92 1.04 1.17 1.70 2.28 3.31 4.92 5.09 4.33 3.76 3.52 3.16 3.57 4.09 5.15 8.70 10.45 12.86 11.96 11.86 11.33 10.31 9.46 6.82 4.77 3.86 3.52 3.65 3.76 5.26 5.35 5.95 7.61 9.85 8.80 14.61 13.96 10.94 8.22 6.59 4.55 4.35 3.76 4.26 4.74 5.14 5.62 7.13 7.26 7.30 7.62 9.12 9.45 8.62 8.22 8.82 7.66 8.49 9.04 8.92 8.92 8.62 9.88 9.65 9.66 9.59 9.89 8.81 8.28 5.69 6.04
0.55 0.60 0.66 1.12 1.37 1.41 1.66 2.58 4.42 6.10 6.78 5.56 4.83 3.52 4.00 4.18 6.49 8.29 10.17 12.04 12.01 12.86 13.29 13.56 12.23 11.23 5.04 5.06 4.33 4.67 3.81 3.73 5.43 5.56 8.15 7.61 9.12 9.23 13.09 10.39 7.97 7.63 5.90 4.24 4.10 5.63 5.91 5.39 5.87 6.83 7.51 7.91 7.29 7.46 9.45 10.05 10.20 9.05 9.83 9.75 9.09 9.41 8.40 8.69 8.86 8.65 9.60 8.65 8.24 8.43 8.15 7.83 6.21
0.82 0.70 0.71 1.19 1.21 1.47 1.47 1.86 3.19 4.37 5.41 5.21 5.32 4.42 4.25 4.22 5.82 6.71 10.01 10.19 12.82 14.69 15.30 14.18 13.52 10.48 9.45 5.56 5.34 4.79 4.44 3.98 4.73 5.82 6.33 7.43 7.44 8.75 8.06 10.67 10.91 7.43 7.25 5.14 4.57 4.81 7.09 7.12 6.56 7.09 7.40 8.10 7.10 7.53 7.73 9.93 10.42 10.32 10.49 10.35 10.16 9.47 9.38 9.38 8.73 8.50 8.45 8.31 7.87 7.28 7.98 7.60 7.50
1.04 0.81 0.76 1.00 1.14 1.43 1.51 1.72 1.82 2.86 3.45 3.94 4.79 4.88 4.21 4.49 4.53 6.19 7.30 8.96 11.04 12.56 13.31 11.68 11.43 10.94 9.85 7.66 5.44 4.95 4.87 4.38 4.16 5.16 5.09 6.22 7.92 7.66 8.43 8.92 10.84 10.12 6.50 6.37 5.34 4.58 4.86 7.81 7.99 7.27 8.40 9.19 8.55 7.51 7.75 8.32 10.19 10.28 10.39 9.88 9.99 11.36 9.33 8.45 8.53 8.35 8.44 8.09 7.44 7.06 8.65 9.07 6.78
1.41 1.19 1.07 0.81 0.97 1.29 1.46 1.63 1.96 2.23 2.51 3.66 4.16 4.68 5.06 5.84 5.73 6.17 6.49 7.74 7.43 11.36 10.37 10.24 10.13 11.67 10.06 9.37 6.31 5.02 4.59 4.37 4.36 4.32 4.78 4.51 7.72 7.18 8.47 8.62 9.63 9.75 9.55 6.42 5.23 4.87 5.71 5.95 8.26 9.42 9.04 9.87 8.67 9.48 9.24 7.94 8.68 10.19 9.99 10.80 11.15 11.48 11.73 8.40 9.11 9.02 8.36 8.13 7.82 7.48 8.60 7.14 7.94
1.51 1.48 1.52 0.86 0.96 1.14 1.39 1.68 1.87 2.06 2.56 2.99 3.63 5.03 5.58 6.72 6.87 7.05 7.15 7.07 7.26 8.07 7.75 8.21 9.16 11.00 10.43 9.00 9.28 5.23 5.57 4.30 4.34 4.22 3.78 4.96 4.87 6.81 6.45 8.80 8.97 9.53 9.90 9.26 5.26 5.57 5.85 5.74 5.96 10.12 10.63 10.52 10.89 10.00 10.43 9.59 9.26 10.06 10.60 11.77 12.90 11.26 11.78 12.36 9.42 8.67 9.43 8.31 7.79 7.90 7.55 7.79 7.99
1.62 1.87 1.70 1.04 1.00 1.01 1.18 1.56 1.76 2.14 2.60 2.69 3.67 4.39 5.27 6.09 6.89 7.39 7.44 7.60 7.38 8.07 7.77 8.35 9.43 9.20 9.26 9.13 8.24 7.03 5.68 4.91 4.10 4.07 3.86 3.75 4.43 4.35 7.34 7.35 9.08 9.14 9.27 9.64 10.06 6.13 5.99 5.91 6.74 7.26 11.23 12.11 11.65 12.89 10.60 12.19 12.84 10.21 10.99 12.75 13.10 13.38 11.60 13.42 14.01 9.24 10.63 12.33 12.71 7.88 8.08 7.56 8.11
1.43 1.77 1.66 1.18 1.16 1.15 1.25 1.44 1.98 2.24 2.74 2.67 3.14 3.68 5.62 5.81 6.90 7.51 7.59 7.85 8.13 9.72 9.80 8.68 8.76 8.85 8.96 8.87 7.91 7.44 6.05 5.29 4.49 4.14 3.88 3.49 3.84 4.42 3.85 5.87 5.63 9.09 9.81 10.09 9.39 8.33 4.89 4.82 6.66 6.21 5.70 12.13 12.59 13.20 14.84 12.17 13.04 14.34 11.11 11.18 11.33 13.88 15.10 16.12 13.98 14.32 14.93 12.73 13.04 15.18 7.68 7.49 7.03
1.10 1.52 1.72 1.56 1.50 1.30 1.37 1.53 1.94 2.26 2.96 2.99 3.18 3.61 4.32 5.67 6.94 8.08 7.70 7.89 8.20 8.97 9.33 9.77 10.51 8.53 9.22 8.05 7.55 7.09 5.48 5.07 4.77 3.96 3.85 3.30 3.35 3.83 3.55 4.73 5.61 4.83 9.05 6.92 8.24 7.75 5.08 4.43 4.26 6.08 6.85 8.37 11.93 14.77 15.01 15.46 13.76 14.27 13.86 10.99 11.66 13.01 15.86 16.91 17.56 14.61 16.12 17.77 14.88 14.59 13.41 7.19 6.56
1.00 1.43 1.63 2.08 1.79 1.66 1.37 1.66 1.95 2.29 2.78 2.93 3.62 3.72 3.83 5.18 5.00 8.36 8.32 9.55 9.33 10.37 11.97 14.49 13.51 14.48 10.92 12.64 7.06 6.99 5.05 4.66 4.43 4.06 3.70 3.48 3.28 3.22 3.40 3.24 4.87 4.08 4.44 6.38 5.86 5.12 4.35 4.06 3.58 3.59 6.85 7.07 10.25 12.13 15.02 14.72 14.78 13.45 13.28 12.22 12.06 14.36 14.98 17.02 16.55 19.08 16.83 19.79 19.84 14.28 12.76 11.21 6.33
1.23 1.50 1.60 2.09 1.77 1.91 1.63 1.79 1.95 2.20 2.54 2.98 3.40 3.71 3.91 4.25 4.73 6.64 7.14 9.57 9.57 11.79 13.67 16.62 15.55 15.71 15.34 13.86 10.09 6.95 5.53 4.51 4.14 4.04 3.85 3.48 3.33 2.97 3.00 3.27 2.95 3.75 3.61 3.72 3.69 3.62 3.80 3.59 3.45 3.47 3.38 7.74 8.55 12.40 11.68 14.63 15.52 15.58 11.72 11.50 11.59 14.45 14.08 13.86 19.47 20.47 20.15 19.73 20.32 20.69 11.76 12.24 11.62
1.48 1.56 1.71 1.82 2.19 2.47 2.11 2.11 2.25 2.23 2.29 2.93 2.95 3.90 3.94 4.35 4.50 4.64 6.36 6.87 8.00 10.88 12.61 15.15 15.81 17.46 17.11 13.63 13.48 7.09 6.75 4.78 4.67 3.93 3.76 3.43 3.09 3.00 2.88 2.76 2.85 3.06 2.91 2.57 3.68 3.42 3.01 3.29 2.73 3.13 3.36 3.55 8.35 9.47 11.16 11.90 15.35 14.03 13.72 11.13 12.41 13.15 13.53 15.35 15.98 19.92 19.93 19.52 20.67 21.61 23.42 13.08 10.68
1.67 1.58 1.71 1.98 2.07 3.20 2.90 3.17 2.98 3.35 2.31 2.51 2.61 3.78 3.64 4.43 4.49 4.50 5.09 5.31 7.61 7.49 11.35 10.96 15.06 14.97 15.96 15.85 13.02 12.20 6.73 6.90 4.62 4.63 3.68 3.61 3.15 3.00 2.80 2.76 2.92 2.93 2.72 2.63 2.53 3.16 2.60 2.61 2.82 2.78 3.28 3.18 3.68 8.44 12.08 12.41 13.37 13.17 13.38 13.01 12.69 13.54 15.07 15.75 15.82 16.93 19.37 22.27 23.69 22.08 23.07 22.88 22.67
2.07 1.57 1.58 2.12 2.36 3.20 3.36 4.53 4.16 3.71 2.81 3.05 2.56 3.03 3.48 4.03 4.16 4.02 4.23 5.39 5.84 6.85 8.98 10.77 12.78 13.99 14.15 13.45 12.05 11.20 8.47 7.79 5.75 4.59 3.92 3.49 3.25 2.94 2.68 2.70 2.64 2.69 2.79 3.00 2.41 2.26 2.41 2.21 2.61 2.23 2.13 3.32 3.50 9.14 9.36 12.99 13.16 13.77 12.86 12.39 12.44 14.81 14.47 14.36 16.14 17.16 17.24 23.40 23.61 22.79 23.16 21.68 20.40
2.59 1.53 1.65 1.77 2.62 2.92 3.76 4.52 4.70 4.63 4.09 3.24 3.05 2.94 3.24 3.41 4.01 3.92 4.24 4.89 5.41 6.87 6.66 10.45 10.21 13.36 12.48 12.61 11.78 11.31 11.58 7.38 7.70 4.64 4.65 3.30 3.18 2.78 2.64 2.54 2.36 2.14 2.91 2.72 2.28 2.43 2.48 2.10 2.11 1.96 1.87 1.81 3.29 3.37 10.57 12.04 14.08 14.50 13.61 12.29 12.73 12.17 14.12 15.76 16.86 16.84 16.49 16.18 22.94 22.18 21.33 19.39 18.45
3.01 2.45 1.88 1.66 2.03 2.04 3.69 4.26 4.88 4.76 5.20 3.53 3.56 3.14 3.33 3.51 4.14 4.34 4.21 4.26 5.09 5.26 6.53 7.62 9.42 10.23 11.74 11.64 12.40 12.37 10.11 10.47 7.70 7.85 4.80 4.61 3.06 3.01 2.62 2.39 2.16 2.14 2.03 2.58 2.62 2.40 2.96 2.16 1.99 1.65 1.65 1.72 4.11 3.77 12.83 12.60 12.30 12.50 12.49 11.40 11.07 11.83 16.37 17.22 19.10 15.45 15.46 14.63 21.54 21.12 24.59 22.79 15.19
3.28 3.07 2.13 1.76 2.01 3.41 3.33 5.24 5.65 5.95 4.66 4.04 3.42 3.38 3.66 3.84 4.24 4.10 4.49 5.09 5.30 7.23 7.60 9.23 10.06 11.61 12.05 13.00 13.50 10.83 11.38 7.40 7.70 6.35 4.20 3.80 2.97 2.77 2.31 2.26 2.20 2.12 1.84 2.56 2.75 3.12 3.25 2.78 1.85 2.07 1.56 1.65 1.65 5.07 4.98 12.08 13.15 13.54 10.79 8.43 11.41 13.07 14.08 18.49 18.47 18.21 13.42 12.52 11.93 10.36 22.20 21.04 19.12
4.26 2.36 2.45 2.33 2.85 2.98 3.59 5.31 5.46 6.63 6.62 5.42 5.24 4.20 4.09 3.74 3.89 4.77 4.53 4.95 5.04 4.81 7.55 7.24 10.55 10.57 13.29 12.26 14.01 13.70 12.92 13.75 8.05 7.43 3.69 3.52 2.78 2.52 2.36 2.13 2.01 1.86 1.68 2.84 2.96 2.78 3.43 3.73 2.02 1.99 2.19 1.55 1.62 4.98 4.98 12.51 13.48 11.40 8.10 7.54 6.93 14.29 15.32 16.90 18.20 17.41 16.73 12.97 10.84 9.23 8.84 18.64 15.43
5.25 2.79 3.00 2.05 2.59 2.61 3.58 3.37 5.60 6.23 6.84 6.54 6.88 4.80 4.82 3.66 4.37 6.49 6.15 4.98 4.21 4.46 7.06 6.91 9.29 9.26 12.05 11.19 12.83 13.52 13.26 13.99 14.46 7.21 6.54 3.02 2.94 2.34 2.24 2.05 1.74 1.60 1.68 1.63 2.84 2.80 2.75 3.64 3.56 2.10 2.10 2.71 1.70 1.61 5.38 5.95 12.02 9.77 6.29 6.81 6.36 6.90 16.18 18.02 17.75 16.96 15.68 15.24 9.78 8.60 7.08 6.64 13.36
5.65 4.86 4.06 1.93 2.10 2.37 3.14 3.28 5.41 5.36 6.31 6.15 6.63 5.69 5.08 3.85 4.00 6.11 4.03 4.07 4.40 4.64 4.41 5.50 5.75 8.20 7.76 11.46 10.94 12.73 11.06 14.07 12.55 6.46 5.76 3.89 2.73 2.70 2.21 2.06 1.63 1.59 1.74 1.36 1.16 2.76 2.52 3.87 3.89 4.00 2.36 2.41 2.77 1.62 1.83 4.77 4.28 5.60 5.06 4.77 6.10 7.47 7.58 16.90 18.46 20.49 14.86 12.33 10.00 7.22 6.55 5.99 5.51
5.54 5.50 4.40 1.99 1.97 2.17 2.12 3.09 3.78 4.41 5.69 5.62 6.42 6.68 5.12 5.13 3.95 3.95 4.21 4.33 4.57 4.40 4.53 5.28 6.27 7.16 7.97 9.00 9.35 9.47 8.77 8.11 8.07 6.18 4.42 3.69 2.67 2.68 2.08 1.87 1.74 1.47 1.35 1.09 0.98 0.92 2.73 2.54 3.66 3.53 3.40 2.56 2.74 1.83 1.94 3.83 2.77 3.14 4.63 5.29 5.88 7.85 7.84 8.11 20.04 21.00 21.61 10.82 8.15 5.57 4.44 5.42 5.63
4.35 4.83 4.25 3.28 2.17 2.12 1.89 2.83 2.78 4.59 4.66 5.26 5.45 6.28 5.30 5.64 4.01 4.11 4.15 4.20 4.39 4.26 4.94 5.29 6.40 6.47 7.88 8.02 9.00 8.97 7.78 7.39 5.57 4.03 3.82 3.28 3.38 2.58 2.53 1.74 1.71 1.60 1.17 1.11 0.93 0.88 2.01 1.92 1.82 3.35 2.73 2.20 2.79 2.72 1.82 1.85 3.00 3.36 3.46 5.63 5.20 3.59 7.79 9.46 10.29 21.06 16.65 14.59 5.47 4.11 2.18 1.99 5.50
