dati/cumulata_oraria_prisma_2018052719.txt
ncols        251
nrows        249
xllcorner         436000.00000
yllcorner        4918000.00000
cellsize           1000.00000
NODATA_value          -9999.00000
[rows 64 to 95 of 249, columns 73 to 145 of 251]
1.00 1.15 1.21 1.29 1.37 1.53 1.72 1.91 2.06 2.13 2.26 2.09 2.00 1.93 1.93 1.89 1.90 2.04 2.37 2.58 3.29 4.06 4.93 3.87 3.45 2.45 2.58 2.75 2.81 3.01 3.52 2.97 3.44 3.81 4.36 4.49 4.77 4.71 4.82 5.18 5.78 5.47 4.91 4.68 4.36 3.99 3.28 3.32 2.95 3.04 2.89 2.57 2.54 2.41 2.30 2.48 2.67 2.77 2.89 2.85 2.90 3.05 3.30 3.46 3.96 3.86 5.05 3.80 4.74 4.95 4.13 4.23 4.25
0.94 1.04 1.07 1.16 1.28 1.38 1.41 1.56 1.68 1.79 2.13 2.37 2.35 2.39 2.52 2.47 2.43 2.47 2.81 3.51 4.51 5.46 5.74 4.24 3.31 2.50 2.79 3.01 2.41 2.31 3.19 3.32 3.53 4.07 4.54 4.76 5.12 5.07 5.18 5.87 6.14 5.41 4.76 4.87 4.55 4.18 3.63 3.42 3.20 3.00 2.95 3.08 3.22 3.17 3.41 3.41 3.84 3.70 3.83 3.79 3.60 3.66 3.56 3.47 3.98 3.79 4.81 3.89 4.67 5.39 4.13 4.12 4.12
0.94 0.97 1.00 1.07 1.13 1.21 1.24 1.38 1.54 1.93 2.49 2.98 3.30 3.49 3.24 3.24 3.34 3.54 4.29 5.15 5.40 5.68 5.70 5.47 4.47 3.89 3.29 2.72 2.41 2.02 3.08 3.43 3.54 4.18 5.06 5.12 4.98 4.93 5.37 5.90 5.75 4.94 4.63 4.65 4.01 4.04 3.65 3.51 3.14 2.82 2.92 3.06 3.12 2.92 3.41 3.93 4.28 4.39 4.18 4.14 4.38 4.28 4.09 4.17 3.90 3.89 4.55 3.95 4.64 4.85 4.07 4.00 4.02
1.00 1.01 1.04 1.06 1.06 1.09 1.11 1.30 1.60 2.03 2.78 3.55 4.51 5.15 5.00 4.75 4.89 3.86 4.67 5.25 5.28 5.43 5.91 5.75 4.68 3.50 3.06 2.41 2.19 2.16 2.97 3.59 3.92 4.64 5.18 5.32 5.10 4.96 5.58 5.69 4.88 4.49 4.43 4.12 3.57 4.33 4.27 3.56 2.95 2.97 3.16 3.12 3.04 2.93 3.35 3.77 4.13 3.99 3.86 4.08 5.65 5.81 4.29 4.10 4.17 4.05 4.80 4.59 4.03 4.14 4.01 3.99 3.94
1.01 1.03 1.01 0.97 0.97 1.00 1.09 1.37 1.80 2.17 2.63 3.65 5.31 6.12 5.81 5.38 5.53 4.74 5.41 5.61 5.68 5.96 6.63 5.87 4.22 3.10 2.99 2.34 2.07 1.89 2.58 3.95 4.45 5.00 5.21 5.52 4.98 5.18 5.46 5.41 4.77 3.88 3.74 3.82 3.84 4.46 3.76 3.13 2.68 3.04 3.07 3.14 2.89 3.12 3.28 3.63 4.07 3.93 3.63 3.86 6.51 6.74 4.22 3.94 3.65 3.79 4.02 3.87 3.82 3.92 3.88 3.82 3.72
1.03 1.02 1.02 0.96 0.99 1.13 1.39 1.64 1.99 2.00 2.41 3.00 4.37 5.64 6.62 6.68 7.01 8.02 8.33 7.54 7.70 6.69 5.20 5.74 4.27 2.71 2.71 2.38 1.99 2.02 2.21 4.02 5.19 6.25 5.05 5.19 6.35 5.57 5.02 4.63 3.91 3.69 3.45 3.55 3.57 4.11 3.67 3.29 2.79 2.80 3.09 3.08 3.00 3.07 2.98 2.90 3.01 2.95 2.98 2.94 3.86 4.09 3.11 3.10 3.27 3.32 3.50 3.63 3.61 3.60 3.54 3.53 3.47
1.21 1.13 1.11 1.11 1.24 1.60 2.03 2.16 2.18 2.23 2.71 3.13 3.79 5.09 6.90 7.33 8.17 9.84 10.45 9.98 9.31 5.49 3.21 4.47 4.08 2.40 2.40 2.56 2.62 2.69 2.40 3.76 5.89 8.42 5.25 5.53 7.65 5.69 4.66 4.10 3.72 3.33 3.18 3.53 3.47 3.96 3.67 3.49 3.07 2.92 3.05 3.12 3.20 2.86 2.94 3.03 3.30 3.15 3.18 3.32 3.27 3.24 3.46 3.51 3.47 3.42 3.54 3.62 3.64 3.65 3.70 3.70 3.62
1.56 1.36 1.35 1.50 1.92 2.64 2.94 2.57 2.53 2.73 3.48 3.98 4.64 6.25 8.58 10.28 12.00 13.98 13.01 12.28 11.09 5.54 4.24 3.06 3.17 2.10 2.28 2.48 2.87 3.16 3.44 3.40 5.06 6.31 5.20 5.78 6.52 4.73 4.14 3.68 3.28 3.05 2.88 2.98 2.96 3.28 3.26 3.60 2.99 2.78 2.75 3.11 3.19 2.91 3.07 3.16 3.52 3.19 3.31 3.43 3.47 3.26 3.47 3.43 3.47 3.40 3.51 3.54 3.58 3.58 3.59 3.60 3.51
1.95 1.71 1.73 2.37 3.10 3.89 4.01 3.06 3.02 3.42 4.26 6.13 8.37 11.29 13.67 14.11 16.40 16.42 15.65 14.95 12.50 7.83 4.17 2.97 3.08 1.97 2.29 2.48 2.41 2.86 3.40 4.95 4.56 4.13 4.84 4.95 4.52 4.07 3.30 3.05 2.50 2.40 2.21 2.40 2.46 2.62 2.87 3.19 2.77 2.67 2.73 2.92 3.16 2.97 3.13 3.30 3.39 3.22 3.26 3.38 3.33 3.25 3.31 3.35 3.37 3.38 3.45 3.50 3.57 3.57 3.57 3.55 3.53
2.55 2.18 2.73 4.74 5.39 5.48 4.30 3.11 3.33 4.38 6.20 10.69 13.64 14.18 16.79 16.81 16.63 17.65 19.33 16.37 11.41 7.52 5.06 3.49 3.03 2.38 2.37 2.48 2.60 2.84 2.88 3.25 3.14 3.78 4.40 4.24 3.86 3.46 3.20 2.61 2.10 1.96 2.12 2.20 2.29 2.54 3.04 2.79 2.53 2.44 2.63 2.73 2.63 2.33 2.32 2.39 2.45 2.38 2.44 2.42 2.42 2.44 2.52 2.63 2.70 2.93 2.99 3.15 3.26 3.16 3.17 3.21 3.22
3.45 3.91 6.87 7.38 6.72 4.92 3.33 3.23 4.89 6.23 9.88 15.18 18.08 17.96 16.72 16.54 16.59 17.92 16.83 12.70 9.08 5.90 3.90 2.95 2.79 2.56 2.72 3.00 2.39 2.80 2.93 2.80 2.90 3.18 3.32 3.34 2.95 2.63 2.17 1.73 1.73 1.68 1.78 2.20 2.42 2.57 3.06 2.96 2.57 2.75 2.81 2.73 2.17 2.24 2.35 2.44 2.47 2.42 2.50 2.57 2.64 2.63 2.65 2.73 2.68 2.73 2.75 2.80 2.86 2.85 2.84 2.82 2.81
5.94 7.19 9.69 8.47 6.53 4.58 3.78 3.81 6.82 11.54 16.17 18.11 16.79 15.18 14.12 16.70 17.80 15.83 11.57 7.48 6.30 3.78 3.13 2.99 2.79 2.77 3.29 3.26 2.86 2.72 2.65 2.71 3.00 3.18 3.16 3.35 2.83 2.41 1.99 1.81 1.69 1.65 1.58 1.75 1.84 2.14 2.34 2.30 2.43 2.55 2.46 2.63 2.32 2.25 2.41 2.47 2.36 2.48 2.56 2.79 2.81 2.89 3.04 3.14 3.20 3.28 3.31 3.35 3.34 3.39 3.30 3.20 3.20
7.75 9.53 10.32 8.72 6.24 5.18 4.42 4.18 6.24 10.88 14.82 15.94 15.08 11.92 13.68 17.31 16.92 12.83 6.95 5.96 4.82 3.56 3.31 3.17 3.08 3.29 3.58 3.11 2.95 2.58 2.29 2.54 3.20 3.09 3.39 3.14 2.28 2.08 1.96 1.81 1.91 1.86 1.98 2.04 1.96 2.06 2.44 2.78 2.67 2.60 2.44 2.29 2.61 2.28 2.48 2.61 2.50 2.63 2.68 2.99 3.08 3.19 3.18 3.16 3.24 3.30 3.33 3.34 3.34 3.37 3.25 3.13 3.13
8.76 9.30 11.49 11.25 8.02 5.82 5.01 4.59 5.39 8.34 11.39 13.67 13.87 16.06 16.75 18.35 16.82 7.99 4.73 4.71 2.43 3.26 3.96 3.61 3.33 3.74 3.43 2.71 2.74 2.62 2.37 2.49 3.68 2.90 3.15 2.66 2.15 1.99 1.95 2.10 2.04 2.10 2.06 2.16 2.18 2.69 3.06 3.20 2.79 2.44 2.21 2.24 2.38 2.12 2.03 2.15 2.16 2.33 2.56 2.64 2.85 2.95 3.06 3.15 3.26 3.31 3.59 3.52 3.47 3.56 3.40 3.34 3.29
11.75 14.86 15.66 13.52 8.30 6.42 5.65 4.88 4.53 5.67 8.72 9.41 12.61 19.56 19.23 18.12 9.67 3.36 3.28 2.88 2.85 4.36 4.74 4.05 3.82 3.84 3.12 2.66 2.56 2.66 2.97 2.95 3.21 2.74 2.82 2.35 2.00 1.85 1.89 1.99 2.17 2.07 1.91 2.06 2.36 2.93 3.14 2.94 2.35 2.73 2.65 2.30 2.18 2.28 2.20 2.30 2.36 2.55 2.69 2.71 2.87 2.94 3.01 3.21 3.23 3.35 3.28 3.27 3.28 3.33 3.27 3.19 3.13
13.61 19.67 19.80 13.93 9.63 7.38 7.04 5.38 4.33 3.99 5.18 6.62 15.99 15.64 15.15 14.21 7.68 3.18 3.20 4.34 3.24 5.50 5.22 3.93 3.08 3.19 2.50 2.25 2.55 2.83 2.62 2.58 2.62 2.77 2.61 2.20 2.04 2.09 2.24 2.38 2.06 1.90 1.97 2.33 2.54 2.89 2.52 2.32 2.25 2.97 3.20 2.48 2.28 2.40 2.38 2.43 2.58 2.77 2.89 2.97 3.12 3.24 3.39 3.56 3.37 3.40 3.33 3.31 3.24 3.28 3.31 3.19 3.19
16.28 22.28 21.12 15.95 9.44 8.50 8.04 6.26 3.75 2.30 2.47 4.57 10.94 12.86 12.13 8.61 3.71 3.23 5.91 6.87 4.74 6.56 5.55 3.60 2.23 2.62 2.32 2.27 2.70 2.64 2.11 2.25 2.14 2.38 2.27 1.95 2.01 1.96 2.25 2.29 2.22 2.18 2.66 2.82 2.58 2.41 2.40 2.36 2.23 2.81 2.96 2.85 2.33 2.49 2.61 2.65 2.74 3.48 3.63 3.16 3.19 3.33 3.45 3.60 3.48 3.33 3.53 3.49 3.50 3.39 3.25 3.15 3.28
17.92 21.31 20.88 13.99 8.57 8.45 8.34 7.03 4.36 2.27 1.98 2.33 3.15 5.67 6.85 3.57 2.86 3.96 9.54 12.35 6.85 7.44 4.36 2.71 2.51 2.40 2.06 2.35 2.05 2.02 1.77 1.66 1.76 1.84 1.88 1.94 1.85 1.91 1.95 2.11 2.09 2.27 2.52 2.56 2.46 2.48 2.58 2.54 2.43 2.86 2.38 2.56 2.42 2.70 2.71 2.81 2.87 3.73 3.96 3.40 3.33 3.38 3.60 3.66 3.86 3.53 3.46 3.50 3.38 3.44 3.28 3.15 3.28
15.22 15.22 18.33 11.19 8.64 10.62 9.17 7.14 3.65 2.03 1.66 1.50 1.57 2.22 3.02 2.29 2.60 8.80 16.99 10.47 7.99 5.21 3.56 2.74 2.49 2.30 2.00 2.10 1.68 1.60 1.41 1.37 1.41 1.61 1.81 1.69 1.78 1.83 1.76 1.76 1.80 2.07 2.17 2.14 2.45 2.47 2.62 2.71 2.53 2.66 2.74 2.79 2.75 2.95 2.79 2.93 3.03 4.23 4.28 3.51 3.55 3.59 3.70 3.56 3.81 3.64 3.49 3.54 3.32 3.48 3.32 3.14 3.14
9.30 9.64 12.77 9.09 11.76 12.06 11.40 6.28 3.18 1.92 1.55 1.49 1.49 1.49 1.54 1.87 4.00 13.10 15.23 9.46 5.80 5.37 4.82 2.57 2.45 2.07 1.70 1.60 1.44 1.36 1.28 1.27 1.32 1.44 1.46 1.44 1.44 1.63 1.64 1.65 1.83 1.83 1.83 2.09 2.20 2.43 2.48 2.49 2.39 2.56 2.70 2.75 2.84 2.92 2.98 3.08 3.19 3.46 3.68 3.80 3.59 3.62 3.47 3.73 3.65 3.56 3.39 3.37 3.33 3.26 3.14 3.15 3.13
7.42 9.73 9.13 8.43 14.04 12.06 8.21 4.81 3.06 1.96 1.63 1.48 1.41 1.40 1.58 1.96 3.46 8.06 8.02 7.38 8.76 8.09 5.37 2.51 2.42 2.15 1.37 1.33 1.23 1.21 1.24 1.22 1.24 1.29 1.35 1.40 1.35 1.36 1.39 1.49 1.62 1.87 2.07 1.98 2.09 2.20 2.44 2.36 2.39 2.52 2.61 2.60 2.94 3.06 3.06 3.16 3.26 3.72 3.75 3.77 3.82 3.57 3.59 3.65 3.60 3.49 3.40 3.42 3.38 3.30 3.17 3.14 3.06
9.96 10.81 8.33 9.39 13.17 9.61 4.92 4.30 3.19 2.02 1.66 1.52 1.41 1.50 1.69 1.89 2.58 4.21 6.22 11.05 11.56 7.63 4.83 2.20 2.19 1.52 1.13 1.17 1.14 1.20 1.09 1.11 1.08 1.21 1.22 1.24 1.30 1.37 1.51 1.67 1.83 1.84 1.89 1.80 1.93 2.11 2.25 2.42 2.46 2.52 2.59 2.57 2.85 2.84 2.91 3.20 3.32 3.67 3.90 3.93 3.97 3.82 3.81 3.73 3.64 3.62 3.44 3.48 3.39 3.28 3.16 3.12 3.02
17.11 12.20 8.24 10.98 10.64 4.42 3.61 3.73 2.44 1.90 1.70 1.50 1.49 1.59 1.63 1.98 2.25 2.88 6.96 12.65 13.57 5.24 2.64 2.00 1.55 1.19 1.01 1.10 1.15 1.17 1.08 1.06 1.03 1.08 1.09 1.18 1.45 1.47 1.59 1.72 1.85 1.94 1.92 1.81 1.97 2.05 2.14 2.21 2.25 2.58 2.59 2.69 2.76 2.84 2.92 3.14 3.36 3.53 3.57 3.48 3.44 3.65 3.37 3.73 3.65 3.56 3.52 3.47 3.34 3.25 3.20 3.15 3.08
21.32 14.81 8.23 7.11 4.54 3.27 2.96 2.59 2.01 1.88 1.72 1.60 1.70 1.92 1.88 2.19 2.52 3.14 5.54 11.30 8.17 5.91 3.01 2.11 1.59 1.21 0.95 1.14 1.13 1.12 1.09 1.06 1.23 1.09 1.09 1.18 1.25 1.49 1.61 1.89 1.73 1.77 1.83 1.92 1.98 2.07 2.15 2.21 2.29 2.41 2.46 2.57 2.82 2.81 2.82 2.95 3.08 3.17 3.32 3.33 3.37 3.31 3.29 3.18 3.02 2.93 3.38 3.42 3.38 3.27 3.26 3.19 3.01
25.97 13.21 7.50 3.81 2.64 2.52 2.53 1.96 1.99 1.92 2.00 1.88 2.73 3.29 3.08 3.57 4.23 3.76 9.34 12.67 8.32 5.40 3.79 2.95 1.80 1.27 1.11 1.05 1.02 1.05 1.12 1.02 1.16 1.16 1.21 1.31 1.40 1.52 1.55 1.59 1.70 1.72 1.98 2.10 2.04 2.14 2.19 2.33 2.47 2.54 2.63 2.68 2.69 2.92 3.02 3.23 3.31 3.38 3.24 3.01 2.78 2.60 2.51 2.84 2.85 3.00 2.90 2.77 2.66 2.63 2.56 2.79 2.95
25.97 12.13 6.88 2.90 2.33 2.13 1.97 2.04 1.99 1.93 2.18 2.51 4.98 6.88 6.11 6.39 8.68 7.75 16.32 15.58 9.09 5.24 4.96 3.66 2.14 1.38 1.03 1.07 0.93 0.97 0.99 0.99 1.11 1.21 1.32 1.41 1.45 1.54 1.58 1.63 1.68 1.68 1.76 1.94 2.14 2.39 2.50 2.48 2.59 2.66 2.72 2.77 2.81 2.89 3.00 3.15 3.39 3.68 3.84 3.63 3.27 2.90 2.55 2.51 2.51 2.52 2.49 2.43 2.55 2.64 2.59 2.51 2.45
16.89 8.68 5.14 2.60 2.20 2.07 1.94 1.97 1.92 2.07 2.10 2.79 7.47 12.21 11.43 10.80 13.81 14.33 22.61 16.59 6.97 6.80 6.76 4.36 2.20 1.23 0.93 1.00 0.78 0.83 0.95 0.99 1.10 1.19 1.28 1.41 1.47 1.49 1.58 1.66 1.67 1.77 1.85 2.03 2.22 2.29 2.43 2.60 2.67 2.83 2.88 2.74 2.87 3.01 3.09 3.31 3.73 4.12 4.24 3.99 3.33 3.17 3.05 2.98 2.87 2.74 2.59 2.46 2.42 2.37 2.34 2.29 2.28
8.96 3.24 2.90 2.29 2.06 2.02 1.91 1.83 1.80 1.92 2.01 3.19 8.33 14.07 15.44 15.54 17.73 22.72 22.52 13.73 7.41 8.65 5.77 3.12 1.70 0.96 0.84 0.79 0.78 0.82 0.90 0.96 1.04 1.15 1.24 1.33 1.39 1.44 1.54 1.60 1.65 1.76 1.92 2.14 2.33 2.37 2.46 2.56 2.59 2.65 2.71 2.69 2.92 3.08 3.18 3.57 4.10 4.61 4.40 4.24 3.76 3.47 3.30 3.01 2.89 2.88 2.85 2.79 2.63 2.48 2.41 2.33 2.32
4.01 2.81 0.00 0.00 2.03 1.90 1.78 1.78 1.80 1.81 2.20 4.36 7.92 12.28 16.55 22.04 21.88 27.09 15.67 7.75 5.34 5.08 3.46 2.41 1.30 0.99 0.82 0.74 0.81 0.88 0.93 1.02 1.02 1.07 1.09 1.15 1.24 1.41 1.46 1.56 1.68 1.78 1.95 2.16 2.32 2.36 2.44 2.56 2.65 2.61 2.65 2.66 3.10 3.37 3.52 4.02 4.86 5.27 5.41 5.20 4.42 3.82 3.45 3.16 3.12 3.10 2.97 2.80 2.66 2.57 2.46 2.40 2.40
4.20 2.65 0.00 0.00 0.00 1.86 1.75 1.64 1.72 1.75 2.78 3.17 5.46 9.59 17.95 31.62 28.37 24.84 13.39 5.64 4.95 4.01 4.70 2.75 1.61 1.16 0.87 0.74 0.79 0.87 1.00 1.03 1.09 1.09 1.07 1.06 1.09 1.22 1.29 1.49 1.61 1.77 1.94 2.06 2.19 2.24 2.35 2.49 2.56 2.61 2.60 2.67 2.82 3.21 3.71 4.66 5.19 5.92 5.70 5.25 4.77 4.08 3.61 3.60 3.31 3.14 3.03 2.84 2.66 2.59 2.51 2.44 2.43
3.10 0.00 0.00 0.00 0.00 0.00 1.70 1.60 1.63 1.60 1.93 1.90 2.80 8.11 19.33 38.86 33.85 23.50 10.07 6.26 8.08 6.76 7.10 3.32 1.90 1.13 0.88 0.84 0.90 0.88 1.00 1.06 1.26 1.15 1.09 1.04 1.02 1.14 1.20 1.35 1.43 1.64 1.77 1.94 2.04 2.20 2.32 2.39 2.49 2.44 2.56 2.65 2.88 3.12 4.03 5.99 7.75 8.84 5.89 5.26 4.86 4.06 3.70 3.60 3.44 3.43 3.18 2.86 2.68 2.56 2.55 2.63 2.63
2.62 0.00 0.00 0.00 0.00 0.00 1.65 1.55 1.57 1.51 1.59 1.69 1.97 7.98 31.13 39.73 34.98 20.96 16.73 16.85 17.85 12.08 7.98 2.80 1.68 1.21 0.95 1.03 0.98 1.00 1.19 1.17 1.46 1.35 1.21 0.99 0.99 1.08 1.20 1.28 1.34 1.44 1.58 1.63 1.87 2.10 2.18 2.28 2.24 2.33 2.53 2.68 2.95 3.14 5.07 9.63 11.92 9.69 8.12 8.48 7.57 4.05 4.02 4.13 3.89 3.37 3.07 2.76 2.63 2.55 2.52 2.68 2.87
