dati/cumulata_oraria_prisma_2018052807.txt
ncols        251
nrows        249
xllcorner         436000.00000
yllcorner        4918000.00000
cellsize           1000.00000
NODATA_value          -9999.00000
[rows 96 to 127 of 249, columns 146 to 218 of 251]
0.00 0.00 0.00 0.00 0.00 0.00 0.00 0.00 0.00 0.00 0.00 0.00 0.00 0.00 0.00 0.00 0.00 0.00 0.00 0.00 0.17 0.19 0.21 0.23 0.25 0.28 0.30 0.32 0.35 0.37 0.39 0.41 0.43 0.45 0.47 0.48 0.49 0.50 0.51 0.52 0.52 0.52 0.51 0.51 0.50 0.49 0.47 0.45 0.44 0.42 0.00 0.00 0.00 0.00 0.00 0.00 0.00 0.00 -9999.00 -9999.00 -9999.00 -9999.00 -9999.00 -9999.00 -9999.00 -9999.00 -9999.00 -9999.00 -9999.00 -9999.00 -9999.00 -9999.00 -9999.00
0.00 0.00 0.00 0.00 0.00 0.00 0.00 0.00 0.00 0.00 0.00 0.00 0.00 0.00 0.00 0.00 0.00 0.00 0.00 0.00 0.18 0.20 0.22 0.25 0.27 0.29 0.32 0.34 0.37 0.39 0.41 0.44 0.46 0.48 0.49 0.51 0.52 0.53 0.54 0.54 0.55 0.54 0.54 0.53 0.52 0.51 0.49 0.48 0.46 0.44 0.00 0.00 0.00 0.00 0.00 0.00 0.00 0.00 -9999.00 -9999.00 -9999.00 -9999.00 -9999.00 -9999.00 -9999.00 -9999.00 -9999.00 -9999.00 -9999.00 -9999.00 -9999.00 -9999.00 -9999.00
0.00 0.00 0.00 0.00 0.00 0.00 0.00 0.00 0.00 0.00 0.00 0.00 0.00 0.00 0.00 0.00 0.00 0.00 0.00 0.17 0.19 0.21 0.24 0.26 0.29 0.31 0.34 0.36 0.39 0.42 0.44 0.46 0.48 0.50 0.52 0.54 0.55 0.56 0.57 0.57 0.57 0.57 0.57 0.56 0.55 0.53 0.52 0.50 0.48 0.45 0.43 0.00 0.00 0.00 0.00 0.00 0.00 -9999.00 -9999.00 -9999.00 -9999.00 -9999.00 -9999.00 -9999.00 -9999.00 -9999.00 -9999.00 -9999.00 -9999.00 -9999.00 -9999.00 -9999.00 -9999.00
0.00 0.00 0.00 0.00 0.00 0.00 0.00 0.00 0.00 0.00 0.00 0.00 0.00 0.00 0.00 0.00 0.00 0.00 0.00 0.18 0.20 0.22 0.25 0.28 0.30 0.33 0.36 0.39 0.41 0.44 0.46 0.49 0.51 0.53 0.55 0.56 0.58 0.59 0.59 0.60 0.60 0.60 0.59 0.58 0.57 0.55 0.54 0.52 0.49 0.47 0.44 0.00 0.00 0.00 0.00 0.00 0.00 -9999.00 -9999.00 -9999.00 -9999.00 -9999.00 -9999.00 -9999.00 -9999.00 -9999.00 -9999.00 -9999.00 -9999.00 -9999.00 -9999.00 -9999.00 -9999.00
0.00 0.00 0.00 0.00 0.00 0.00 0.00 0.00 0.00 0.00 0.00 0.00 0.00 0.00 0.00 0.00 0.00 0.00 0.16 0.19 0.21 0.24 0.27 0.29 0.32 0.35 0.38 0.41 0.43 0.46 0.49 0.51 0.53 0.56 0.57 0.59 0.60 0.61 0.62 0.62 0.62 0.62 0.61 0.60 0.59 0.57 0.55 0.53 0.51 0.48 0.46 0.00 0.00 0.00 0.00 0.00 -9999.00 -9999.00 -9999.00 -9999.00 -9999.00 -9999.00 -9999.00 -9999.00 -9999.00 -9999.00 -9999.00 -9999.00 -9999.00 -9999.00 -9999.00 -9999.00 -9999.00
0.00 0.00 0.00 0.00 0.00 0.00 0.00 0.00 0.00 0.00 0.00 0.00 0.00 0.00 0.00 0.00 0.00 0.00 0.17 0.20 0.22 0.25 0.28 0.31 0.34 0.37 0.40 0.43 0.46 0.48 0.51 0.54 0.56 0.58 0.60 0.61 0.63 0.64 0.64 0.64 0.64 0.64 0.63 0.62 0.61 0.59 0.57 0.55 0.52 0.50 0.47 0.44 0.00 0.00 0.00 -9999.00 -9999.00 -9999.00 -9999.00 -9999.00 -9999.00 -9999.00 -9999.00 -9999.00 -9999.00 -9999.00 -9999.00 -9999.00 -9999.00 -9999.00 -9999.00 -9999.00 -9999.00
0.00 0.00 0.00 0.00 0.00 0.00 0.00 0.00 0.00 0.00 0.00 0.00 0.00 0.00 0.00 0.00 0.00 0.00 0.18 0.21 0.24 0.27 0.29 0.33 0.36 0.39 0.42 0.45 0.59 0.75 0.53 0.56 0.58 0.60 0.62 0.64 0.65 0.66 0.66 0.67 0.66 0.66 0.65 0.64 0.62 0.60 0.58 0.56 0.53 0.51 0.48 0.45 0.00 0.00 0.00 -9999.00 -9999.00 -9999.00 -9999.00 -9999.00 -9999.00 -9999.00 -9999.00 -9999.00 -9999.00 -9999.00 -9999.00 -9999.00 -9999.00 -9999.00 -9999.00 -9999.00 -9999.00
0.00 0.00 0.00 0.00 0.00 0.00 0.00 0.00 0.00 0.00 0.00 0.00 0.00 0.00 0.00 0.00 0.00 0.17 0.19 0.22 0.36 0.38 0.31 0.34 0.37 0.73 0.89 1.11 0.86 1.06 1.20 1.21 1.21 0.75 0.80 0.77 0.67 0.68 0.68 0.69 0.68 0.68 0.67 0.65 0.64 0.62 0.59 0.57 0.54 0.51 0.48 0.45 0.00 0.00 -9999.00 -9999.00 -9999.00 -9999.00 -9999.00 -9999.00 -9999.00 -9999.00 -9999.00 -9999.00 -9999.00 -9999.00 -9999.00 -9999.00 -9999.00 -9999.00 -9999.00 -9999.00 -9999.00
0.00 0.00 0.00 0.00 0.00 0.00 0.00 0.00 0.00 0.00 0.00 0.00 0.00 0.00 0.00 0.00 0.00 0.18 0.20 0.37 0.41 0.43 0.48 0.45 0.59 0.85 1.02 1.27 0.85 1.18 1.21 1.24 1.25 1.23 1.21 1.11 1.13 0.70 0.70 0.70 0.70 0.69 0.68 0.67 0.65 0.63 0.60 0.58 0.55 0.52 0.49 0.46 0.00 0.00 -9999.00 -9999.00 -9999.00 -9999.00 -9999.00 -9999.00 -9999.00 -9999.00 -9999.00 -9999.00 -9999.00 -9999.00 -9999.00 -9999.00 -9999.00 -9999.00 -9999.00 -9999.00 -9999.00
0.00 0.00 0.00 0.00 0.00 0.00 0.00 0.00 0.00 0.00 0.00 0.00 0.00 0.00 0.00 0.00 0.16 0.19 0.34 0.39 0.43 0.46 0.50 0.60 0.67 0.94 1.19 1.38 1.55 1.85 1.96 1.83 1.30 1.28 1.23 1.14 1.13 1.12 0.88 0.89 0.82 0.70 0.69 0.68 0.66 0.64 0.61 0.58 0.55 0.52 0.49 0.46 0.00 -9999.00 -9999.00 -9999.00 -9999.00 -9999.00 -9999.00 -9999.00 -9999.00 -9999.00 -9999.00 -9999.00 -9999.00 -9999.00 -9999.00 -9999.00 -9999.00 -9999.00 -9999.00 -9999.00 -9999.00
0.00 0.00 0.00 0.00 0.00 0.00 0.00 0.00 0.00 0.00 0.00 0.00 0.00 0.00 0.00 0.00 0.17 0.20 0.36 0.48 0.51 0.53 0.86 0.63 0.76 1.00 1.20 1.38 1.67 1.87 1.97 1.81 1.70 1.86 1.73 1.55 1.24 1.12 0.89 0.90 0.89 0.85 0.70 0.68 0.66 0.64 0.62 0.59 0.56 0.53 0.49 0.46 -9999.00 -9999.00 -9999.00 -9999.00 -9999.00 -9999.00 -9999.00 -9999.00 -9999.00 -9999.00 -9999.00 -9999.00 -9999.00 -9999.00 -9999.00 -9999.00 -9999.00 -9999.00 -9999.00 -9999.00 -9999.00
0.00 0.00 0.00 0.00 0.00 0.00 0.00 0.00 0.00 0.00 0.00 0.24 0.33 0.21 0.00 0.00 0.18 0.35 0.45 0.48 0.53 0.64 0.94 1.20 1.48 1.65 1.28 1.52 1.72 1.72 1.82 1.79 1.77 2.03 1.83 1.49 1.45 1.39 1.22 0.96 0.93 0.86 0.71 0.69 0.67 0.64 0.62 0.59 0.56 0.53 0.49 0.46 -9999.00 -9999.00 -9999.00 -9999.00 -9999.00 -9999.00 -9999.00 -9999.00 -9999.00 -9999.00 -9999.00 -9999.00 -9999.00 -9999.00 -9999.00 -9999.00 -9999.00 -9999.00 -9999.00 -9999.00 -9999.00
0.00 0.00 0.00 0.00 0.00 0.00 0.00 0.00 0.00 0.00 0.22 0.25 0.31 0.27 0.26 0.16 0.28 0.37 0.52 0.64 0.70 1.01 1.08 1.35 1.55 1.67 1.75 1.88 1.66 1.89 1.86 1.70 1.68 1.85 1.79 1.51 1.44 1.44 1.24 1.21 1.07 0.86 0.71 0.69 0.67 0.65 0.62 0.59 0.56 0.52 0.49 -9999.00 -9999.00 -9999.00 -9999.00 -9999.00 -9999.00 -9999.00 -9999.00 -9999.00 -9999.00 -9999.00 -9999.00 -9999.00 -9999.00 -9999.00 -9999.00 -9999.00 -9999.00 -9999.00 -9999.00 -9999.00 -9999.00
0.00 0.00 0.00 0.00 0.00 0.00 0.00 0.00 0.27 0.19 0.18 0.25 0.35 0.28 0.30 0.28 0.41 0.52 0.57 0.67 0.94 1.15 1.41 1.65 1.60 1.87 1.73 1.85 1.98 1.95 1.83 1.80 1.71 1.80 1.80 1.67 1.52 1.59 1.28 1.17 1.07 0.86 0.72 0.69 0.67 0.65 0.62 0.59 0.55 0.52 -9999.00 -9999.00 -9999.00 -9999.00 -9999.00 -9999.00 -9999.00 -9999.00 -9999.00 -9999.00 -9999.00 -9999.00 -9999.00 -9999.00 -9999.00 -9999.00 -9999.00 -9999.00 -9999.00 -9999.00 -9999.00 -9999.00 -9999.00
0.00 0.00 0.00 0.00 0.00 0.00 0.00 0.20 0.41 0.00 0.19 0.28 0.37 0.31 0.46 0.31 0.48 0.59 0.75 0.84 1.15 1.23 1.52 1.77 1.79 1.81 1.72 1.77 2.01 1.89 1.90 1.67 1.89 1.82 1.80 1.68 1.52 1.40 1.33 1.18 0.93 0.84 0.71 0.69 0.67 0.64 0.61 0.58 0.55 0.51 -9999.00 -9999.00 -9999.00 -9999.00 -9999.00 -9999.00 -9999.00 -9999.00 -9999.00 -9999.00 -9999.00 -9999.00 -9999.00 -9999.00 -9999.00 -9999.00 -9999.00 -9999.00 -9999.00 -9999.00 -9999.00 -9999.00 -9999.00
0.31 0.00 0.00 0.25 0.20 0.00 0.00 0.33 0.43 0.60 0.47 0.38 0.34 0.34 0.42 0.43 0.65 0.68 0.78 0.97 1.27 1.28 1.42 1.72 1.84 1.84 1.73 1.94 2.09 1.89 1.94 1.67 1.68 1.86 1.87 1.86 1.46 1.37 1.25 1.07 0.94 0.85 0.71 0.69 0.66 0.64 0.61 0.57 0.54 -9999.00 -9999.00 -9999.00 -9999.00 -9999.00 -9999.00 -9999.00 -9999.00 -9999.00 -9999.00 -9999.00 -9999.00 -9999.00 -9999.00 -9999.00 -9999.00 -9999.00 -9999.00 -9999.00 -9999.00 -9999.00 -9999.00 -9999.00 -9999.00
0.31 0.27 0.21 0.25 0.00 0.00 0.20 0.39 1.21 0.55 0.42 0.41 0.36 0.43 0.37 0.50 0.71 0.84 1.02 1.30 1.39 1.31 1.43 1.64 1.71 1.56 1.56 2.00 1.90 1.89 1.94 1.66 1.84 1.83 1.88 1.84 1.67 1.44 1.28 1.00 0.89 0.82 0.71 0.68 0.66 0.63 0.60 0.56 -9999.00 -9999.00 -9999.00 -9999.00 -9999.00 -9999.00 -9999.00 -9999.00 -9999.00 -9999.00 -9999.00 -9999.00 -9999.00 -9999.00 -9999.00 -9999.00 -9999.00 -9999.00 -9999.00 -9999.00 -9999.00 -9999.00 -9999.00 -9999.00 -9999.00
0.30 0.26 0.27 0.35 0.32 0.28 0.25 0.82 1.23 1.40 1.06 0.46 0.37 0.52 0.63 0.77 1.13 0.92 1.04 1.32 1.68 1.37 1.50 1.77 1.61 1.50 1.58 1.56 1.87 1.89 1.89 1.82 1.72 1.86 1.95 1.74 1.51 1.37 1.21 1.14 0.97 0.87 0.70 0.67 0.65 0.62 0.59 -9999.00 -9999.00 -9999.00 -9999.00 -9999.00 -9999.00 -9999.00 -9999.00 -9999.00 -9999.00 -9999.00 -9999.00 -9999.00 -9999.00 -9999.00 -9999.00 -9999.00 -9999.00 -9999.00 -9999.00 -9999.00 -9999.00 -9999.00 -9999.00 -9999.00 -9999.00
0.44 0.43 0.34 0.41 0.31 0.28 0.58 0.97 1.35 1.41 1.00 0.74 0.84 0.86 0.61 1.03 1.11 1.11 1.37 1.45 1.51 1.38 1.65 1.93 1.76 1.69 1.49 1.54 1.64 1.82 1.82 1.74 1.78 1.91 1.99 2.06 1.77 1.44 1.17 1.13 0.94 0.87 0.81 0.66 0.64 0.61 0.58 -9999.00 -9999.00 -9999.00 -9999.00 -9999.00 -9999.00 -9999.00 -9999.00 -9999.00 -9999.00 -9999.00 -9999.00 -9999.00 -9999.00 -9999.00 -9999.00 -9999.00 -9999.00 -9999.00 -9999.00 -9999.00 -9999.00 -9999.00 -9999.00 -9999.00 -9999.00
0.39 0.44 0.35 0.33 0.20 0.40 0.72 1.45 1.85 2.41 1.84 0.70 0.82 1.07 0.94 1.26 1.08 1.07 1.37 1.51 1.33 1.50 1.73 1.95 1.74 1.60 1.56 1.55 1.68 1.79 1.78 1.66 1.48 1.92 1.98 1.91 1.68 1.60 1.44 1.31 0.87 0.87 0.78 0.65 0.62 0.59 -9999.00 -9999.00 -9999.00 -9999.00 -9999.00 -9999.00 -9999.00 -9999.00 -9999.00 -9999.00 -9999.00 -9999.00 -9999.00 -9999.00 -9999.00 -9999.00 -9999.00 -9999.00 -9999.00 -9999.00 -9999.00 -9999.00 -9999.00 -9999.00 -9999.00 -9999.00 -9999.00
0.31 0.45 0.37 0.26 0.20 0.54 0.73 0.60 2.36 2.36 1.71 2.02 2.18 1.36 0.92 1.43 1.72 1.42 1.61 1.46 1.45 1.54 1.78 1.76 1.64 1.58 1.50 1.56 1.79 1.79 1.77 1.55 1.55 1.81 2.06 1.74 1.63 1.52 1.42 1.29 1.07 1.14 0.96 0.63 0.61 0.58 -9999.00 -9999.00 -9999.00 -9999.00 -9999.00 -9999.00 -9999.00 -9999.00 -9999.00 -9999.00 -9999.00 -9999.00 -9999.00 -9999.00 -9999.00 -9999.00 -9999.00 -9999.00 -9999.00 -9999.00 -9999.00 -9999.00 -9999.00 -9999.00 -9999.00 -9999.00 -9999.00
0.00 0.47 0.32 0.00 0.18 0.60 0.74 0.62 1.83 2.57 1.55 2.20 1.83 1.78 1.46 1.90 1.43 1.39 1.62 1.88 1.73 1.72 1.74 1.62 1.53 1.51 1.47 1.68 1.83 2.09 2.08 1.42 1.65 1.97 2.09 1.96 1.97 1.89 1.38 1.18 1.11 1.06 0.87 0.75 0.59 0.56 -9999.00 -9999.00 -9999.00 -9999.00 -9999.00 -9999.00 -9999.00 -9999.00 -9999.00 -9999.00 -9999.00 -9999.00 -9999.00 -9999.00 -9999.00 -9999.00 -9999.00 -9999.00 -9999.00 -9999.00 -9999.00 -9999.00 -9999.00 -9999.00 -9999.00 -9999.00 -9999.00
0.00 0.00 0.00 0.00 0.23 0.38 0.52 0.60 2.39 2.15 1.69 1.60 1.48 1.68 1.85 2.53 2.28 1.74 1.78 1.75 1.86 1.94 1.82 1.73 1.52 1.46 1.30 1.49 1.91 2.09 1.65 1.59 1.65 1.94 2.17 1.90 1.88 1.57 1.24 1.21 1.21 1.08 0.81 0.74 0.57 0.54 -9999.00 -9999.00 -9999.00 -9999.00 -9999.00 -9999.00 -9999.00 -9999.00 -9999.00 -9999.00 -9999.00 -9999.00 -9999.00 -9999.00 -9999.00 -9999.00 -9999.00 -9999.00 -9999.00 -9999.00 -9999.00 -9999.00 -9999.00 -9999.00 -9999.00 -9999.00 -9999.00
0.00 0.00 0.00 0.00 0.19 0.53 0.55 0.42 0.68 0.75 1.14 1.59 1.17 1.29 2.47 2.47 2.02 2.08 3.77 4.61 1.78 1.85 1.79 1.55 1.51 1.63 1.27 1.66 1.82 1.98 1.61 1.57 1.65 2.24 2.66 2.73 2.17 1.40 1.24 1.18 1.18 1.09 0.87 0.76 0.55 0.52 -9999.00 -9999.00 -9999.00 -9999.00 -9999.00 -9999.00 -9999.00 -9999.00 -9999.00 -9999.00 -9999.00 -9999.00 -9999.00 -9999.00 -9999.00 -9999.00 -9999.00 -9999.00 -9999.00 -9999.00 -9999.00 -9999.00 -9999.00 -9999.00 -9999.00 -9999.00 -9999.00
0.00 0.00 0.00 0.00 0.25 0.32 0.36 0.32 0.69 0.77 0.27 0.22 1.42 1.30 2.09 1.56 2.23 2.78 4.46 3.66 3.68 3.27 1.75 1.47 1.51 1.52 1.44 1.41 1.78 1.96 1.95 1.86 1.89 2.53 2.80 2.52 2.15 1.52 1.48 1.16 1.17 0.99 0.82 0.77 0.53 0.50 -9999.00 -9999.00 -9999.00 -9999.00 -9999.00 -9999.00 -9999.00 -9999.00 -9999.00 -9999.00 -9999.00 -9999.00 -9999.00 -9999.00 -9999.00 -9999.00 -9999.00 -9999.00 -9999.00 -9999.00 -9999.00 -9999.00 -9999.00 -9999.00 -9999.00 -9999.00 -9999.00
0.00 0.00 0.00 0.00 0.00 0.31 0.34 0.40 0.64 0.28 0.26 0.00 0.16 0.23 1.34 2.03 2.42 4.68 6.72 3.49 3.48 3.05 2.58 2.74 3.05 1.51 1.37 1.36 1.82 1.85 1.82 1.72 1.80 1.93 2.20 2.90 1.79 1.50 1.44 1.28 1.04 0.92 0.76 0.75 0.50 0.48 -9999.00 -9999.00 -9999.00 -9999.00 -9999.00 -9999.00 -9999.00 -9999.00 -9999.00 -9999.00 -9999.00 -9999.00 -9999.00 -9999.00 -9999.00 -9999.00 -9999.00 -9999.00 -9999.00 -9999.00 -9999.00 -9999.00 -9999.00 -9999.00 -9999.00 -9999.00 -9999.00
0.00 0.00 0.00 0.00 0.00 0.24 0.26 0.53 0.56 0.77 0.32 0.00 0.16 0.18 0.59 0.49 2.38 6.21 6.60 6.30 5.65 2.46 2.51 2.87 2.96 2.57 1.82 1.32 1.29 1.40 1.37 1.61 1.71 1.97 2.22 1.99 1.63 1.44 1.31 1.26 0.98 0.89 0.83 0.74 0.48 0.45 0.00 -9999.00 -9999.00 -9999.00 -9999.00 -9999.00 -9999.00 -9999.00 -9999.00 -9999.00 -9999.00 -9999.00 -9999.00 -9999.00 -9999.00 -9999.00 -9999.00 -9999.00 -9999.00 -9999.00 -9999.00 -9999.00 -9999.00 -9999.00 -9999.00 -9999.00 -9999.00
0.00 0.00 0.00 0.00 0.00 0.24 0.30 0.25 0.58 0.35 0.31 0.00 0.16 0.18 0.32 0.63 2.17 3.92 7.49 6.19 5.19 3.91 4.54 4.85 2.85 2.23 1.53 1.35 1.28 1.32 1.22 1.11 1.07 2.12 2.16 1.75 1.46 1.26 1.26 1.04 0.93 0.84 0.81 0.64 0.45 0.00 0.00 -9999.00 -9999.00 -9999.00 -9999.00 -9999.00 -9999.00 -9999.00 -9999.00 -9999.00 -9999.00 -9999.00 -9999.00 -9999.00 -9999.00 -9999.00 -9999.00 -9999.00 -9999.00 -9999.00 -9999.00 -9999.00 -9999.00 -9999.00 -9999.00 -9999.00 -9999.00
0.00 0.00 0.00 0.00 0.27 0.30 0.30 0.21 0.80 0.98 0.00 0.00 0.16 0.18 0.19 0.62 2.42 4.01 4.98 8.41 4.03 3.43 4.55 4.98 4.78 3.39 1.38 1.32 0.98 1.41 1.17 1.05 1.08 1.44 1.73 1.26 1.43 1.21 1.17 0.91 0.76 0.70 0.74 0.60 0.00 0.00 0.00 -9999.00 -9999.00 -9999.00 -9999.00 -9999.00 -9999.00 -9999.00 -9999.00 -9999.00 -9999.00 -9999.00 -9999.00 -9999.00 -9999.00 -9999.00 -9999.00 -9999.00 -9999.00 -9999.00 -9999.00 -9999.00 -9999.00 -9999.00 -9999.00 -9999.00 -9999.00
0.00 0.00 0.00 0.24 0.27 0.32 0.40 0.42 0.91 0.64 0.00 0.00 0.16 0.17 0.19 0.31 0.35 4.60 5.90 10.44 8.01 5.54 4.71 4.98 4.00 3.06 2.49 1.09 0.94 0.96 0.91 0.74 1.11 1.48 1.50 1.03 0.79 0.73 0.87 0.81 0.73 0.66 0.64 0.00 0.00 0.00 0.00 -9999.00 -9999.00 -9999.00 -9999.00 -9999.00 -9999.00 -9999.00 -9999.00 -9999.00 -9999.00 -9999.00 -9999.00 -9999.00 -9999.00 -9999.00 -9999.00 -9999.00 -9999.00 -9999.00 -9999.00 -9999.00 -9999.00 -9999.00 -9999.00 -9999.00 -9999.00
0.16 0.00 0.27 0.30 0.31 0.45 0.47 0.50 1.18 1.15 0.00 0.00 0.16 0.17 0.18 0.19 0.34 0.74 4.34 10.89 7.87 5.34 5.51 5.46 4.99 2.79 1.70 1.05 0.95 0.93 0.82 0.69 0.68 0.74 1.18 0.78 0.72 0.67 0.61 0.56 0.44 0.43 0.00 0.00 0.00 0.00 0.00 -9999.00 -9999.00 -9999.00 -9999.00 -9999.00 -9999.00 -9999.00 -9999.00 -9999.00 -9999.00 -9999.00 -9999.00 -9999.00 -9999.00 -9999.00 -9999.00 -9999.00 -9999.00 -9999.00 -9999.00 -9999.00 -9999.00 -9999.00 -9999.00 -9999.00 -9999.00
0.18 0.17 0.27 0.34 0.35 0.41 0.44 0.59 1.00 1.32 0.65 0.00 0.00 0.17 0.18 0.19 0.20 1.84 11.74 15.07 13.70 5.39 5.17 5.35 4.82 4.14 1.72 0.80 1.02 1.13 0.68 0.68 0.60 0.70 0.70 0.68 0.63 0.63 0.56 0.42 0.00 0.00 0.00 0.00 0.00 0.00 0.00 -9999.00 -9999.00 -9999.00 -9999.00 -9999.00 -9999.00 -9999.00 -9999.00 -9999.00 -9999.00 -9999.00 -9999.00 -9999.00 -9999.00 -9999.00 -9999.00 -9999.00 -9999.00 -9999.00 -9999.00 -9999.00 -9999.00 -9999.00 -9999.00 -9999.00 -9999.00
