dati/cumulata_oraria_prisma_2018052718.txt
ncols        251
nrows        249
xllcorner         436000.00000
yllcorner        4918000.00000
cellsize           1000.00000
NODATA_value          -9999.00000
[rows 32 to 63 of 249, columns 146 to 218 of 251]
-9999.00 -9999.00 -9999.00 -9999.00 7.17 7.72 9.86 10.41 12.73 14.57 16.01 16.09 15.51 12.84 12.18 12.71 11.64 11.31 11.98 12.24 13.40 13.72 10.95 10.22 9.00 8.13 6.90 6.32 6.06 5.55 5.18 4.60 4.34 4.02 3.79 3.69 -9999.00 -9999.00 -9999.00 -9999.00 -9999.00 -9999.00 -9999.00 -9999.00 -9999.00 -9999.00 -9999.00 -9999.00 -9999.00 -9999.00 -9999.00 -9999.00 -9999.00 -9999.00 -9999.00 -9999.00 -9999.00 -9999.00 -9999.00 -9999.00 -9999.00 -9999.00 -9999.00 -9999.00 -9999.00 -9999.00 -9999.00 -9999.00 -9999.00 -9999.00 -9999.00 -9999.00 -9999.00
-9999.00 -9999.00 -9999.00 7.68 7.86 8.17 9.67 12.24 12.48 11.67 14.39 15.57 14.66 12.07 11.49 11.97 11.07 10.67 10.24 9.09 9.88 10.30 9.77 9.54 8.53 7.37 6.50 6.05 5.89 5.15 4.72 4.31 4.17 3.95 3.81 3.74 3.47 3.41 -9999.00 -9999.00 -9999.00 -9999.00 -9999.00 -9999.00 -9999.00 -9999.00 -9999.00 -9999.00 -9999.00 -9999.00 -9999.00 -9999.00 -9999.00 -9999.00 -9999.00 -9999.00 -9999.00 -9999.00 -9999.00 -9999.00 -9999.00 -9999.00 -9999.00 -9999.00 -9999.00 -9999.00 -9999.00 -9999.00 -9999.00 -9999.00 -9999.00 -9999.00 -9999.00
-9999.00 -9999.00 -9999.00 9.68 9.57 9.25 9.75 11.67 11.64 10.24 10.69 14.73 14.16 13.98 13.03 11.54 9.93 9.44 8.68 8.13 8.30 8.75 8.95 7.88 7.35 6.71 6.12 5.75 5.57 5.12 4.60 4.23 4.07 3.96 3.73 3.67 3.52 3.39 3.31 -9999.00 -9999.00 -9999.00 -9999.00 -9999.00 -9999.00 -9999.00 -9999.00 -9999.00 -9999.00 -9999.00 -9999.00 -9999.00 -9999.00 -9999.00 -9999.00 -9999.00 -9999.00 -9999.00 -9999.00 -9999.00 -9999.00 -9999.00 -9999.00 -9999.00 -9999.00 -9999.00 -9999.00 -9999.00 -9999.00 -9999.00 -9999.00 -9999.00 -9999.00
-9999.00 -9999.00 -9999.00 10.97 11.17 9.62 8.10 10.20 11.09 9.43 9.35 10.51 12.62 11.58 11.17 9.58 9.32 8.88 8.59 8.36 7.72 7.43 7.58 7.34 6.86 6.41 6.06 5.48 5.50 5.05 4.46 4.33 4.04 3.86 3.73 3.62 3.57 3.47 3.38 3.27 -9999.00 -9999.00 -9999.00 -9999.00 -9999.00 -9999.00 -9999.00 -9999.00 -9999.00 -9999.00 -9999.00 -9999.00 -9999.00 -9999.00 -9999.00 -9999.00 -9999.00 -9999.00 -9999.00 -9999.00 -9999.00 -9999.00 -9999.00 -9999.00 -9999.00 -9999.00 -9999.00 -9999.00 -9999.00 -9999.00 -9999.00 -9999.00 -9999.00
-9999.00 -9999.00 -9999.00 -9999.00 14.26 11.95 9.48 10.39 9.73 8.74 8.06 7.70 9.07 9.89 9.54 9.26 8.48 8.00 7.35 7.32 7.26 7.02 6.63 6.50 6.18 5.83 5.43 5.27 5.16 4.82 4.61 4.34 4.13 3.88 3.71 3.71 3.62 3.58 3.37 3.22 -9999.00 -9999.00 -9999.00 -9999.00 -9999.00 -9999.00 -9999.00 -9999.00 -9999.00 -9999.00 -9999.00 -9999.00 -9999.00 -9999.00 -9999.00 -9999.00 -9999.00 -9999.00 -9999.00 -9999.00 -9999.00 -9999.00 -9999.00 -9999.00 -9999.00 -9999.00 -9999.00 -9999.00 -9999.00 -9999.00 -9999.00 -9999.00 -9999.00
-9999.00 -9999.00 -9999.00 -9999.00 11.38 10.37 8.16 8.14 7.83 8.38 8.41 7.49 7.67 8.18 7.82 7.69 7.37 6.85 6.77 6.31 6.03 5.98 5.91 5.69 5.66 5.60 5.38 5.12 5.00 4.77 4.63 4.47 4.16 4.02 3.75 3.58 3.62 3.45 3.33 3.19 -9999.00 -9999.00 -9999.00 -9999.00 -9999.00 -9999.00 -9999.00 -9999.00 -9999.00 -9999.00 -9999.00 -9999.00 -9999.00 -9999.00 -9999.00 -9999.00 -9999.00 -9999.00 -9999.00 -9999.00 -9999.00 -9999.00 -9999.00 -9999.00 -9999.00 -9999.00 -9999.00 -9999.00 -9999.00 -9999.00 -9999.00 -9999.00 -9999.00
-9999.00 -9999.00 -9999.00 -9999.00 -9999.00 9.51 8.46 8.19 8.33 8.20 9.04 8.57 8.23 7.64 7.39 6.86 6.49 5.77 5.65 5.55 5.58 5.43 5.41 5.33 5.13 5.11 5.06 4.99 4.93 4.77 4.62 4.43 4.24 4.04 3.83 3.58 3.47 3.43 3.24 3.12 -9999.00 -9999.00 -9999.00 -9999.00 -9999.00 -9999.00 -9999.00 -9999.00 -9999.00 -9999.00 -9999.00 -9999.00 -9999.00 -9999.00 -9999.00 -9999.00 -9999.00 -9999.00 -9999.00 -9999.00 -9999.00 -9999.00 -9999.00 -9999.00 -9999.00 -9999.00 -9999.00 -9999.00 -9999.00 -9999.00 -9999.00 -9999.00 -9999.00
-9999.00 -9999.00 -9999.00 -9999.00 -9999.00 -9999.00 8.89 8.77 9.26 10.11 10.06 9.35 8.46 8.38 7.71 7.27 6.36 5.66 5.33 5.42 5.34 5.11 4.99 4.94 4.99 5.05 5.02 4.94 4.90 4.74 4.60 4.43 4.23 4.07 3.88 3.68 3.40 3.27 3.21 2.99 -9999.00 -9999.00 -9999.00 -9999.00 -9999.00 -9999.00 -9999.00 -9999.00 -9999.00 -9999.00 -9999.00 -9999.00 -9999.00 -9999.00 -9999.00 -9999.00 -9999.00 -9999.00 -9999.00 -9999.00 -9999.00 -9999.00 -9999.00 -9999.00 -9999.00 -9999.00 -9999.00 -9999.00 -9999.00 -9999.00 -9999.00 -9999.00 -9999.00
-9999.00 -9999.00 -9999.00 -9999.00 -9999.00 -9999.00 -9999.00 9.89 10.19 11.35 11.04 10.72 9.54 8.00 6.96 6.90 6.40 5.53 5.25 5.09 5.12 5.11 4.92 4.90 4.86 4.78 4.78 4.77 4.88 4.69 4.57 4.39 4.21 4.05 3.90 3.66 3.46 3.25 3.07 2.99 2.82 -9999.00 -9999.00 -9999.00 -9999.00 -9999.00 -9999.00 -9999.00 -9999.00 -9999.00 -9999.00 -9999.00 -9999.00 -9999.00 -9999.00 -9999.00 -9999.00 -9999.00 -9999.00 -9999.00 -9999.00 -9999.00 -9999.00 -9999.00 -9999.00 -9999.00 -9999.00 -9999.00 -9999.00 -9999.00 -9999.00 -9999.00 -9999.00
-9999.00 -9999.00 -9999.00 -9999.00 -9999.00 -9999.00 -9999.00 -9999.00 8.94 11.26 11.75 11.02 9.86 7.69 6.95 6.08 6.15 5.88 5.45 5.09 5.03 5.03 4.97 4.79 4.72 4.71 4.60 4.55 4.72 4.60 4.47 4.31 4.20 4.04 3.88 3.66 3.48 3.37 3.08 2.91 2.81 -9999.00 -9999.00 -9999.00 -9999.00 -9999.00 -9999.00 -9999.00 -9999.00 -9999.00 -9999.00 -9999.00 -9999.00 -9999.00 -9999.00 -9999.00 -9999.00 -9999.00 -9999.00 -9999.00 -9999.00 -9999.00 -9999.00 -9999.00 -9999.00 -9999.00 -9999.00 -9999.00 -9999.00 -9999.00 -9999.00 -9999.00 -9999.00
-9999.00 -9999.00 -9999.00 -9999.00 -9999.00 -9999.00 -9999.00 -9999.00 6.83 8.45 9.94 9.76 9.71 8.09 6.65 6.06 6.08 5.59 5.40 5.18 5.13 5.10 4.98 4.82 4.67 4.57 4.44 4.31 4.52 4.52 4.29 4.21 4.07 3.96 3.81 3.67 3.51 3.40 3.25 2.95 2.78 -9999.00 -9999.00 -9999.00 -9999.00 -9999.00 -9999.00 -9999.00 -9999.00 -9999.00 -9999.00 -9999.00 -9999.00 -9999.00 -9999.00 -9999.00 -9999.00 -9999.00 -9999.00 -9999.00 -9999.00 -9999.00 -9999.00 -9999.00 -9999.00 -9999.00 -9999.00 -9999.00 -9999.00 -9999.00 -9999.00 -9999.00 -9999.00
7.12 -9999.00 -9999.00 -9999.00 -9999.00 -9999.00 -9999.00 -9999.00 5.63 5.95 7.81 7.76 7.98 6.64 6.14 5.68 5.43 5.60 5.33 5.19 5.15 5.09 4.97 4.94 4.71 4.54 4.44 4.33 4.36 4.26 4.25 4.15 4.05 3.92 3.78 3.62 3.58 3.48 3.29 3.15 2.86 -9999.00 -9999.00 -9999.00 -9999.00 -9999.00 -9999.00 -9999.00 -9999.00 -9999.00 -9999.00 -9999.00 -9999.00 -9999.00 -9999.00 -9999.00 -9999.00 -9999.00 -9999.00 -9999.00 -9999.00 -9999.00 -9999.00 -9999.00 -9999.00 -9999.00 -9999.00 -9999.00 -9999.00 -9999.00 -9999.00 -9999.00 -9999.00
6.48 -9999.00 -9999.00 -9999.00 -9999.00 -9999.00 -9999.00 5.37 5.96 5.77 6.32 6.24 5.75 5.89 5.84 5.60 5.39 5.33 5.39 5.19 5.28 5.02 4.93 4.88 4.81 4.55 4.50 4.48 4.20 4.21 4.16 4.12 4.04 3.96 3.83 3.72 3.56 3.41 3.31 3.11 2.94 -9999.00 -9999.00 -9999.00 -9999.00 -9999.00 -9999.00 -9999.00 -9999.00 -9999.00 -9999.00 -9999.00 -9999.00 -9999.00 -9999.00 -9999.00 -9999.00 -9999.00 -9999.00 -9999.00 -9999.00 -9999.00 -9999.00 -9999.00 -9999.00 -9999.00 -9999.00 -9999.00 -9999.00 -9999.00 -9999.00 -9999.00 -9999.00
-9999.00 -9999.00 -9999.00 -9999.00 -9999.00 -9999.00 5.18 5.53 5.92 5.88 6.02 5.47 5.51 4.96 5.32 5.39 5.18 5.07 5.32 5.29 5.29 5.05 5.04 5.02 4.94 4.67 4.61 4.45 4.28 4.23 4.15 4.06 3.97 3.90 3.81 3.70 3.53 3.38 3.43 3.25 -9999.00 -9999.00 -9999.00 -9999.00 -9999.00 -9999.00 -9999.00 -9999.00 -9999.00 -9999.00 -9999.00 -9999.00 -9999.00 -9999.00 -9999.00 -9999.00 -9999.00 -9999.00 -9999.00 -9999.00 -9999.00 -9999.00 -9999.00 -9999.00 -9999.00 -9999.00 -9999.00 -9999.00 -9999.00 -9999.00 -9999.00 -9999.00 -9999.00
6.45 6.94 7.24 7.40 6.94 6.21 5.93 5.94 5.62 5.34 5.22 5.23 5.09 5.11 5.32 5.38 5.08 5.15 5.26 5.26 5.30 5.20 5.10 4.91 4.82 4.77 4.56 4.45 4.32 4.19 4.12 4.03 3.94 4.03 3.89 3.74 3.62 3.54 3.36 3.23 -9999.00 -9999.00 -9999.00 -9999.00 -9999.00 -9999.00 -9999.00 -9999.00 -9999.00 -9999.00 -9999.00 -9999.00 -9999.00 -9999.00 -9999.00 -9999.00 -9999.00 -9999.00 -9999.00 -9999.00 -9999.00 -9999.00 -9999.00 -9999.00 -9999.00 -9999.00 -9999.00 -9999.00 -9999.00 -9999.00 -9999.00 -9999.00 -9999.00
8.08 7.59 7.31 7.49 7.51 7.21 7.08 5.85 5.47 5.14 4.86 4.70 4.90 4.83 5.01 5.20 5.09 5.22 5.20 5.46 5.33 5.27 5.08 5.11 5.08 4.96 4.89 4.70 4.53 4.39 4.24 4.13 4.06 3.96 3.81 3.68 3.56 3.47 3.34 3.22 -9999.00 -9999.00 -9999.00 -9999.00 -9999.00 -9999.00 -9999.00 -9999.00 -9999.00 -9999.00 -9999.00 -9999.00 -9999.00 -9999.00 -9999.00 -9999.00 -9999.00 -9999.00 -9999.00 -9999.00 -9999.00 -9999.00 -9999.00 -9999.00 -9999.00 -9999.00 -9999.00 -9999.00 -9999.00 -9999.00 -9999.00 -9999.00 -9999.00
8.46 9.32 9.42 9.01 8.03 7.65 6.85 5.68 5.41 5.19 4.76 4.42 4.59 4.68 4.74 4.97 5.05 5.09 5.16 5.22 5.46 5.50 5.33 5.13 5.06 4.93 4.86 4.74 4.54 4.42 4.26 4.12 4.03 3.95 3.84 3.89 3.70 3.55 3.44 -9999.00 -9999.00 -9999.00 -9999.00 -9999.00 -9999.00 -9999.00 -9999.00 -9999.00 -9999.00 -9999.00 -9999.00 -9999.00 -9999.00 -9999.00 -9999.00 -9999.00 -9999.00 -9999.00 -9999.00 -9999.00 -9999.00 -9999.00 -9999.00 -9999.00 -9999.00 -9999.00 -9999.00 -9999.00 -9999.00 -9999.00 -9999.00 -9999.00 -9999.00
7.55 8.63 10.15 9.75 9.53 7.76 6.91 6.02 5.49 5.16 4.64 4.41 4.41 4.64 4.73 4.91 5.19 4.99 5.02 5.10 5.04 5.28 5.48 5.21 5.28 5.13 4.97 4.92 4.51 4.63 4.49 4.29 4.13 4.10 3.99 3.87 3.77 3.63 -9999.00 -9999.00 -9999.00 -9999.00 -9999.00 -9999.00 -9999.00 -9999.00 -9999.00 -9999.00 -9999.00 -9999.00 -9999.00 -9999.00 -9999.00 -9999.00 -9999.00 -9999.00 -9999.00 -9999.00 -9999.00 -9999.00 -9999.00 -9999.00 -9999.00 -9999.00 -9999.00 -9999.00 -9999.00 -9999.00 -9999.00 -9999.00 -9999.00 -9999.00 -9999.00
6.47 7.46 8.89 9.50 8.62 7.51 6.58 5.99 5.57 5.15 4.79 4.64 4.36 4.49 4.61 4.78 4.88 5.03 5.26 4.97 5.02 5.40 5.35 5.36 5.26 5.07 4.95 4.90 4.73 4.63 4.46 4.32 4.11 4.00 3.98 3.82 3.75 3.59 3.46 -9999.00 -9999.00 -9999.00 -9999.00 -9999.00 -9999.00 -9999.00 -9999.00 -9999.00 -9999.00 -9999.00 -9999.00 -9999.00 -9999.00 -9999.00 -9999.00 -9999.00 -9999.00 -9999.00 -9999.00 -9999.00 -9999.00 -9999.00 -9999.00 -9999.00 -9999.00 -9999.00 -9999.00 -9999.00 -9999.00 -9999.00 -9999.00 -9999.00 -9999.00
5.66 5.98 8.11 9.22 9.17 8.38 7.18 6.58 5.65 5.30 4.84 4.60 4.75 4.85 4.97 5.12 5.18 5.15 5.21 5.00 4.95 5.07 5.30 5.30 5.05 5.05 4.92 4.87 4.78 4.59 4.46 4.34 4.29 4.05 3.98 3.95 3.82 3.62 3.59 -9999.00 -9999.00 -9999.00 -9999.00 -9999.00 -9999.00 -9999.00 -9999.00 -9999.00 -9999.00 -9999.00 -9999.00 -9999.00 -9999.00 -9999.00 -9999.00 -9999.00 -9999.00 -9999.00 -9999.00 -9999.00 -9999.00 -9999.00 -9999.00 -9999.00 -9999.00 -9999.00 -9999.00 -9999.00 -9999.00 -9999.00 -9999.00 -9999.00 -9999.00
7.97 8.05 8.06 8.83 8.53 8.23 7.70 6.93 6.34 5.62 5.30 5.01 5.01 4.79 4.91 5.08 5.14 5.19 4.99 4.87 4.91 4.95 4.96 5.01 5.02 5.01 4.94 4.85 4.78 4.68 4.56 4.41 4.28 4.11 3.96 3.92 3.88 3.70 3.65 3.05 -9999.00 -9999.00 -9999.00 -9999.00 -9999.00 -9999.00 -9999.00 -9999.00 -9999.00 -9999.00 -9999.00 -9999.00 -9999.00 -9999.00 -9999.00 -9999.00 -9999.00 -9999.00 -9999.00 -9999.00 -9999.00 -9999.00 -9999.00 -9999.00 -9999.00 -9999.00 -9999.00 -9999.00 -9999.00 -9999.00 -9999.00 -9999.00 -9999.00
8.19 7.93 7.68 8.03 7.97 8.26 7.89 6.87 6.60 5.80 5.33 5.11 5.04 4.72 4.76 4.87 5.01 5.07 4.86 4.91 4.86 4.88 4.91 5.05 5.07 4.68 4.57 4.45 4.75 4.66 4.55 4.45 3.78 3.68 3.50 3.40 3.34 3.25 3.11 3.08 -9999.00 -9999.00 -9999.00 -9999.00 -9999.00 -9999.00 -9999.00 -9999.00 -9999.00 -9999.00 -9999.00 -9999.00 -9999.00 -9999.00 -9999.00 -9999.00 -9999.00 -9999.00 -9999.00 -9999.00 -9999.00 -9999.00 -9999.00 -9999.00 -9999.00 -9999.00 -9999.00 -9999.00 -9999.00 -9999.00 -9999.00 -9999.00 -9999.00
8.31 7.64 7.56 7.58 7.76 5.78 5.82 5.71 5.52 5.32 5.06 4.98 4.67 4.42 4.77 4.84 4.80 4.35 4.50 4.47 4.41 4.48 4.44 4.68 4.66 4.54 4.50 4.40 4.31 4.27 4.03 3.94 3.77 3.67 3.50 3.40 3.38 3.27 3.20 -9999.00 -9999.00 -9999.00 -9999.00 -9999.00 -9999.00 -9999.00 -9999.00 -9999.00 -9999.00 -9999.00 -9999.00 -9999.00 -9999.00 -9999.00 -9999.00 -9999.00 -9999.00 -9999.00 -9999.00 -9999.00 -9999.00 -9999.00 -9999.00 -9999.00 -9999.00 -9999.00 -9999.00 -9999.00 -9999.00 -9999.00 -9999.00 -9999.00 -9999.00
5.43 5.16 5.17 5.09 5.28 5.40 5.69 5.39 5.28 4.74 4.30 4.30 4.24 4.16 4.18 4.42 4.36 4.30 4.45 4.45 4.35 4.42 4.38 4.64 4.60 4.70 4.62 4.53 4.29 4.25 4.19 3.92 3.80 3.83 3.75 3.59 3.43 3.43 3.44 -9999.00 -9999.00 -9999.00 -9999.00 -9999.00 -9999.00 -9999.00 -9999.00 -9999.00 -9999.00 -9999.00 -9999.00 -9999.00 -9999.00 -9999.00 -9999.00 -9999.00 -9999.00 -9999.00 -9999.00 -9999.00 -9999.00 -9999.00 -9999.00 -9999.00 -9999.00 -9999.00 -9999.00 -9999.00 -9999.00 -9999.00 -9999.00 -9999.00 -9999.00
5.48 5.30 4.63 4.67 4.45 4.40 4.41 4.48 4.44 4.38 4.32 4.29 4.25 4.24 4.14 4.24 4.28 4.46 4.42 4.54 4.53 4.51 4.53 4.51 4.70 4.68 4.58 4.55 4.44 4.40 4.32 4.23 4.03 3.89 3.74 3.59 3.41 3.34 3.38 -9999.00 -9999.00 -9999.00 -9999.00 -9999.00 -9999.00 -9999.00 -9999.00 -9999.00 -9999.00 -9999.00 -9999.00 -9999.00 -9999.00 -9999.00 -9999.00 -9999.00 -9999.00 -9999.00 -9999.00 -9999.00 -9999.00 -9999.00 -9999.00 -9999.00 -9999.00 -9999.00 -9999.00 -9999.00 -9999.00 -9999.00 -9999.00 -9999.00 -9999.00
4.76 4.65 4.61 4.53 4.49 4.41 4.40 4.31 4.48 4.48 4.43 4.42 4.43 4.41 4.30 4.32 4.36 4.39 4.36 4.48 4.48 4.49 4.48 4.49 4.48 4.69 4.66 4.62 4.42 4.40 4.32 4.24 4.00 3.95 3.74 3.66 3.47 3.36 3.44 -9999.00 -9999.00 -9999.00 -9999.00 -9999.00 -9999.00 -9999.00 -9999.00 -9999.00 -9999.00 -9999.00 -9999.00 -9999.00 -9999.00 -9999.00 -9999.00 -9999.00 -9999.00 -9999.00 -9999.00 -9999.00 -9999.00 -9999.00 -9999.00 -9999.00 -9999.00 -9999.00 -9999.00 -9999.00 -9999.00 -9999.00 -9999.00 -9999.00 -9999.00
4.83 4.80 4.71 4.63 4.57 4.51 4.47 4.45 4.55 4.53 4.45 4.46 4.45 4.30 4.33 4.28 4.31 4.39 4.41 4.38 4.51 4.57 4.50 4.54 4.52 4.78 4.69 4.67 4.58 4.41 4.40 4.29 4.19 3.95 3.91 3.71 3.56 3.39 3.26 -9999.00 -9999.00 -9999.00 -9999.00 -9999.00 -9999.00 -9999.00 -9999.00 -9999.00 -9999.00 -9999.00 -9999.00 -9999.00 -9999.00 -9999.00 -9999.00 -9999.00 -9999.00 -9999.00 -9999.00 -9999.00 -9999.00 -9999.00 -9999.00 -9999.00 -9999.00 -9999.00 -9999.00 -9999.00 -9999.00 -9999.00 -9999.00 -9999.00 -9999.00
4.87 4.83 4.75 4.68 4.61 4.54 4.50 4.46 4.73 4.71 4.57 4.45 4.44 4.43 4.34 4.35 4.31 4.33 4.35 4.36 4.51 4.59 4.54 4.53 4.56 4.49 4.66 4.68 4.59 4.50 4.42 4.29 4.17 4.10 3.94 3.85 3.60 3.44 -9999.00 -9999.00 -9999.00 -9999.00 -9999.00 -9999.00 -9999.00 -9999.00 -9999.00 -9999.00 -9999.00 -9999.00 -9999.00 -9999.00 -9999.00 -9999.00 -9999.00 -9999.00 -9999.00 -9999.00 -9999.00 -9999.00 -9999.00 -9999.00 -9999.00 -9999.00 -9999.00 -9999.00 -9999.00 -9999.00 -9999.00 -9999.00 -9999.00 -9999.00 -9999.00
4.97 5.01 4.93 4.74 4.75 4.62 4.56 4.57 4.44 4.71 4.66 4.35 4.36 4.45 4.42 4.46 4.26 4.30 4.31 4.38 4.30 4.49 4.53 4.44 4.45 4.39 4.40 4.65 4.58 4.53 4.41 4.32 4.20 4.13 3.93 3.77 3.62 3.45 -9999.00 -9999.00 -9999.00 -9999.00 -9999.00 -9999.00 -9999.00 -9999.00 -9999.00 -9999.00 -9999.00 -9999.00 -9999.00 -9999.00 -9999.00 -9999.00 -9999.00 -9999.00 -9999.00 -9999.00 -9999.00 -9999.00 -9999.00 -9999.00 -9999.00 -9999.00 -9999.00 -9999.00 -9999.00 -9999.00 -9999.00 -9999.00 -9999.00 -9999.00 -9999.00
4.96 5.01 4.93 4.74 4.70 4.63 4.55 4.47 4.40 4.52 4.37 4.31 4.32 4.35 4.35 4.34 4.28 4.27 4.32 4.35 4.29 4.33 4.52 4.52 4.44 4.47 4.38 4.77 4.66 4.54 4.49 4.32 4.22 4.13 4.05 3.75 3.64 -9999.00 -9999.00 -9999.00 -9999.00 -9999.00 -9999.00 -9999.00 -9999.00 -9999.00 -9999.00 -9999.00 -9999.00 -9999.00 -9999.00 -9999.00 -9999.00 -9999.00 -9999.00 -9999.00 -9999.00 -9999.00 -9999.00 -9999.00 -9999.00 -9999.00 -9999.00 -9999.00 -9999.00 -9999.00 -9999.00 -9999.00 -9999.00 -9999.00 -9999.00 -9999.00 -9999.00
4.98 4.93 5.00 4.92 4.71 4.63 4.54 4.47 4.41 4.32 4.50 4.42 4.44 4.34 4.37 4.36 4.41 4.32 4.38 4.42 4.43 4.40 4.55 4.59 4.51 4.47 4.43 4.49 4.61 4.57 4.53 4.44 4.28 4.23 4.14 4.00 -9999.00 -9999.00 -9999.00 -9999.00 -9999.00 -9999.00 -9999.00 -9999.00 -9999.00 -9999.00 -9999.00 -9999.00 -9999.00 -9999.00 -9999.00 -9999.00 -9999.00 -9999.00 -9999.00 -9999.00 -9999.00 -9999.00 -9999.00 -9999.00 -9999.00 -9999.00 -9999.00 -9999.00 -9999.00 -9999.00 -9999.00 -9999.00 -9999.00 -9999.00 -9999.00 -9999.00 -9999.00
4.97 4.88 5.07 5.01 4.74 4.67 4.59 4.51 4.46 4.41 4.53 4.50 4.42 4.40 4.48 4.49 4.49 4.36 4.34 4.39 4.43 4.40 4.40 4.56 4.59 4.47 4.46 4.47 4.70 4.65 4.54 4.50 4.32 4.22 4.11 4.02 -9999.00 -9999.00 -9999.00 -9999.00 -9999.00 -9999.00 -9999.00 -9999.00 -9999.00 -9999.00 -9999.00 -9999.00 -9999.00 -9999.00 -9999.00 -9999.00 -9999.00 -9999.00 -9999.00 -9999.00 -9999.00 -9999.00 -9999.00 -9999.00 -9999.00 -9999.00 -9999.00 -9999.00 -9999.00 -9999.00 -9999.00 -9999.00 -9999.00 -9999.00 -9999.00 -9999.00 -9999.00
