dati/cumulata_oraria_prisma_2018052803.txt
ncols        251
nrows        249
xllcorner         436000.00000
yllcorner        4918000.00000
cellsize           1000.00000
NODATA_value          -9999.00000
[rows 64 to 95 of 249, columns 73 to 145 of 251]
1.00 0.88 0.76 0.64 0.54 0.44 0.35 0.28 0.21 0.00 0.00 0.00 0.00 0.00 0.00 0.00 0.00 0.00 0.00 0.26 0.28 0.31 0.34 0.26 0.21 0.28 0.34 0.54 0.86 2.06 2.49 2.65 2.46 2.54 3.19 3.80 4.46 4.73 4.54 4.83 5.14 4.79 4.69 4.84 4.63 4.25 4.62 4.69 4.22 4.33 3.76 3.63 3.74 3.91 3.80 3.79 3.70 3.73 3.78 3.92 3.78 3.52 3.52 3.20 2.94 2.51 2.30 1.99 1.64 1.23 1.00 0.76 0.63
1.14 1.01 0.88 0.75 0.63 0.53 0.43 0.35 0.27 0.21 0.00 0.00 0.00 0.00 0.00 0.00 0.00 0.00 0.23 0.42 0.48 0.50 0.51 0.40 0.36 0.37 0.47 0.55 0.80 1.48 2.64 3.22 2.87 2.65 3.19 3.64 4.36 4.62 4.71 4.96 5.43 5.23 5.22 5.46 5.30 5.17 5.73 5.53 5.09 4.66 3.98 3.69 3.88 4.21 4.22 3.93 3.84 3.84 3.87 4.20 4.10 3.91 3.66 3.23 3.00 2.63 2.46 2.11 1.67 1.27 1.02 0.77 0.65
1.28 1.13 0.99 0.86 0.73 0.61 0.51 0.41 0.33 0.25 0.19 0.00 0.00 0.00 0.00 0.00 0.00 0.23 0.40 0.51 0.63 0.68 0.63 0.67 0.66 0.64 0.77 0.82 1.05 1.71 2.82 3.33 3.05 2.91 3.31 3.32 3.84 4.44 4.62 4.88 5.59 5.57 5.44 5.55 5.51 5.54 5.71 5.77 5.54 5.14 4.27 3.69 3.86 4.13 4.39 4.11 3.86 3.71 3.95 4.48 4.56 4.31 3.92 3.53 3.18 2.92 2.43 2.00 1.71 1.26 1.03 0.78 0.66
1.41 1.26 1.10 0.96 0.82 0.69 0.58 0.47 0.38 0.30 0.23 0.17 0.00 0.00 0.00 0.00 0.00 0.28 0.50 0.68 0.75 0.88 0.84 0.76 0.74 0.74 0.86 1.24 1.87 2.23 2.60 3.34 2.99 3.20 3.31 3.40 3.78 4.13 4.88 5.39 5.12 5.68 5.62 5.79 5.86 5.88 5.89 5.71 5.42 4.90 4.39 3.85 4.18 4.30 4.46 4.29 4.07 3.80 3.81 4.43 5.32 5.85 3.93 3.39 3.01 2.93 2.70 2.15 1.85 1.41 1.08 0.89 0.67
1.54 1.37 1.21 1.05 0.91 0.77 0.64 0.52 0.42 0.33 0.25 0.19 0.00 0.00 0.00 0.00 0.16 0.32 0.48 0.68 0.82 0.96 0.95 0.87 0.85 1.01 1.13 1.49 2.07 2.30 2.61 3.21 3.16 3.53 3.72 3.55 3.71 4.20 5.16 5.41 5.15 5.38 5.60 5.77 5.52 5.35 5.89 5.12 5.02 4.77 4.51 4.28 4.37 4.38 4.58 4.46 4.15 3.79 3.94 4.42 5.89 6.35 3.90 3.36 2.90 2.82 2.64 2.21 1.79 1.40 1.09 0.90 0.68
1.65 1.48 1.31 1.14 0.98 0.83 0.70 0.57 0.46 0.36 0.28 0.21 0.00 0.00 0.00 0.00 0.17 0.33 0.48 0.61 0.81 0.92 0.93 0.91 0.91 1.12 1.27 1.93 2.43 2.61 2.04 3.19 3.88 4.74 4.35 4.10 5.64 4.83 4.82 4.80 4.77 5.28 5.49 5.61 5.25 5.54 5.98 5.18 4.95 4.81 4.72 4.45 4.63 4.71 4.83 4.69 4.31 4.01 3.91 4.41 5.28 5.58 3.76 3.24 2.86 2.67 2.44 2.23 1.75 1.36 1.11 0.90 0.69
1.75 1.57 1.39 1.22 1.05 0.89 0.74 0.61 0.49 0.39 0.29 0.22 0.00 0.23 0.18 0.18 0.21 0.32 0.51 0.60 0.84 0.83 0.86 1.07 1.01 1.07 1.50 2.12 3.14 3.15 2.15 3.46 4.99 6.64 4.69 4.60 6.30 5.25 4.72 4.52 4.68 5.22 5.43 5.25 5.22 5.51 6.05 5.37 4.81 4.81 4.94 4.89 4.70 5.21 5.21 5.14 4.58 4.34 4.18 4.43 4.84 4.73 3.93 3.38 2.94 2.73 2.63 2.56 1.93 1.51 1.21 0.97 0.70
1.84 1.65 1.46 1.28 1.10 0.94 0.78 0.64 0.52 0.40 0.31 0.22 0.36 0.32 0.25 0.27 0.29 0.37 0.51 0.61 0.76 0.84 0.94 1.00 1.07 1.14 1.62 2.38 3.68 3.88 3.05 3.62 4.73 6.20 4.63 4.89 5.69 4.53 4.45 4.18 4.17 4.69 5.19 4.75 4.77 4.86 5.57 5.24 4.73 4.63 4.77 5.31 5.27 5.53 5.84 5.91 5.22 4.60 4.23 4.50 4.65 4.42 3.74 3.32 2.93 2.70 2.62 2.49 1.92 1.52 1.21 0.98 0.71
1.91 1.72 1.52 1.33 1.15 0.98 0.82 0.67 0.53 0.42 0.31 0.37 0.46 0.55 0.46 0.41 0.43 0.41 0.61 0.72 0.84 0.98 0.97 0.99 1.22 1.28 1.75 2.54 2.86 4.07 3.65 3.91 4.53 4.68 4.49 4.32 4.19 4.10 4.18 4.22 3.92 4.44 4.79 4.33 4.41 4.40 5.21 4.88 4.55 4.51 4.68 5.26 5.58 5.79 6.29 6.27 5.63 4.79 4.29 4.39 4.37 4.05 3.53 3.29 2.87 2.67 2.61 2.51 2.06 1.63 1.36 1.08 0.85
1.97 1.77 1.57 1.38 1.19 1.01 0.84 0.69 0.55 0.42 0.47 0.48 0.53 0.67 0.53 0.51 0.70 0.56 0.67 0.86 0.99 1.25 1.29 1.38 1.42 1.95 2.25 2.61 2.88 3.47 2.99 3.22 3.18 4.26 4.25 4.00 3.67 3.98 4.11 4.24 3.91 4.33 4.63 4.45 4.16 4.13 4.85 4.86 4.78 4.77 5.05 4.94 5.15 5.32 5.77 6.13 5.88 4.58 4.05 3.70 3.63 3.43 3.07 2.93 2.69 2.56 2.41 2.31 2.06 1.64 1.38 1.13 0.87
2.01 1.81 1.61 1.41 1.22 1.04 0.86 0.71 0.56 0.43 0.48 0.55 0.56 0.84 1.04 0.73 0.85 0.76 0.63 0.99 1.21 1.51 1.50 1.73 1.81 2.18 2.87 2.94 2.69 3.23 2.99 3.08 3.19 3.23 3.35 3.29 3.23 3.41 3.45 3.58 3.41 3.75 4.15 4.41 4.10 4.61 4.99 4.99 4.81 5.01 5.30 5.42 5.87 6.15 6.84 6.73 5.84 4.75 4.13 3.59 3.41 3.41 3.19 3.02 2.68 2.49 2.33 2.24 1.95 1.66 1.36 1.13 0.77
2.04 1.83 1.63 1.43 1.24 1.06 0.88 0.72 0.57 0.44 0.47 0.60 0.78 1.14 1.41 1.21 1.31 0.97 0.85 1.19 1.68 1.64 1.80 1.90 2.11 2.13 2.67 2.96 3.05 3.29 3.10 3.50 3.50 3.53 3.47 3.36 3.54 3.84 3.85 3.64 3.58 3.72 4.30 4.04 3.89 4.30 4.82 4.56 4.68 4.69 5.39 5.73 6.26 7.01 7.76 7.42 5.55 4.52 4.08 3.70 3.37 3.59 3.65 3.25 3.03 2.92 2.56 2.33 2.03 1.67 1.35 1.11 0.81
2.05 1.85 1.65 1.45 1.26 1.08 0.90 0.74 0.59 0.45 0.46 0.53 0.96 1.51 2.29 1.93 1.95 1.45 0.88 1.05 2.06 2.07 2.09 2.45 2.79 2.49 2.60 2.84 3.10 3.20 3.17 3.80 4.24 3.67 3.59 3.59 4.23 4.50 4.41 4.07 3.76 3.94 4.54 4.27 4.29 4.84 5.84 5.76 5.00 4.84 5.80 5.86 7.54 7.86 8.87 8.43 5.90 4.58 3.94 3.93 3.65 3.47 3.78 3.57 3.14 3.57 3.31 2.86 2.17 1.69 1.38 1.14 0.85
2.06 1.87 1.85 1.63 1.28 1.10 0.93 0.76 0.61 0.47 0.50 0.65 1.33 2.21 2.95 3.06 3.37 1.69 1.22 1.09 0.98 1.93 2.32 2.65 3.10 3.18 2.80 2.62 2.95 3.27 3.21 3.48 4.87 3.67 3.77 3.90 4.43 4.75 4.52 4.08 3.90 4.31 4.85 4.77 4.81 6.47 7.35 7.23 5.59 6.24 7.22 6.16 7.41 8.12 8.23 7.93 6.01 4.01 3.46 3.42 3.30 3.10 3.25 3.00 3.15 3.77 3.66 3.17 2.43 1.76 1.35 1.12 0.89
2.06 2.24 2.01 1.85 1.52 1.13 0.96 0.79 0.64 0.50 0.56 0.57 1.03 2.46 4.07 4.69 4.75 2.12 1.93 1.50 1.13 2.55 2.83 3.23 3.89 4.26 3.65 2.88 3.01 3.49 3.99 4.61 4.67 3.64 3.84 4.06 4.77 5.17 4.87 4.52 4.16 4.29 4.58 4.76 4.91 6.58 8.52 8.39 7.24 9.68 9.18 8.23 10.95 12.27 9.21 7.80 5.63 3.82 3.33 3.25 3.20 3.03 2.98 2.85 2.64 2.99 3.60 3.72 2.69 1.59 1.26 1.04 0.95
2.17 2.37 2.36 2.18 1.93 1.40 1.00 0.84 0.69 0.69 0.63 0.75 1.69 3.66 5.11 7.00 6.06 3.24 2.56 2.27 1.17 2.82 3.13 3.87 4.49 4.40 4.05 3.89 3.62 4.18 4.88 4.76 4.30 4.17 4.40 4.77 5.47 5.71 5.48 5.29 4.53 4.44 4.32 4.61 4.81 6.48 8.42 9.43 8.35 10.46 10.78 9.01 10.95 12.01 9.45 7.66 5.30 3.80 3.38 3.17 3.03 2.92 2.87 2.79 2.68 3.14 4.02 3.84 2.39 1.63 1.20 1.10 1.01
2.22 2.60 2.94 2.81 2.62 1.83 1.26 1.09 0.87 0.77 0.69 0.81 1.81 4.31 6.18 8.45 8.32 4.70 4.03 2.48 1.80 2.81 3.45 4.51 4.61 4.92 4.86 4.62 4.00 4.30 5.06 5.11 4.24 4.41 4.54 4.93 5.37 5.97 5.75 5.29 5.46 4.88 4.46 4.65 5.16 6.56 8.01 9.26 9.08 11.07 10.14 8.77 10.53 11.68 8.66 6.89 5.46 4.56 3.60 3.21 3.13 3.02 2.99 2.87 2.70 3.13 4.63 4.43 2.76 1.77 1.27 1.17 1.07
2.34 3.09 3.29 3.98 4.17 3.21 2.00 1.36 1.07 0.90 0.94 1.12 2.85 5.71 7.40 10.00 9.73 6.84 6.12 6.39 2.40 3.65 4.40 5.46 6.48 5.65 4.99 4.97 4.67 5.00 5.94 5.61 4.61 4.23 4.51 4.88 5.54 6.21 6.12 5.56 5.80 5.59 4.76 4.81 5.07 6.58 8.58 10.24 10.55 12.27 9.66 8.20 8.64 10.52 9.00 5.87 5.02 4.55 4.11 3.35 3.18 3.21 3.26 3.01 2.80 2.78 2.99 3.76 2.76 1.80 1.34 1.24 1.14
2.70 3.45 4.39 6.93 6.61 7.16 4.17 2.18 1.35 1.11 1.20 1.69 3.04 5.69 8.94 9.48 8.09 7.35 9.14 6.40 4.50 5.25 5.32 5.86 7.60 6.82 5.91 6.77 6.23 5.67 6.91 5.68 4.38 4.24 4.41 5.10 5.86 6.11 6.09 5.54 5.88 6.09 4.96 4.71 5.07 6.15 7.56 9.63 10.67 10.81 9.35 8.48 8.59 9.93 8.30 6.02 4.84 4.70 4.21 3.45 3.00 3.21 3.45 3.26 2.79 2.65 2.96 3.83 2.95 1.93 1.42 1.32 1.22
4.00 4.62 6.86 12.51 11.38 7.88 7.03 2.96 1.86 1.66 1.50 1.75 3.03 6.48 12.26 10.48 6.66 6.16 8.60 8.99 8.86 7.31 6.37 6.01 8.58 8.17 6.79 8.89 7.38 6.91 7.76 6.96 4.70 4.01 4.13 4.58 5.80 7.02 6.66 6.12 6.41 5.78 4.89 4.71 5.11 5.75 6.85 8.75 8.72 9.34 9.21 8.49 8.69 9.27 8.62 6.36 4.84 4.11 3.89 3.60 3.18 3.38 3.41 3.04 2.79 2.56 2.46 2.36 1.97 1.77 1.50 1.39 1.29
7.60 8.02 7.95 16.39 16.21 8.72 5.64 3.45 2.32 2.09 1.95 2.20 3.79 6.60 14.53 11.17 6.83 4.44 6.85 9.10 10.22 8.45 5.63 6.28 9.04 10.51 7.83 8.75 8.99 7.55 8.58 6.80 5.31 4.35 4.26 5.14 6.51 7.21 7.53 6.78 6.36 6.37 5.10 4.76 4.98 5.23 5.89 7.21 7.74 8.44 8.55 8.07 9.02 9.17 9.74 8.75 7.31 5.31 4.21 3.63 3.22 3.25 3.36 3.00 2.80 2.53 2.47 2.25 2.04 1.84 1.57 1.47 1.36
9.87 7.78 10.74 14.40 15.48 9.83 6.04 3.96 3.02 2.86 2.43 2.39 4.14 7.72 12.28 11.81 5.79 4.21 5.84 9.64 12.60 10.72 5.32 5.39 10.75 12.92 9.37 9.32 8.08 6.62 9.09 8.00 5.65 4.89 4.73 5.19 6.51 7.92 8.65 8.33 7.01 6.20 5.20 4.76 5.06 5.55 6.37 7.34 7.82 7.94 8.71 8.88 8.68 8.51 9.15 9.37 8.20 5.67 4.07 3.48 3.37 3.26 3.30 3.09 2.79 2.56 2.47 2.21 2.08 1.92 1.65 1.54 1.43
10.46 6.50 10.57 14.13 14.88 10.76 6.50 4.67 3.81 3.66 3.28 3.18 4.93 7.37 8.64 7.29 4.54 4.67 7.02 11.57 15.56 14.70 5.16 4.80 11.07 12.32 11.03 9.93 7.26 5.38 9.65 8.93 5.94 5.37 5.10 5.61 7.49 9.32 10.00 10.10 8.20 6.76 5.84 5.11 5.37 5.69 6.74 7.48 8.51 8.16 8.88 11.15 8.47 7.89 8.57 9.80 9.45 6.45 4.99 4.04 3.43 3.36 3.34 3.07 2.76 2.53 2.39 2.28 2.10 1.98 1.71 1.61 1.50
13.11 8.26 4.91 8.48 11.67 9.02 5.93 4.57 4.52 4.82 4.59 4.29 5.64 6.41 6.70 5.33 4.29 4.31 5.53 11.08 16.23 17.36 7.67 5.78 7.64 10.30 10.53 8.46 4.50 6.01 11.48 9.99 6.62 6.10 5.96 5.92 6.92 9.59 12.20 11.80 8.31 7.26 6.18 5.43 5.78 6.12 7.75 8.13 8.50 7.42 7.93 10.82 9.99 8.35 8.28 9.17 9.96 9.01 5.81 4.41 3.53 3.27 3.29 3.12 2.78 2.50 2.41 2.29 2.15 1.88 1.77 1.66 1.55
15.30 7.63 5.06 5.76 7.90 6.41 4.48 3.99 5.30 6.04 5.85 6.42 7.63 7.21 6.00 5.25 3.50 3.31 3.91 7.55 14.80 19.47 12.98 9.08 7.09 8.62 7.29 4.76 4.61 6.65 11.08 11.26 7.49 6.86 6.45 6.91 7.63 11.38 14.81 14.01 10.78 9.24 6.85 5.85 5.84 6.95 9.04 10.19 8.51 7.12 8.31 11.63 12.13 9.57 8.60 8.90 9.89 8.99 6.08 4.57 3.69 3.29 3.25 3.10 2.81 2.52 2.35 2.23 2.02 1.93 1.82 1.71 1.60
14.78 8.87 6.22 5.51 5.67 4.99 4.15 4.08 5.70 7.82 8.00 9.58 10.73 8.56 5.71 5.31 3.02 2.98 3.62 4.61 9.31 11.03 12.01 9.37 7.50 7.50 5.23 4.29 4.18 6.30 8.80 9.57 7.63 8.03 7.07 7.70 8.68 11.31 17.84 16.78 13.55 9.63 6.87 5.86 6.46 9.17 10.05 10.37 8.94 7.00 8.31 11.78 13.94 13.16 10.45 8.85 9.97 10.37 8.90 6.71 4.47 3.59 3.26 3.04 2.78 2.54 2.30 2.15 2.06 1.96 1.86 1.75 1.64
11.03 10.37 7.44 6.29 5.94 5.83 5.18 5.16 6.49 10.76 11.06 11.56 11.05 8.92 5.68 4.68 3.01 2.83 4.19 5.21 4.93 4.89 7.46 7.72 7.18 6.42 6.48 4.40 3.98 6.97 8.63 8.99 8.55 10.02 8.55 8.45 9.72 11.54 18.90 18.78 15.52 9.80 7.65 6.51 6.65 9.37 12.32 12.77 9.77 7.39 8.38 11.31 14.02 13.32 10.98 9.63 9.07 9.62 9.92 7.70 4.07 3.58 3.41 3.22 2.95 2.65 2.43 2.17 2.08 1.98 1.88 1.77 1.66
6.61 7.56 8.33 7.31 7.05 7.40 7.88 7.76 8.42 12.39 14.05 13.02 11.08 8.19 5.78 4.19 2.83 2.75 5.00 7.58 5.44 4.07 4.97 5.79 5.21 6.82 6.61 4.13 4.20 8.35 9.24 9.22 9.15 11.17 8.85 8.98 10.26 12.92 20.00 20.75 17.62 13.88 8.61 6.88 8.16 11.35 18.29 14.71 11.46 10.47 9.12 10.47 13.50 12.83 11.21 8.75 8.08 8.54 11.16 9.22 5.79 4.08 3.57 3.28 2.88 2.66 2.51 2.28 2.08 1.99 1.89 1.79 1.67
5.01 6.27 8.48 7.11 7.21 10.23 11.38 10.81 9.81 15.20 19.47 17.32 15.11 10.81 6.40 3.72 2.77 2.74 5.59 9.65 7.66 5.18 5.31 4.65 4.70 6.62 8.53 4.70 3.94 9.74 10.50 9.36 10.57 11.52 8.37 9.37 9.73 12.42 18.30 21.11 21.67 15.70 9.44 7.55 9.28 12.06 21.62 17.88 14.11 11.42 10.18 10.36 10.12 11.15 9.68 7.65 7.23 8.28 9.73 10.23 6.46 4.28 3.48 3.37 3.03 2.62 2.47 2.31 2.07 1.98 1.88 1.78 1.67
5.39 6.40 7.27 7.30 7.69 10.89 14.01 12.81 11.00 14.68 19.46 21.99 19.72 12.06 7.43 3.88 2.86 2.86 4.32 9.70 9.25 6.80 6.69 5.18 5.24 8.18 9.88 5.58 3.54 7.50 8.32 8.71 10.94 9.74 7.89 8.40 8.63 10.94 16.04 20.37 21.73 15.64 9.03 7.54 10.08 13.08 22.94 20.07 14.82 11.70 12.11 12.68 9.27 11.07 10.38 7.70 6.99 6.70 8.68 9.23 7.40 4.29 3.77 3.53 3.07 2.66 2.44 2.31 2.20 1.96 1.86 1.76 1.66
7.01 6.96 7.46 8.07 9.03 10.68 13.49 13.15 9.69 10.76 13.62 16.92 17.38 13.15 9.56 4.70 3.08 2.90 3.50 8.01 8.97 9.10 9.01 6.26 6.14 9.65 10.50 6.84 4.36 4.50 4.82 7.62 8.25 5.71 5.96 7.71 7.28 8.49 13.07 17.07 17.77 14.45 7.20 7.26 10.50 18.21 22.95 20.40 14.86 11.94 11.69 13.24 12.07 11.53 10.71 12.31 8.89 7.85 7.70 8.70 8.21 5.63 3.81 3.44 3.19 2.68 2.47 2.31 2.14 1.91 1.83 1.73 1.63
10.23 9.55 8.08 9.00 9.51 10.32 12.11 11.02 9.14 7.09 6.63 11.04 13.08 14.23 9.57 5.73 3.38 2.92 2.63 4.90 5.68 9.24 10.79 7.41 7.19 10.53 10.98 7.76 4.55 2.34 2.82 4.92 4.56 4.21 4.43 6.72 5.71 6.56 9.76 11.71 10.97 8.22 5.06 6.47 10.48 18.12 21.08 22.47 15.16 11.90 11.74 13.29 14.61 12.75 13.29 13.03 10.35 8.46 8.60 7.73 7.52 5.54 3.86 3.17 2.99 2.55 2.33 2.18 2.04 1.86 1.77 1.69 1.59
