dati/cumulata_oraria_prisma_2018052808.txt
ncols        251
nrows        249
xllcorner         436000.00000
yllcorner        4918000.00000
cellsize           1000.00000
NODATA_value          -9999.00000
[rows 32 to 63 of 249, columns 73 to 145 of 251]
-9999.00 -9999.00 -9999.00 -9999.00 -9999.00 -9999.00 -9999.00 -9999.00 -9999.00 -9999.00 -9999.00 -9999.00 -9999.00 0.68 1.37 1.14 0.71 0.64 0.63 0.58 0.44 0.38 0.33 0.30 0.17 0.17 0.00 0.00 0.00 0.00 0.00 -9999.00 -9999.00 -9999.00 -9999.00 -9999.00 -9999.00 -9999.00 -9999.00 -9999.00 -9999.00 -9999.00 -9999.00 -9999.00 -9999.00 -9999.00 -9999.00 -9999.00 -9999.00 -9999.00 -9999.00 -9999.00 -9999.00 -9999.00 1.81 1.98 2.13 2.28 2.41 2.53 2.63 2.71 2.77 2.80 2.81 2.80 2.76 2.70 -9999.00 -9999.00 -9999.00 -9999.00 -9999.00
-9999.00 -9999.00 -9999.00 -9999.00 -9999.00 -9999.00 -9999.00 -9999.00 -9999.00 -9999.00 -9999.00 -9999.00 -9999.00 -9999.00 1.34 1.18 1.00 0.57 0.62 0.55 0.45 0.40 0.35 0.31 0.28 0.17 0.17 0.00 0.00 0.00 0.00 -9999.00 -9999.00 -9999.00 -9999.00 -9999.00 -9999.00 -9999.00 -9999.00 -9999.00 -9999.00 -9999.00 -9999.00 -9999.00 -9999.00 -9999.00 -9999.00 0.78 0.92 1.07 -9999.00 -9999.00 1.55 1.72 1.89 2.05 2.21 2.35 2.48 2.60 2.70 2.77 2.83 2.86 2.86 2.84 2.80 2.74 -9999.00 -9999.00 -9999.00 -9999.00 -9999.00
-9999.00 -9999.00 -9999.00 -9999.00 -9999.00 -9999.00 -9999.00 -9999.00 -9999.00 -9999.00 -9999.00 -9999.00 -9999.00 -9999.00 1.38 1.43 1.13 0.89 0.58 0.47 0.47 0.41 0.34 0.32 0.30 0.18 0.17 0.17 0.00 0.00 0.00 -9999.00 -9999.00 -9999.00 -9999.00 -9999.00 -9999.00 -9999.00 -9999.00 -9999.00 -9999.00 -9999.00 -9999.00 -9999.00 -9999.00 -9999.00 -9999.00 0.84 0.97 1.12 1.28 1.44 1.61 1.78 1.94 2.10 2.26 2.40 2.53 2.64 2.74 2.81 2.86 2.89 2.89 2.87 2.82 2.76 -9999.00 -9999.00 -9999.00 -9999.00 -9999.00
-9999.00 -9999.00 -9999.00 -9999.00 -9999.00 -9999.00 -9999.00 -9999.00 -9999.00 -9999.00 -9999.00 -9999.00 -9999.00 -9999.00 1.57 1.55 1.16 0.83 0.57 0.47 0.43 0.41 0.36 0.37 0.31 0.19 0.18 0.17 0.17 0.00 0.00 0.00 -9999.00 -9999.00 -9999.00 -9999.00 -9999.00 -9999.00 -9999.00 -9999.00 -9999.00 -9999.00 -9999.00 -9999.00 -9999.00 -9999.00 0.75 0.88 1.02 1.17 1.32 1.49 1.65 1.82 1.98 2.14 2.29 2.43 2.56 2.66 2.75 2.82 2.87 2.89 2.89 2.86 2.82 2.75 -9999.00 -9999.00 -9999.00 -9999.00 -9999.00
-9999.00 -9999.00 -9999.00 -9999.00 -9999.00 -9999.00 -9999.00 -9999.00 -9999.00 -9999.00 -9999.00 -9999.00 -9999.00 -9999.00 2.32 1.63 1.28 0.83 0.63 0.46 0.41 0.42 0.41 0.35 0.30 0.19 0.19 0.18 0.17 0.17 0.00 0.00 0.00 -9999.00 -9999.00 -9999.00 -9999.00 -9999.00 -9999.00 -9999.00 -9999.00 -9999.00 -9999.00 -9999.00 -9999.00 -9999.00 0.79 0.92 1.05 1.20 1.35 1.51 1.68 1.84 2.00 2.16 2.30 2.44 2.56 2.66 2.75 2.81 2.85 2.87 2.87 2.84 2.79 2.72 2.63 -9999.00 -9999.00 -9999.00 -9999.00
-9999.00 -9999.00 -9999.00 -9999.00 -9999.00 -9999.00 -9999.00 -9999.00 -9999.00 -9999.00 -9999.00 -9999.00 -9999.00 1.34 2.18 1.86 1.44 0.98 0.63 0.46 0.45 0.43 0.41 0.36 0.31 0.20 0.19 0.19 0.18 0.18 0.17 0.16 0.16 0.16 -9999.00 -9999.00 -9999.00 -9999.00 -9999.00 -9999.00 -9999.00 -9999.00 -9999.00 -9999.00 -9999.00 -9999.00 -9999.00 0.94 1.08 1.22 1.37 1.53 1.69 1.85 2.00 2.15 2.29 2.42 2.54 2.64 2.72 2.78 2.81 2.83 2.82 2.79 2.74 2.66 2.57 -9999.00 -9999.00 -9999.00 -9999.00
-9999.00 -9999.00 -9999.00 -9999.00 -9999.00 -9999.00 -9999.00 -9999.00 -9999.00 -9999.00 -9999.00 -9999.00 -9999.00 1.64 1.30 1.81 1.27 1.00 0.61 0.52 0.45 0.41 0.38 0.37 0.36 0.31 0.20 0.19 0.19 0.18 0.18 0.17 0.17 0.17 0.18 0.19 -9999.00 -9999.00 -9999.00 -9999.00 -9999.00 -9999.00 0.45 0.53 -9999.00 -9999.00 0.83 0.95 1.09 1.23 1.38 1.53 1.68 1.84 1.99 2.13 2.27 2.39 2.50 2.59 2.67 2.72 2.75 2.76 2.75 2.72 2.66 2.59 2.50 -9999.00 -9999.00 -9999.00 -9999.00
-9999.00 -9999.00 -9999.00 -9999.00 -9999.00 -9999.00 -9999.00 -9999.00 -9999.00 -9999.00 -9999.00 -9999.00 1.72 1.61 1.65 1.52 1.24 0.99 0.70 0.56 0.46 0.43 0.43 0.42 0.41 0.35 0.20 0.20 0.20 0.19 0.19 0.18 0.18 0.18 0.19 0.20 0.21 0.23 0.26 0.30 -9999.00 0.40 0.46 0.54 0.63 0.73 0.84 0.96 1.09 1.22 1.37 1.51 1.66 1.81 1.95 2.09 2.22 2.34 2.44 2.53 2.59 2.64 2.67 2.68 2.66 2.63 2.57 2.50 2.41 -9999.00 -9999.00 -9999.00 -9999.00
-9999.00 -9999.00 -9999.00 -9999.00 -9999.00 -9999.00 -9999.00 -9999.00 -9999.00 -9999.00 -9999.00 -9999.00 1.67 1.85 1.84 1.39 1.14 1.11 0.87 0.59 0.49 0.49 0.45 0.42 0.44 0.39 0.21 0.21 0.20 0.20 0.19 0.19 0.19 0.19 0.20 0.21 0.22 0.24 0.27 0.31 0.35 0.41 0.47 0.55 0.63 0.73 0.84 0.95 1.08 1.21 1.35 1.49 1.63 1.77 1.90 2.03 2.16 2.27 2.36 2.44 2.50 2.55 2.57 2.57 2.56 2.52 2.46 2.39 2.30 2.19 2.08 -9999.00 -9999.00
-9999.00 -9999.00 -9999.00 -9999.00 -9999.00 -9999.00 -9999.00 -9999.00 -9999.00 -9999.00 -9999.00 1.79 1.57 1.86 1.75 1.48 1.24 1.07 0.94 0.70 0.62 0.53 0.49 0.44 0.37 0.36 0.21 0.21 0.21 0.20 0.20 0.20 0.20 0.20 0.21 0.22 0.23 0.25 0.28 0.32 0.36 0.41 0.48 0.55 0.63 0.73 0.83 0.94 1.06 1.18 1.31 1.45 1.58 1.71 1.84 1.96 2.08 2.18 2.27 2.34 2.40 2.44 2.45 2.45 2.43 2.40 2.34 2.27 2.18 2.08 1.96 1.84 1.71
-9999.00 -9999.00 -9999.00 -9999.00 -9999.00 -9999.00 -9999.00 -9999.00 -9999.00 -9999.00 1.52 1.88 2.24 1.90 1.63 1.44 1.29 1.13 1.04 0.80 0.66 0.57 0.48 0.40 0.36 0.35 0.33 0.21 0.21 0.21 0.21 0.20 0.20 0.21 0.21 0.22 0.24 0.26 0.29 0.32 0.36 0.42 0.48 0.55 0.63 0.72 0.81 0.92 1.03 1.15 1.27 1.40 1.53 1.65 1.77 1.88 1.99 2.08 2.16 2.23 2.28 2.31 2.33 2.32 2.30 2.26 2.20 2.13 2.05 1.95 1.84 1.72 1.60
-9999.00 -9999.00 -9999.00 -9999.00 -9999.00 -9999.00 -9999.00 -9999.00 -9999.00 -9999.00 1.45 1.69 1.80 1.53 1.47 1.38 1.30 1.19 0.95 0.90 0.75 0.49 0.45 0.42 0.41 0.40 0.39 0.35 0.21 0.21 0.21 0.21 0.21 0.21 0.22 0.23 0.24 0.26 0.29 0.32 0.37 0.42 0.47 0.54 0.62 0.70 0.79 0.89 1.00 1.11 1.23 1.34 1.46 1.58 1.69 1.79 1.89 1.97 2.05 2.11 2.15 2.18 2.19 2.18 2.16 2.12 2.06 1.99 1.91 1.81 1.71 1.59 1.48
-9999.00 -9999.00 -9999.00 -9999.00 -9999.00 -9999.00 -9999.00 -9999.00 -9999.00 -9999.00 1.30 1.52 1.57 1.49 1.43 1.40 1.38 1.22 0.96 0.86 0.66 0.51 0.47 0.49 0.50 0.44 0.41 0.36 0.22 0.21 0.21 0.21 0.21 0.22 0.22 0.23 0.25 0.27 0.29 0.32 0.36 0.41 0.47 0.53 0.60 0.68 0.77 0.86 0.96 1.07 1.18 1.29 1.39 1.50 1.60 1.70 1.78 1.86 1.93 1.98 2.01 2.04 2.04 2.03 2.01 1.97 1.91 1.84 1.76 1.67 1.57 1.47 1.36
-9999.00 -9999.00 -9999.00 -9999.00 -9999.00 -9999.00 -9999.00 -9999.00 -9999.00 -9999.00 1.36 1.51 1.46 1.49 1.51 1.44 1.52 1.27 0.79 0.68 0.70 0.68 0.56 0.56 0.54 0.46 0.40 0.34 0.22 0.22 0.21 0.21 0.22 0.22 0.22 0.23 0.25 0.27 0.29 0.32 0.36 0.41 0.46 0.52 0.59 0.66 0.74 0.83 0.93 1.02 1.12 1.22 1.32 1.42 1.51 1.60 1.68 1.74 1.80 1.85 1.88 1.89 1.90 1.88 1.85 1.81 1.76 1.69 1.61 1.53 1.43 1.33 1.23
-9999.00 -9999.00 -9999.00 -9999.00 -9999.00 -9999.00 -9999.00 -9999.00 1.41 1.53 1.63 1.54 1.46 1.43 1.51 1.71 1.35 1.26 0.97 0.85 0.80 0.92 0.70 0.61 0.55 0.49 0.37 0.22 0.22 0.22 0.22 0.22 0.22 0.22 0.23 0.24 0.25 0.27 0.29 0.32 0.36 0.40 0.45 0.51 0.57 0.64 0.72 0.80 0.89 0.98 1.07 1.16 1.25 1.34 1.42 1.50 1.57 1.63 1.68 1.72 1.74 1.75 1.75 1.73 1.70 1.66 1.61 1.54 1.47 1.39 1.30 1.20 1.11
-9999.00 -9999.00 -9999.00 -9999.00 -9999.00 -9999.00 -9999.00 -9999.00 1.43 1.64 1.67 1.54 1.42 1.44 1.57 1.71 1.66 1.29 1.17 1.04 0.95 1.09 0.83 0.61 0.52 0.43 0.33 0.22 0.22 0.22 0.22 0.22 0.22 0.22 0.23 0.24 0.25 0.27 0.29 0.32 0.35 0.39 0.44 0.50 0.56 0.62 0.69 0.77 0.85 0.93 1.01 1.10 1.18 1.26 1.34 1.40 1.46 1.52 1.56 1.59 1.61 1.61 1.61 1.59 1.55 1.51 1.46 1.40 1.33 1.25 1.17 1.08 0.99
-9999.00 -9999.00 -9999.00 -9999.00 -9999.00 -9999.00 -9999.00 1.32 1.35 1.65 1.64 1.59 1.44 1.53 1.70 1.90 2.04 1.62 1.40 1.17 0.96 0.92 0.89 0.64 0.51 0.41 0.36 0.22 0.22 0.22 0.22 0.22 0.22 0.22 0.23 0.24 0.25 0.27 0.29 0.32 0.35 0.39 0.43 0.48 0.54 0.60 0.67 0.74 0.81 0.89 0.97 1.04 1.12 1.19 1.25 1.31 1.37 1.41 1.44 1.47 1.48 1.48 1.47 1.45 1.41 1.37 1.32 1.26 1.19 1.12 1.04 0.96 0.88
-9999.00 -9999.00 -9999.00 -9999.00 -9999.00 -9999.00 1.51 1.43 1.54 1.53 1.49 1.48 1.55 1.62 1.82 2.12 2.31 2.27 1.41 1.10 0.92 0.85 0.97 0.73 0.57 0.42 0.37 0.32 0.22 0.22 0.21 0.22 0.22 0.22 0.23 0.24 0.25 0.27 0.29 0.32 0.35 0.38 0.43 0.48 0.53 0.59 0.65 0.71 0.78 0.85 0.92 0.99 1.06 1.12 1.18 1.23 1.27 1.31 1.34 1.35 1.36 1.36 1.34 1.32 1.28 1.24 1.19 1.13 1.06 1.00 0.92 0.85 0.77
-9999.00 -9999.00 -9999.00 -9999.00 -9999.00 -9999.00 1.36 1.40 1.50 1.35 1.42 1.56 1.58 1.70 1.87 2.12 2.37 2.25 1.50 1.18 0.93 0.84 0.88 0.87 0.61 0.46 0.38 0.31 0.21 0.21 0.21 0.21 0.22 0.37 0.36 0.33 0.38 0.37 0.29 0.32 0.35 0.38 0.42 0.47 0.52 0.57 0.63 0.69 0.76 0.82 0.88 0.95 1.01 1.06 1.11 1.16 1.19 1.22 1.24 1.25 1.26 1.25 1.23 1.20 1.16 1.12 1.07 1.01 0.95 0.88 0.82 0.75 0.68
-9999.00 -9999.00 -9999.00 -9999.00 -9999.00 -9999.00 1.32 1.35 1.46 1.32 1.35 1.58 1.68 1.88 1.94 2.07 2.22 2.23 2.00 1.19 0.94 0.89 0.87 0.94 0.62 0.50 0.39 0.35 0.21 0.21 0.21 0.21 0.34 0.44 0.44 0.49 0.42 0.41 0.40 0.43 0.35 0.38 0.42 0.47 0.51 0.57 0.62 0.68 0.74 0.80 0.86 0.91 0.97 1.01 1.06 1.10 1.13 1.15 1.16 1.17 1.16 1.15 1.13 1.10 1.06 1.01 0.96 0.91 0.85 0.79 0.72 0.66 0.59
-9999.00 -9999.00 -9999.00 -9999.00 -9999.00 -9999.00 1.27 1.51 1.48 1.49 1.44 1.62 1.76 1.92 1.92 2.03 2.06 2.10 2.06 1.18 0.95 0.87 0.80 0.81 0.60 0.54 0.42 0.36 0.29 0.21 0.21 0.21 0.37 0.51 0.47 0.52 0.51 0.50 0.50 0.46 0.49 0.51 0.54 0.57 0.51 0.56 0.62 0.67 0.73 0.78 0.84 0.89 0.94 0.98 1.02 1.05 1.07 1.09 1.10 1.10 1.09 1.07 1.04 1.01 0.97 0.92 0.87 0.82 0.76 0.70 0.64 0.58 0.52
-9999.00 -9999.00 -9999.00 1.16 1.19 1.20 1.46 1.49 1.73 1.72 1.74 1.62 1.81 1.96 1.94 2.00 2.19 2.28 1.78 1.14 1.02 0.85 0.78 0.71 0.68 0.51 0.43 0.36 0.31 0.30 0.20 0.29 0.44 0.55 0.58 0.61 0.64 0.61 0.55 0.50 0.58 0.56 0.58 0.61 0.64 0.57 0.62 0.67 0.72 0.78 0.83 0.87 0.92 0.96 0.99 1.01 1.03 1.04 1.05 1.04 1.03 1.01 0.98 0.94 0.90 0.85 0.80 0.75 0.69 0.63 0.57 0.51 0.46
-9999.00 -9999.00 1.14 1.15 1.35 1.42 1.62 1.89 1.93 1.77 1.80 1.93 2.05 2.14 2.20 2.19 2.18 1.87 1.38 0.95 0.88 0.77 0.74 0.69 0.55 0.50 0.42 0.39 0.33 0.31 0.32 0.50 0.61 0.65 0.68 0.73 0.75 0.69 0.58 0.62 0.68 0.64 0.65 0.64 0.65 0.68 0.63 0.68 0.73 0.78 0.83 0.87 0.91 0.95 0.97 1.00 1.01 1.02 1.01 1.00 0.99 0.96 0.93 0.89 0.84 0.80 0.74 0.69 0.63 0.58 0.52 0.46 0.41
-9999.00 1.08 1.13 1.34 1.45 1.54 1.66 2.00 1.99 2.15 2.08 2.01 2.22 2.27 2.15 2.15 2.15 1.77 1.32 1.01 0.85 0.80 0.75 0.72 0.59 0.51 0.47 0.44 0.38 0.36 0.35 0.56 0.66 0.77 0.82 0.85 0.86 0.80 0.70 0.75 0.75 0.73 0.73 0.76 0.80 0.79 0.77 0.80 0.84 0.92 0.99 0.88 0.92 0.95 0.97 0.99 1.00 1.00 1.00 0.98 0.96 0.93 0.90 0.86 0.81 0.76 0.71 0.65 0.59 0.54 0.48 0.43 0.38
0.98 1.11 1.26 1.45 1.53 1.46 1.64 1.89 2.23 2.40 2.34 2.26 2.51 2.53 2.28 2.08 2.00 1.61 1.29 1.23 0.93 0.88 0.80 0.73 0.69 0.56 0.51 0.48 0.43 0.37 0.42 0.63 0.84 0.93 0.93 0.93 1.24 1.16 0.91 0.85 0.98 0.87 0.87 0.88 0.87 0.92 0.90 0.88 0.94 1.01 1.04 1.02 0.94 0.97 0.99 1.00 1.01 1.01 1.00 0.98 0.96 0.92 0.88 0.84 0.79 0.74 0.69 0.63 0.57 0.52 0.46 0.41 0.36
0.98 1.10 1.25 1.38 1.56 1.56 1.63 1.88 2.31 2.60 2.71 2.38 2.46 2.49 2.41 2.28 2.13 1.77 1.43 1.29 0.95 0.90 0.83 0.75 0.68 0.59 0.56 0.55 0.53 0.44 0.52 0.77 1.03 1.24 1.25 1.24 1.68 1.42 1.10 1.05 1.09 0.98 1.03 1.05 1.06 1.08 1.04 1.07 1.08 1.10 1.13 1.10 1.12 1.00 1.02 1.03 1.04 1.03 1.02 1.00 0.97 0.93 0.89 0.84 0.79 0.74 0.68 0.63 0.57 0.51 0.46 0.41 0.36
0.93 1.09 1.20 1.40 1.60 1.63 1.80 1.97 2.21 2.58 2.63 2.95 2.53 2.63 2.41 2.32 1.98 1.81 1.53 1.28 0.93 0.89 0.82 0.75 0.71 0.63 0.61 0.63 0.61 0.53 0.75 1.01 1.38 1.76 1.86 1.61 2.02 1.72 1.32 1.19 1.24 1.27 1.19 1.17 1.21 1.24 1.15 1.14 1.12 1.11 1.12 1.16 1.15 1.04 1.06 1.07 1.07 1.07 1.05 1.03 1.00 0.96 0.91 0.87 0.81 0.76 0.70 0.64 0.58 0.52 0.47 0.42 0.37
0.99 1.07 1.18 1.35 1.60 1.86 1.71 2.05 2.38 2.72 2.78 2.97 2.72 2.63 2.47 2.22 1.96 1.52 1.38 1.35 1.02 0.91 0.80 0.72 0.68 0.66 0.67 0.74 0.76 0.72 1.01 1.35 1.70 2.04 2.22 1.98 2.20 1.95 1.51 1.27 1.51 1.42 1.10 1.06 1.04 1.11 1.12 1.10 1.11 1.14 1.16 1.16 1.18 1.10 1.12 1.13 1.13 1.12 1.10 1.08 1.04 1.00 0.95 0.90 0.85 0.79 0.73 0.67 0.61 0.55 0.50 0.44 0.39
0.98 1.13 1.17 1.37 1.29 1.71 1.83 2.09 2.33 2.86 3.10 3.13 2.74 2.64 2.38 2.12 1.91 1.64 1.37 1.31 1.22 0.90 0.85 0.79 0.75 0.76 0.79 0.82 0.86 0.88 1.26 1.78 2.01 2.19 2.45 2.35 1.48 1.44 1.20 1.15 1.11 1.16 1.15 1.11 1.09 1.17 1.24 1.24 1.25 1.27 1.29 1.22 1.24 1.25 1.18 1.29 1.30 1.35 1.36 1.31 1.25 1.06 1.01 0.96 0.90 0.84 0.78 0.71 0.65 0.59 0.54 0.48 0.43
1.11 1.20 1.33 1.44 1.31 1.47 1.98 2.15 2.37 2.82 3.09 3.12 2.87 2.58 2.33 2.11 2.01 1.90 1.55 1.30 1.21 0.90 0.98 0.87 0.85 0.94 0.92 0.90 0.96 1.08 1.10 1.87 1.80 1.63 1.83 1.76 1.55 1.40 1.44 1.29 1.29 1.23 1.32 1.31 1.42 1.52 1.47 1.41 1.43 1.44 1.43 1.34 1.33 1.35 1.37 1.40 1.41 1.46 1.50 1.47 1.37 1.29 1.08 1.02 0.96 0.90 0.84 0.77 0.71 0.65 0.59 0.53 0.48
1.11 1.31 1.53 1.56 1.56 1.56 1.53 2.09 2.25 2.67 3.02 3.09 2.85 2.31 2.30 2.08 2.04 1.93 1.62 1.28 1.18 0.90 0.95 0.86 0.78 0.95 0.92 0.93 0.98 1.22 1.24 1.75 1.91 1.76 1.86 1.89 1.67 1.73 1.70 1.56 1.42 1.44 1.41 1.49 1.49 1.59 1.70 1.64 1.57 1.58 1.56 1.47 1.47 1.46 1.49 1.54 1.59 1.63 1.65 1.61 1.56 1.42 1.30 1.10 1.04 0.98 0.91 0.84 0.78 0.71 0.65 0.59 0.54
1.24 1.44 1.63 1.62 1.77 1.81 1.98 1.96 2.22 2.71 2.89 2.88 2.86 2.29 2.22 2.01 1.99 1.89 1.63 1.37 1.00 0.78 0.71 0.65 0.67 0.95 1.07 1.12 1.13 1.53 1.79 1.95 2.16 1.93 2.06 2.01 1.94 1.76 1.87 1.79 1.57 1.51 1.46 1.52 1.59 1.70 1.81 1.71 1.66 1.71 1.67 1.59 1.58 1.58 1.60 1.68 1.74 1.80 1.84 1.83 1.73 1.58 1.43 1.31 1.13 1.06 0.99 0.92 0.86 0.79 0.72 0.66 0.61
