dati/cumulata_oraria_prisma_2018052806.txt
ncols        251
nrows        249
xllcorner         436000.00000
yllcorner        4918000.00000
cellsize           1000.00000
NODATA_value          -9999.00000
[rows 96 to 127 of 249, columns 73 to 145 of 251]
2.83 3.17 2.99 3.23 4.07 4.30 3.60 2.51 2.26 2.92 3.00 3.06 3.09 3.28 3.89 4.01 3.70 4.26 4.79 5.94 5.95 5.60 6.47 8.12 12.56 17.76 25.54 28.39 30.07 25.67 21.68 13.03 7.82 4.35 3.24 2.77 2.36 2.08 1.80 1.53 1.26 1.01 0.78 0.57 0.39 0.23 0.00 0.00 0.00 1.48 6.38 6.38 3.08 2.21 1.26 1.26 1.08 1.01 0.62 0.63 0.62 0.63 0.62 0.67 0.69 0.77 0.77 0.78 0.74 0.85 1.02 0.68 0.69
3.26 3.55 3.29 3.59 3.69 4.19 3.67 2.84 2.95 3.43 3.45 3.26 3.32 3.63 4.07 4.39 4.35 4.50 4.93 6.00 6.13 5.91 6.51 7.98 11.17 16.81 26.31 28.29 31.90 29.19 16.79 8.28 6.73 3.90 2.91 2.48 2.22 1.94 1.67 1.40 1.14 0.89 0.67 0.47 0.29 0.00 0.00 0.00 0.00 0.00 1.42 3.89 3.68 2.52 1.17 1.58 1.58 1.06 0.58 0.59 0.67 0.68 0.59 0.59 0.56 0.57 0.61 0.68 0.67 0.58 0.60 0.62 0.63
3.65 3.76 3.87 4.23 3.99 4.23 3.69 3.03 3.14 3.63 3.78 3.80 3.68 4.13 4.49 4.81 4.63 4.93 5.55 5.90 6.03 6.09 6.65 8.02 11.10 15.27 25.38 26.81 28.82 29.53 16.56 8.63 5.74 3.42 2.71 2.35 2.09 1.82 1.55 1.28 1.03 0.79 0.58 0.38 0.21 0.00 0.00 0.00 0.00 0.00 1.43 2.89 3.54 1.91 0.99 1.50 1.75 1.23 0.80 0.63 0.69 0.64 0.64 0.63 0.52 0.51 0.55 0.59 0.51 0.53 0.55 0.56 0.57
4.18 4.26 4.31 4.54 4.15 3.99 3.71 3.22 3.57 3.96 4.26 4.32 4.21 4.58 4.78 5.12 5.21 5.27 5.79 5.93 6.21 6.66 7.20 7.79 10.75 15.33 23.52 26.39 28.07 27.86 15.84 5.94 4.46 3.09 2.48 2.23 1.97 1.70 1.44 1.18 0.94 0.71 0.50 0.31 0.00 0.00 0.00 0.00 0.00 0.00 0.40 0.70 2.18 0.98 0.68 1.31 2.19 1.74 0.85 0.67 0.65 0.60 0.62 0.66 0.48 0.51 0.53 0.55 0.46 0.48 0.49 0.51 0.51
4.53 4.54 4.99 4.76 4.28 4.15 3.84 3.50 3.59 4.14 4.90 4.88 4.79 4.80 5.21 5.58 5.91 5.57 6.01 6.09 6.08 6.34 7.08 8.17 10.22 15.35 21.21 26.65 27.48 27.78 16.96 5.19 4.02 2.77 2.36 2.12 1.86 1.60 1.35 1.09 0.86 0.63 0.43 0.25 0.00 0.00 0.00 0.00 0.00 0.00 0.00 0.39 1.39 0.88 0.18 1.72 2.16 1.32 0.69 0.61 0.61 0.55 0.61 0.66 0.53 0.47 0.48 0.49 0.41 0.43 0.44 0.46 0.46
4.64 4.53 5.03 4.77 4.70 4.53 4.21 3.58 3.74 4.46 4.99 5.66 5.34 5.21 5.44 5.93 6.93 6.42 6.30 5.96 5.83 6.27 7.17 8.27 10.37 13.89 20.98 26.61 26.64 26.25 15.14 5.02 3.61 2.66 2.26 2.02 1.77 1.51 1.26 1.02 0.79 0.58 0.00 0.00 0.00 0.00 0.00 0.00 0.00 0.00 0.00 0.00 0.67 0.18 0.00 1.07 1.31 0.94 0.83 0.64 0.62 0.46 0.58 0.63 0.44 0.42 0.47 0.49 0.48 0.39 0.40 0.41 0.42
4.28 4.28 4.85 4.72 4.68 4.74 4.30 4.08 3.94 4.49 5.53 5.87 5.92 5.30 5.42 6.07 7.17 7.97 6.10 6.37 6.26 6.44 6.84 8.35 11.03 14.07 19.32 23.45 24.71 22.43 11.84 5.34 3.26 2.58 2.16 1.92 1.68 1.44 1.19 0.00 0.00 0.00 0.00 0.00 0.00 0.00 0.00 0.00 0.00 0.00 0.00 0.00 0.00 0.00 0.00 0.00 0.00 0.51 0.62 0.37 0.26 0.41 0.52 0.58 0.38 0.38 0.43 0.45 0.43 0.35 0.36 0.37 0.37
3.91 4.09 4.33 4.33 4.40 4.70 4.49 4.10 4.12 4.79 5.52 6.03 5.76 5.68 5.61 5.98 7.29 8.64 7.13 7.33 6.71 6.30 6.56 9.26 11.84 13.04 16.24 21.69 22.87 19.92 9.87 4.43 3.10 2.39 2.07 1.84 1.60 1.37 0.00 0.00 0.00 0.00 0.00 0.00 0.00 0.00 0.00 0.00 0.00 0.00 0.00 0.00 0.00 0.00 0.00 0.00 0.00 0.47 0.00 0.00 0.17 0.24 0.30 0.42 0.36 0.34 0.45 0.48 0.30 0.31 0.32 0.33 0.33
3.64 3.52 3.46 3.84 4.18 4.21 4.38 4.31 4.62 6.16 6.15 5.64 5.57 5.84 5.98 6.76 8.07 8.52 6.79 6.76 6.53 6.58 7.87 11.36 13.99 17.24 21.09 23.79 16.54 9.68 3.93 3.10 2.49 2.19 1.98 1.76 1.53 0.00 0.00 0.00 0.00 0.00 0.00 0.00 0.00 0.00 0.00 0.00 0.00 0.00 0.00 0.00 0.00 0.00 0.00 0.00 0.00 0.00 0.00 0.00 0.00 0.23 0.35 0.00 0.19 0.21 0.24 0.25 0.27 0.28 0.29 0.30 0.30
2.94 2.93 3.26 3.62 4.02 3.96 4.22 4.64 5.46 6.61 6.36 5.71 5.61 6.16 6.63 6.30 8.30 8.82 6.91 6.59 6.34 6.20 6.98 12.14 15.49 17.07 20.03 20.54 13.02 8.27 3.71 2.71 2.29 2.10 1.90 1.69 0.00 0.00 0.00 0.00 0.00 0.00 0.00 0.00 0.00 0.00 0.00 0.00 0.00 0.00 0.00 0.00 0.00 0.00 0.00 0.00 0.00 0.00 0.00 0.00 0.00 0.00 0.00 0.00 0.17 0.19 0.21 0.23 0.24 0.25 0.26 0.27 0.27
2.66 2.50 2.83 3.41 3.65 3.84 4.57 5.15 5.57 6.58 7.04 6.08 5.68 6.25 7.00 6.76 7.93 8.15 7.35 6.60 6.57 5.71 7.01 9.49 15.14 18.41 19.13 19.98 12.52 5.99 3.30 2.54 2.20 2.02 1.82 0.00 0.00 0.00 0.00 0.00 0.00 0.00 0.00 0.00 0.00 0.00 0.00 0.00 0.00 0.00 0.00 0.00 0.00 0.00 0.00 0.00 0.00 0.00 0.00 0.00 0.00 0.00 0.00 0.00 0.00 0.18 0.20 0.21 0.22 0.23 0.24 0.24 0.24
2.43 2.15 2.31 2.81 3.34 3.69 4.31 4.89 5.84 6.75 7.42 6.40 6.05 6.23 7.09 7.71 7.31 7.29 6.93 6.83 6.09 5.58 5.95 9.26 13.61 18.69 18.66 17.84 10.56 3.90 3.00 2.48 2.11 1.94 0.00 0.00 0.00 0.00 0.00 0.00 0.00 0.00 0.00 0.00 0.00 0.00 0.00 0.00 0.00 0.00 0.00 0.00 0.00 0.00 0.00 0.00 0.00 0.00 0.00 0.00 0.00 0.00 0.00 0.00 0.00 0.17 0.18 0.20 0.21 0.21 0.22 0.22 0.22
2.17 2.08 2.06 2.14 2.59 2.91 3.69 4.95 5.89 6.94 6.72 6.36 6.08 5.85 7.12 7.69 8.10 7.29 7.21 7.20 6.16 5.58 5.86 7.34 9.43 14.32 18.90 14.23 7.97 4.03 2.78 2.36 2.12 0.00 0.00 0.00 0.00 0.00 0.00 0.00 0.00 0.00 0.00 0.00 0.00 0.00 0.00 0.00 0.00 0.00 0.00 0.00 0.00 0.00 0.00 0.00 0.00 0.00 0.00 0.00 0.00 0.00 0.00 0.00 0.00 0.16 0.17 0.19 0.19 0.20 0.20 0.21 0.21
2.04 1.92 1.99 2.10 2.29 2.55 2.99 3.82 5.27 5.83 6.26 6.06 6.07 5.80 6.11 8.41 9.06 7.93 7.83 6.91 6.11 5.57 5.44 5.75 8.54 11.24 17.00 13.43 7.42 3.28 2.56 2.24 2.08 0.00 0.00 0.00 0.00 0.00 0.00 0.00 0.00 0.00 0.00 0.00 0.00 0.00 0.00 0.00 0.00 0.00 0.00 0.00 0.00 0.00 0.00 0.00 0.00 0.00 0.00 0.00 0.00 0.00 0.00 0.00 0.00 0.00 0.17 0.18 0.19 0.19 0.19 0.19 0.19
1.98 1.97 1.91 2.05 2.29 2.61 2.90 3.47 4.02 4.73 5.80 6.32 6.13 5.74 5.57 7.15 8.34 6.95 6.79 6.72 6.36 5.98 5.27 5.26 6.30 11.30 15.50 11.22 6.37 3.41 2.62 2.31 2.01 0.00 0.00 0.00 0.00 0.00 0.00 0.00 0.00 0.00 0.00 0.00 0.00 0.00 0.00 0.00 0.00 0.00 0.00 0.00 0.00 0.00 0.00 0.00 0.00 0.00 0.00 0.00 0.00 0.00 0.00 0.00 0.00 0.00 0.17 0.18 0.18 0.18 0.19 0.19 0.18
1.81 1.87 1.85 1.94 2.11 2.43 2.72 3.12 3.99 4.66 5.25 5.76 5.98 5.27 5.63 6.25 7.47 6.84 7.24 6.98 6.26 5.99 5.24 5.00 5.98 9.64 13.05 11.26 6.45 4.62 2.52 2.03 0.00 0.00 0.00 0.00 0.00 0.00 0.00 0.00 0.00 0.00 0.00 0.00 0.00 0.00 0.00 0.00 0.00 0.00 0.00 0.00 0.00 0.00 0.00 0.00 0.00 0.00 0.00 0.00 0.00 0.00 0.00 0.00 0.00 0.16 0.17 0.18 0.18 0.18 0.18 0.18 0.18
1.72 1.77 1.77 1.93 2.09 2.31 2.46 2.81 3.99 4.79 5.15 5.61 4.73 4.34 5.13 6.29 5.69 5.76 6.14 6.36 5.99 5.67 5.66 5.20 5.72 8.60 11.08 9.78 7.84 5.41 3.32 1.90 0.00 0.00 0.00 0.00 0.00 0.00 0.00 0.00 0.00 0.00 0.00 0.57 0.00 0.00 0.00 0.00 0.00 0.00 0.00 0.17 0.20 0.23 0.00 0.00 0.00 0.00 0.00 0.00 0.00 0.00 0.00 0.00 0.16 0.17 0.18 0.18 0.18 0.18 0.18 0.18 0.18
1.57 1.56 1.65 1.75 2.05 2.22 2.54 3.17 3.63 4.27 4.10 3.97 3.96 3.86 4.08 4.92 5.19 4.96 5.61 5.88 4.97 5.25 5.75 5.50 5.81 9.48 9.64 8.80 8.61 6.83 3.06 1.97 0.00 0.00 0.00 0.00 0.00 0.00 0.00 0.00 0.00 0.00 0.74 0.69 0.66 0.46 0.00 0.00 0.00 0.00 0.20 0.41 0.35 0.40 0.35 0.00 0.00 0.00 0.00 0.00 0.00 0.00 0.16 0.17 0.18 0.18 0.19 0.19 0.19 0.19 0.19 0.18 0.18
1.41 1.49 1.54 1.60 1.79 2.29 2.57 2.76 3.13 3.56 3.66 3.36 2.90 3.16 3.86 4.22 4.50 5.09 5.71 5.30 4.46 4.53 5.21 5.78 6.35 7.59 8.25 8.18 11.06 9.62 3.13 1.91 0.00 0.00 0.00 0.00 0.00 0.00 0.00 0.00 0.00 0.00 0.00 0.75 0.70 0.00 0.00 0.00 0.40 0.30 0.32 0.49 0.75 0.80 0.37 0.00 0.00 0.00 0.00 0.00 0.16 0.17 0.18 0.19 0.20 0.20 0.20 0.20 0.20 0.20 0.20 0.19 0.18
1.34 1.39 1.46 1.51 1.85 2.34 2.65 2.63 2.39 2.70 2.94 2.71 2.59 2.70 3.19 4.05 3.79 4.62 5.47 4.25 3.88 4.25 4.33 5.84 6.92 7.75 8.46 9.65 11.53 9.58 4.35 1.98 0.00 0.00 0.00 0.00 0.00 0.00 0.00 0.00 0.00 0.00 0.00 0.88 0.84 0.70 0.54 0.53 0.56 0.45 0.43 0.66 0.83 0.79 0.74 0.33 0.00 0.17 0.17 0.18 0.19 0.20 0.21 0.21 0.22 0.22 0.22 0.22 0.22 0.21 0.21 0.20 0.19
1.24 1.28 1.38 1.40 1.57 2.38 2.90 2.41 2.27 2.40 2.35 2.30 2.30 2.43 2.86 3.63 3.81 4.10 4.50 3.98 3.90 3.83 4.63 5.67 6.54 7.95 10.08 9.91 10.88 7.42 4.61 2.26 1.62 0.00 0.00 0.00 0.00 0.00 0.00 0.00 0.00 0.00 0.00 0.76 0.83 0.72 0.63 0.65 0.73 0.65 0.50 0.70 1.31 1.42 0.54 0.40 0.39 0.20 0.21 0.22 0.22 0.23 0.23 0.24 0.24 0.24 0.24 0.24 0.23 0.23 0.22 0.21 0.20
1.04 1.09 1.29 1.32 1.60 2.69 3.19 2.49 2.05 1.92 2.11 2.04 1.90 2.02 2.55 3.42 3.37 3.91 5.00 4.16 3.80 4.10 4.69 5.98 6.89 7.89 8.93 9.71 8.95 7.72 3.36 2.23 1.62 0.00 0.00 0.00 0.00 0.00 0.00 0.00 0.00 0.00 0.00 0.89 0.89 0.85 0.72 0.75 1.00 0.68 0.62 0.91 1.22 1.32 0.72 0.52 0.38 0.36 0.36 0.31 0.44 0.44 0.41 0.27 0.27 0.27 0.26 0.26 0.25 0.25 0.24 0.23 0.22
0.96 1.03 1.13 1.15 1.36 2.35 3.22 2.37 1.92 1.92 1.88 1.88 1.82 1.75 1.98 2.59 2.73 3.21 4.97 4.24 4.20 4.36 4.64 5.99 7.53 8.42 8.32 8.39 7.65 4.27 3.08 2.00 1.74 1.57 0.00 0.00 0.00 0.00 0.00 0.00 0.00 0.00 0.00 0.99 0.96 0.82 0.73 0.89 1.03 0.79 0.73 0.87 0.88 0.91 0.75 0.62 0.62 0.46 0.42 0.43 0.51 0.51 0.52 0.52 0.30 0.30 0.29 0.29 0.28 0.27 0.26 0.25 0.24
0.90 0.98 1.05 1.06 1.81 3.05 3.56 3.04 1.92 1.76 1.78 1.67 1.67 1.62 1.78 1.92 2.15 2.84 4.83 4.80 4.19 4.28 4.44 6.97 8.53 8.37 7.35 6.98 4.68 3.38 2.40 1.92 1.78 1.60 1.53 1.46 0.00 0.00 0.00 0.00 0.00 0.00 0.00 1.11 1.02 0.90 0.80 0.80 0.84 0.91 0.94 0.98 0.97 0.85 0.76 0.70 0.67 0.64 0.52 0.51 0.61 0.66 0.60 0.51 0.45 0.33 0.32 0.31 0.30 0.29 0.28 0.27 0.25
0.99 1.05 0.97 1.01 1.44 3.03 4.05 2.45 1.78 1.74 1.74 1.61 1.54 1.52 1.57 1.68 1.76 2.19 4.88 5.06 4.54 4.64 5.26 7.06 8.48 7.52 7.25 5.45 4.62 3.42 2.25 2.01 1.92 1.85 1.58 1.51 1.44 1.36 1.28 0.00 0.00 0.00 1.18 1.16 1.14 0.96 0.87 0.84 0.89 0.86 0.94 1.09 0.79 0.75 0.71 0.82 0.76 0.62 0.54 0.53 0.65 0.68 0.65 0.63 0.49 0.36 0.35 0.35 0.33 0.32 0.31 0.29 0.28
1.11 1.00 0.92 1.05 1.95 3.73 4.34 3.01 1.79 1.69 1.56 1.56 1.51 1.44 1.44 1.47 1.55 2.66 5.18 5.28 5.14 5.84 5.39 5.72 9.18 8.40 6.59 5.90 4.84 3.36 2.45 2.22 2.44 1.93 1.84 1.57 1.50 1.42 1.34 1.26 1.17 1.25 1.23 1.42 1.19 1.13 0.93 0.84 0.81 0.92 1.18 1.19 0.95 0.70 0.69 0.72 0.75 0.70 0.57 0.63 0.71 0.74 0.74 0.62 0.58 0.52 0.39 0.38 0.37 0.35 0.34 0.32 0.30
1.18 1.01 0.86 0.89 1.24 2.38 3.38 2.43 1.80 1.63 1.54 1.47 1.36 1.33 1.34 1.38 1.45 1.77 4.34 5.93 5.15 5.87 5.43 6.68 8.88 7.00 6.77 6.47 5.59 3.77 2.52 2.21 2.34 2.11 1.90 1.81 1.57 1.49 1.41 1.33 1.24 1.29 1.42 1.49 1.38 1.19 1.02 0.93 0.91 1.06 1.31 1.14 0.89 0.72 0.80 0.80 0.73 0.63 0.61 0.73 0.77 0.79 0.82 0.79 0.58 0.55 0.56 0.54 0.40 0.38 0.37 0.35 0.33
1.22 1.02 0.86 0.88 1.36 2.22 2.40 1.99 1.72 1.50 1.44 1.42 1.33 1.28 1.25 1.25 1.35 1.92 3.82 5.11 6.03 6.74 5.54 4.70 6.76 7.41 6.92 7.00 6.63 4.29 3.03 2.49 2.17 2.21 2.21 1.92 1.75 1.56 1.48 1.40 1.31 1.42 1.46 1.42 1.30 1.24 1.11 0.96 0.89 1.27 1.29 1.31 1.19 0.77 0.88 0.81 0.71 0.77 0.68 0.81 0.93 0.97 0.85 0.82 0.80 0.72 0.61 0.60 0.58 0.42 0.40 0.38 0.36
1.19 1.09 0.81 0.88 1.09 1.77 2.04 2.00 1.75 1.53 1.36 1.33 1.21 1.18 1.21 1.21 1.32 1.65 3.23 4.50 5.27 5.83 4.81 4.86 5.54 6.78 6.76 7.17 6.65 5.49 3.53 2.54 2.42 2.26 2.21 2.13 1.87 1.63 1.55 1.47 1.38 1.29 1.67 1.62 1.43 1.35 1.16 1.02 0.95 1.15 1.47 1.28 0.94 0.83 0.92 0.82 0.82 0.80 0.75 0.94 1.09 1.07 1.08 1.08 0.81 0.81 0.77 0.65 0.61 0.46 0.43 0.41 0.39
1.34 0.89 0.76 0.76 1.08 1.86 2.10 2.07 1.71 1.38 1.36 1.19 1.16 1.09 1.10 1.15 1.27 1.72 2.27 4.09 6.14 6.46 4.93 3.41 4.44 5.25 6.32 6.90 7.59 5.94 4.15 3.25 2.48 2.32 2.25 2.14 2.01 1.82 1.62 1.53 1.44 1.35 1.83 1.84 1.48 1.34 1.24 1.04 1.01 1.45 1.63 1.44 1.06 0.86 0.93 0.89 0.85 0.82 0.86 1.07 1.37 1.28 1.16 1.10 1.03 0.93 0.81 0.77 0.73 0.49 0.47 0.44 0.42
1.11 0.71 0.66 0.73 1.10 2.00 2.22 2.11 1.59 1.29 1.18 1.18 1.07 1.06 1.13 1.13 1.22 1.46 2.22 2.92 5.92 6.86 5.62 4.30 3.89 5.24 5.25 6.60 7.47 7.05 4.85 3.37 2.80 2.43 2.41 2.32 2.15 1.94 1.69 1.60 1.51 1.41 2.30 2.03 1.78 1.40 1.25 1.14 1.10 1.10 1.58 1.00 0.96 0.87 0.95 0.92 0.91 0.93 0.93 1.25 1.47 1.34 1.30 1.18 1.04 1.00 0.90 0.79 0.73 0.69 0.51 0.48 0.00
1.00 0.45 0.55 0.58 0.77 1.62 2.42 1.94 1.34 1.28 1.12 1.04 1.03 1.09 1.12 1.12 1.20 1.43 1.94 3.17 5.47 8.20 6.71 3.90 3.51 3.61 4.04 6.21 7.79 7.03 5.58 4.08 2.98 2.65 2.45 2.38 2.25 2.04 1.87 1.66 1.56 1.47 2.42 2.16 1.54 1.44 1.37 1.13 1.05 1.52 1.47 1.18 0.93 0.92 0.96 0.99 1.04 1.09 1.18 1.37 1.55 1.52 1.33 1.23 1.14 0.97 0.94 0.90 0.87 0.70 0.54 0.51 0.00
