dati/cumulata_oraria_prisma_2018052720.txt
ncols        251
nrows        249
xllcorner         436000.00000
yllcorner        4918000.00000
cellsize           1000.00000
NODATA_value          -9999.00000
[rows 32 to 63 of 249, columns 146 to 218 of 251]
-9999.00 -9999.00 -9999.00 -9999.00 3.21 3.22 3.30 3.23 3.16 3.18 3.26 3.21 3.13 3.05 3.02 2.97 2.85 2.80 2.72 2.69 2.75 2.76 2.59 2.52 2.46 2.46 2.57 2.50 2.53 2.43 2.43 2.59 2.52 2.66 2.58 2.56 -9999.00 -9999.00 -9999.00 -9999.00 -9999.00 -9999.00 -9999.00 -9999.00 -9999.00 -9999.00 -9999.00 -9999.00 -9999.00 -9999.00 -9999.00 -9999.00 -9999.00 -9999.00 -9999.00 -9999.00 -9999.00 -9999.00 -9999.00 -9999.00 -9999.00 -9999.00 -9999.00 -9999.00 -9999.00 -9999.00 -9999.00 -9999.00 -9999.00 -9999.00 -9999.00 -9999.00 -9999.00
-9999.00 -9999.00 -9999.00 3.17 3.09 3.07 3.07 3.11 3.03 2.99 3.11 3.06 3.01 2.93 2.87 2.84 2.84 2.67 2.61 2.46 2.41 2.33 2.33 2.42 2.36 2.33 2.51 2.43 2.47 2.54 2.42 2.41 2.45 2.48 2.48 2.47 2.42 2.45 -9999.00 -9999.00 -9999.00 -9999.00 -9999.00 -9999.00 -9999.00 -9999.00 -9999.00 -9999.00 -9999.00 -9999.00 -9999.00 -9999.00 -9999.00 -9999.00 -9999.00 -9999.00 -9999.00 -9999.00 -9999.00 -9999.00 -9999.00 -9999.00 -9999.00 -9999.00 -9999.00 -9999.00 -9999.00 -9999.00 -9999.00 -9999.00 -9999.00 -9999.00 -9999.00
-9999.00 -9999.00 -9999.00 3.13 2.98 2.93 2.97 2.97 2.96 2.87 2.85 2.96 2.93 2.84 2.76 2.69 2.49 2.44 2.32 2.33 2.25 2.24 2.25 2.31 2.27 2.26 2.31 2.32 2.37 2.42 2.41 2.36 2.31 2.42 2.29 2.34 2.28 2.20 2.12 -9999.00 -9999.00 -9999.00 -9999.00 -9999.00 -9999.00 -9999.00 -9999.00 -9999.00 -9999.00 -9999.00 -9999.00 -9999.00 -9999.00 -9999.00 -9999.00 -9999.00 -9999.00 -9999.00 -9999.00 -9999.00 -9999.00 -9999.00 -9999.00 -9999.00 -9999.00 -9999.00 -9999.00 -9999.00 -9999.00 -9999.00 -9999.00 -9999.00 -9999.00
-9999.00 -9999.00 -9999.00 3.02 2.91 2.81 2.83 2.83 2.86 2.78 2.74 2.67 2.85 2.57 2.48 2.37 2.39 2.41 2.21 2.31 2.19 2.14 2.18 2.21 2.20 2.20 2.20 2.23 2.31 2.30 2.33 2.24 2.19 2.19 2.15 2.13 2.13 2.04 2.03 1.81 -9999.00 -9999.00 -9999.00 -9999.00 -9999.00 -9999.00 -9999.00 -9999.00 -9999.00 -9999.00 -9999.00 -9999.00 -9999.00 -9999.00 -9999.00 -9999.00 -9999.00 -9999.00 -9999.00 -9999.00 -9999.00 -9999.00 -9999.00 -9999.00 -9999.00 -9999.00 -9999.00 -9999.00 -9999.00 -9999.00 -9999.00 -9999.00 -9999.00
-9999.00 -9999.00 -9999.00 -9999.00 2.90 2.77 2.74 2.73 2.80 2.75 2.47 2.42 2.53 2.54 2.39 2.35 2.34 2.32 2.30 2.20 2.14 2.11 2.08 2.16 2.14 2.14 2.13 2.12 2.17 2.16 2.16 2.18 2.15 2.06 2.02 2.01 1.93 1.91 1.77 1.71 -9999.00 -9999.00 -9999.00 -9999.00 -9999.00 -9999.00 -9999.00 -9999.00 -9999.00 -9999.00 -9999.00 -9999.00 -9999.00 -9999.00 -9999.00 -9999.00 -9999.00 -9999.00 -9999.00 -9999.00 -9999.00 -9999.00 -9999.00 -9999.00 -9999.00 -9999.00 -9999.00 -9999.00 -9999.00 -9999.00 -9999.00 -9999.00 -9999.00
-9999.00 -9999.00 -9999.00 -9999.00 2.78 2.68 2.46 2.42 2.43 2.48 2.40 2.35 2.35 2.41 2.39 2.33 2.27 2.28 2.29 2.25 2.13 2.12 2.09 2.07 2.11 2.11 2.10 2.11 2.12 2.10 2.12 2.12 2.06 2.00 1.90 1.87 1.83 1.76 1.71 1.62 -9999.00 -9999.00 -9999.00 -9999.00 -9999.00 -9999.00 -9999.00 -9999.00 -9999.00 -9999.00 -9999.00 -9999.00 -9999.00 -9999.00 -9999.00 -9999.00 -9999.00 -9999.00 -9999.00 -9999.00 -9999.00 -9999.00 -9999.00 -9999.00 -9999.00 -9999.00 -9999.00 -9999.00 -9999.00 -9999.00 -9999.00 -9999.00 -9999.00
-9999.00 -9999.00 -9999.00 -9999.00 -9999.00 2.45 2.37 2.34 2.38 2.30 2.37 2.31 2.28 2.23 2.40 2.34 2.30 2.25 2.25 2.24 2.27 2.16 2.11 2.09 2.09 2.09 2.07 2.07 2.09 2.06 2.04 2.05 1.99 1.94 1.89 1.80 1.72 1.67 1.60 1.54 -9999.00 -9999.00 -9999.00 -9999.00 -9999.00 -9999.00 -9999.00 -9999.00 -9999.00 -9999.00 -9999.00 -9999.00 -9999.00 -9999.00 -9999.00 -9999.00 -9999.00 -9999.00 -9999.00 -9999.00 -9999.00 -9999.00 -9999.00 -9999.00 -9999.00 -9999.00 -9999.00 -9999.00 -9999.00 -9999.00 -9999.00 -9999.00 -9999.00
-9999.00 -9999.00 -9999.00 -9999.00 -9999.00 -9999.00 2.40 2.37 2.35 2.34 2.38 2.31 2.27 2.29 2.41 2.41 2.37 2.33 2.29 2.30 2.31 2.17 2.16 2.10 2.09 2.09 2.09 2.07 2.09 2.03 2.02 2.01 1.96 1.92 1.83 1.72 1.62 1.56 1.55 1.47 -9999.00 -9999.00 -9999.00 -9999.00 -9999.00 -9999.00 -9999.00 -9999.00 -9999.00 -9999.00 -9999.00 -9999.00 -9999.00 -9999.00 -9999.00 -9999.00 -9999.00 -9999.00 -9999.00 -9999.00 -9999.00 -9999.00 -9999.00 -9999.00 -9999.00 -9999.00 -9999.00 -9999.00 -9999.00 -9999.00 -9999.00 -9999.00 -9999.00
-9999.00 -9999.00 -9999.00 -9999.00 -9999.00 -9999.00 -9999.00 2.38 2.33 2.38 2.32 2.40 2.35 2.32 2.29 2.46 2.47 2.42 2.39 2.38 2.34 2.33 2.22 2.20 2.16 2.11 2.08 2.10 2.10 2.06 2.00 1.96 1.90 1.89 1.78 1.70 1.62 1.54 1.49 1.44 1.35 -9999.00 -9999.00 -9999.00 -9999.00 -9999.00 -9999.00 -9999.00 -9999.00 -9999.00 -9999.00 -9999.00 -9999.00 -9999.00 -9999.00 -9999.00 -9999.00 -9999.00 -9999.00 -9999.00 -9999.00 -9999.00 -9999.00 -9999.00 -9999.00 -9999.00 -9999.00 -9999.00 -9999.00 -9999.00 -9999.00 -9999.00 -9999.00
-9999.00 -9999.00 -9999.00 -9999.00 -9999.00 -9999.00 -9999.00 -9999.00 2.38 2.41 2.43 2.46 2.47 2.41 2.42 2.37 2.53 2.53 2.51 2.47 2.46 2.44 2.43 2.27 2.22 2.19 2.13 2.11 2.14 2.07 2.01 1.93 1.92 1.87 1.83 1.73 1.62 1.53 1.45 1.37 1.31 -9999.00 -9999.00 -9999.00 -9999.00 -9999.00 -9999.00 -9999.00 -9999.00 -9999.00 -9999.00 -9999.00 -9999.00 -9999.00 -9999.00 -9999.00 -9999.00 -9999.00 -9999.00 -9999.00 -9999.00 -9999.00 -9999.00 -9999.00 -9999.00 -9999.00 -9999.00 -9999.00 -9999.00 -9999.00 -9999.00 -9999.00 -9999.00
-9999.00 -9999.00 -9999.00 -9999.00 -9999.00 -9999.00 -9999.00 -9999.00 2.43 2.43 2.47 2.44 2.55 2.53 2.51 2.52 2.64 2.66 2.68 2.63 2.60 2.56 2.52 2.39 2.32 2.28 2.22 2.14 2.18 2.14 2.06 1.96 1.88 1.85 1.77 1.72 1.63 1.54 1.47 1.34 1.27 -9999.00 -9999.00 -9999.00 -9999.00 -9999.00 -9999.00 -9999.00 -9999.00 -9999.00 -9999.00 -9999.00 -9999.00 -9999.00 -9999.00 -9999.00 -9999.00 -9999.00 -9999.00 -9999.00 -9999.00 -9999.00 -9999.00 -9999.00 -9999.00 -9999.00 -9999.00 -9999.00 -9999.00 -9999.00 -9999.00 -9999.00 -9999.00
2.40 -9999.00 -9999.00 -9999.00 -9999.00 -9999.00 -9999.00 -9999.00 2.52 2.49 2.57 2.59 2.68 2.69 2.69 2.67 2.63 2.83 2.80 2.79 2.75 2.68 2.65 2.60 2.44 2.40 2.30 2.23 2.21 2.13 2.09 1.99 1.93 1.86 1.80 1.75 1.75 1.65 1.50 1.40 1.28 -9999.00 -9999.00 -9999.00 -9999.00 -9999.00 -9999.00 -9999.00 -9999.00 -9999.00 -9999.00 -9999.00 -9999.00 -9999.00 -9999.00 -9999.00 -9999.00 -9999.00 -9999.00 -9999.00 -9999.00 -9999.00 -9999.00 -9999.00 -9999.00 -9999.00 -9999.00 -9999.00 -9999.00 -9999.00 -9999.00 -9999.00 -9999.00
2.40 -9999.00 -9999.00 -9999.00 -9999.00 -9999.00 -9999.00 2.63 2.64 2.59 2.65 2.72 2.71 2.86 2.85 2.83 2.87 2.99 2.95 2.94 2.90 2.83 2.80 2.76 2.69 2.54 2.47 2.43 2.27 2.22 2.16 2.09 2.06 1.99 1.93 1.85 1.76 1.64 1.51 1.39 1.30 -9999.00 -9999.00 -9999.00 -9999.00 -9999.00 -9999.00 -9999.00 -9999.00 -9999.00 -9999.00 -9999.00 -9999.00 -9999.00 -9999.00 -9999.00 -9999.00 -9999.00 -9999.00 -9999.00 -9999.00 -9999.00 -9999.00 -9999.00 -9999.00 -9999.00 -9999.00 -9999.00 -9999.00 -9999.00 -9999.00 -9999.00 -9999.00
-9999.00 -9999.00 -9999.00 -9999.00 -9999.00 -9999.00 2.63 2.69 2.72 2.72 2.74 2.83 2.90 2.86 3.03 3.03 3.03 2.95 3.12 3.12 3.08 3.03 3.02 2.94 2.87 2.73 2.65 2.53 2.44 2.36 2.29 2.21 2.11 2.03 1.98 1.89 1.79 1.67 1.60 1.47 -9999.00 -9999.00 -9999.00 -9999.00 -9999.00 -9999.00 -9999.00 -9999.00 -9999.00 -9999.00 -9999.00 -9999.00 -9999.00 -9999.00 -9999.00 -9999.00 -9999.00 -9999.00 -9999.00 -9999.00 -9999.00 -9999.00 -9999.00 -9999.00 -9999.00 -9999.00 -9999.00 -9999.00 -9999.00 -9999.00 -9999.00 -9999.00 -9999.00
2.31 2.37 2.42 2.44 2.59 2.63 2.68 2.75 2.82 2.85 2.87 2.96 3.03 3.02 3.20 3.23 3.20 3.21 3.21 3.37 3.32 3.25 3.19 3.12 3.03 2.96 2.80 2.71 2.56 2.46 2.37 2.30 2.20 2.16 2.07 1.99 1.88 1.78 1.62 1.50 -9999.00 -9999.00 -9999.00 -9999.00 -9999.00 -9999.00 -9999.00 -9999.00 -9999.00 -9999.00 -9999.00 -9999.00 -9999.00 -9999.00 -9999.00 -9999.00 -9999.00 -9999.00 -9999.00 -9999.00 -9999.00 -9999.00 -9999.00 -9999.00 -9999.00 -9999.00 -9999.00 -9999.00 -9999.00 -9999.00 -9999.00 -9999.00 -9999.00
2.30 2.38 2.41 2.48 2.54 2.70 2.74 2.82 2.90 2.97 3.02 3.08 3.18 3.29 3.30 3.45 3.46 3.41 3.38 3.55 3.54 3.45 3.40 3.37 3.30 3.19 3.11 2.94 2.79 2.68 2.55 2.45 2.34 2.25 2.11 2.01 1.91 1.79 1.64 1.53 -9999.00 -9999.00 -9999.00 -9999.00 -9999.00 -9999.00 -9999.00 -9999.00 -9999.00 -9999.00 -9999.00 -9999.00 -9999.00 -9999.00 -9999.00 -9999.00 -9999.00 -9999.00 -9999.00 -9999.00 -9999.00 -9999.00 -9999.00 -9999.00 -9999.00 -9999.00 -9999.00 -9999.00 -9999.00 -9999.00 -9999.00 -9999.00 -9999.00
2.32 2.40 2.46 2.52 2.59 2.76 2.84 2.89 3.08 3.16 3.23 3.26 3.37 3.44 3.45 3.63 3.67 3.62 3.77 3.73 3.87 3.83 3.69 3.61 3.46 3.36 3.25 3.15 2.93 2.81 2.66 2.51 2.43 2.32 2.17 2.11 1.95 1.84 1.70 -9999.00 -9999.00 -9999.00 -9999.00 -9999.00 -9999.00 -9999.00 -9999.00 -9999.00 -9999.00 -9999.00 -9999.00 -9999.00 -9999.00 -9999.00 -9999.00 -9999.00 -9999.00 -9999.00 -9999.00 -9999.00 -9999.00 -9999.00 -9999.00 -9999.00 -9999.00 -9999.00 -9999.00 -9999.00 -9999.00 -9999.00 -9999.00 -9999.00 -9999.00
2.37 2.43 2.50 2.62 2.76 2.90 3.00 3.07 3.17 3.28 3.36 3.45 3.56 3.75 3.82 3.84 3.99 4.01 3.96 3.98 3.91 4.04 3.94 3.81 3.79 3.63 3.50 3.40 3.08 3.00 2.84 2.69 2.55 2.44 2.30 2.15 2.01 1.87 -9999.00 -9999.00 -9999.00 -9999.00 -9999.00 -9999.00 -9999.00 -9999.00 -9999.00 -9999.00 -9999.00 -9999.00 -9999.00 -9999.00 -9999.00 -9999.00 -9999.00 -9999.00 -9999.00 -9999.00 -9999.00 -9999.00 -9999.00 -9999.00 -9999.00 -9999.00 -9999.00 -9999.00 -9999.00 -9999.00 -9999.00 -9999.00 -9999.00 -9999.00 -9999.00
2.58 2.59 2.64 2.73 2.81 2.89 3.08 3.33 3.52 3.66 3.70 3.77 3.81 3.92 3.99 4.00 4.18 4.18 4.29 4.27 4.22 4.35 4.25 4.14 4.01 3.78 3.65 3.51 3.29 3.16 2.94 2.79 2.62 2.46 2.34 2.20 2.07 1.93 1.75 -9999.00 -9999.00 -9999.00 -9999.00 -9999.00 -9999.00 -9999.00 -9999.00 -9999.00 -9999.00 -9999.00 -9999.00 -9999.00 -9999.00 -9999.00 -9999.00 -9999.00 -9999.00 -9999.00 -9999.00 -9999.00 -9999.00 -9999.00 -9999.00 -9999.00 -9999.00 -9999.00 -9999.00 -9999.00 -9999.00 -9999.00 -9999.00 -9999.00 -9999.00
2.65 2.64 3.08 3.46 3.45 3.41 3.50 3.56 3.63 3.74 3.83 3.90 4.06 4.15 4.25 4.33 4.37 4.50 4.50 4.45 4.45 4.36 4.45 4.37 4.12 3.99 3.75 3.60 3.47 3.25 3.05 2.78 2.61 2.48 2.33 2.23 2.08 1.95 1.83 -9999.00 -9999.00 -9999.00 -9999.00 -9999.00 -9999.00 -9999.00 -9999.00 -9999.00 -9999.00 -9999.00 -9999.00 -9999.00 -9999.00 -9999.00 -9999.00 -9999.00 -9999.00 -9999.00 -9999.00 -9999.00 -9999.00 -9999.00 -9999.00 -9999.00 -9999.00 -9999.00 -9999.00 -9999.00 -9999.00 -9999.00 -9999.00 -9999.00 -9999.00
3.85 3.77 3.57 3.50 3.49 3.46 3.76 3.95 3.92 4.03 4.10 4.16 4.26 4.30 4.39 4.46 4.54 4.67 4.62 4.56 4.52 4.38 4.35 4.59 4.38 4.16 3.97 3.73 3.54 3.38 3.07 2.87 2.67 2.51 2.34 2.25 2.12 1.97 1.86 1.53 -9999.00 -9999.00 -9999.00 -9999.00 -9999.00 -9999.00 -9999.00 -9999.00 -9999.00 -9999.00 -9999.00 -9999.00 -9999.00 -9999.00 -9999.00 -9999.00 -9999.00 -9999.00 -9999.00 -9999.00 -9999.00 -9999.00 -9999.00 -9999.00 -9999.00 -9999.00 -9999.00 -9999.00 -9999.00 -9999.00 -9999.00 -9999.00 -9999.00
4.34 4.20 4.10 4.03 4.11 4.13 4.05 4.07 4.08 4.11 4.23 4.29 4.19 4.27 4.31 4.42 4.52 4.51 4.74 4.74 4.65 4.62 4.49 4.75 4.62 4.16 3.96 3.67 3.65 3.48 3.14 2.95 2.58 2.41 2.21 2.05 1.96 1.80 1.67 1.54 -9999.00 -9999.00 -9999.00 -9999.00 -9999.00 -9999.00 -9999.00 -9999.00 -9999.00 -9999.00 -9999.00 -9999.00 -9999.00 -9999.00 -9999.00 -9999.00 -9999.00 -9999.00 -9999.00 -9999.00 -9999.00 -9999.00 -9999.00 -9999.00 -9999.00 -9999.00 -9999.00 -9999.00 -9999.00 -9999.00 -9999.00 -9999.00 -9999.00
4.62 3.97 3.93 3.98 4.03 3.18 3.42 3.55 3.70 3.84 4.05 4.15 4.28 4.30 4.39 4.51 4.56 4.33 4.58 4.55 4.54 4.56 4.36 4.54 4.44 4.19 4.07 3.74 3.53 3.35 3.03 2.84 2.60 2.42 2.25 2.08 1.99 1.82 1.69 -9999.00 -9999.00 -9999.00 -9999.00 -9999.00 -9999.00 -9999.00 -9999.00 -9999.00 -9999.00 -9999.00 -9999.00 -9999.00 -9999.00 -9999.00 -9999.00 -9999.00 -9999.00 -9999.00 -9999.00 -9999.00 -9999.00 -9999.00 -9999.00 -9999.00 -9999.00 -9999.00 -9999.00 -9999.00 -9999.00 -9999.00 -9999.00 -9999.00 -9999.00
2.61 2.67 2.77 2.89 3.01 3.17 3.34 3.58 3.74 3.72 3.87 4.04 4.13 4.21 4.26 4.35 4.46 4.43 4.66 4.68 4.65 4.64 4.43 4.63 4.50 4.46 4.27 4.07 3.64 3.41 3.24 2.88 2.67 2.58 2.39 2.21 2.03 1.94 1.81 -9999.00 -9999.00 -9999.00 -9999.00 -9999.00 -9999.00 -9999.00 -9999.00 -9999.00 -9999.00 -9999.00 -9999.00 -9999.00 -9999.00 -9999.00 -9999.00 -9999.00 -9999.00 -9999.00 -9999.00 -9999.00 -9999.00 -9999.00 -9999.00 -9999.00 -9999.00 -9999.00 -9999.00 -9999.00 -9999.00 -9999.00 -9999.00 -9999.00 -9999.00
2.60 2.68 2.55 2.68 2.77 2.91 3.10 3.37 3.54 3.71 3.87 4.02 4.16 4.27 4.30 4.39 4.49 4.73 4.67 4.86 4.84 4.80 4.74 4.55 4.69 4.54 4.33 4.17 3.88 3.68 3.42 3.20 2.89 2.65 2.41 2.21 2.03 1.87 1.78 -9999.00 -9999.00 -9999.00 -9999.00 -9999.00 -9999.00 -9999.00 -9999.00 -9999.00 -9999.00 -9999.00 -9999.00 -9999.00 -9999.00 -9999.00 -9999.00 -9999.00 -9999.00 -9999.00 -9999.00 -9999.00 -9999.00 -9999.00 -9999.00 -9999.00 -9999.00 -9999.00 -9999.00 -9999.00 -9999.00 -9999.00 -9999.00 -9999.00 -9999.00
2.31 2.41 2.49 2.62 2.75 2.88 3.05 3.22 3.53 3.80 3.95 4.17 4.30 4.43 4.49 4.54 4.66 4.70 4.70 4.86 4.87 4.81 4.75 4.60 4.49 4.60 4.48 4.21 3.91 3.72 3.44 3.27 2.90 2.68 2.41 2.25 2.09 1.90 1.75 -9999.00 -9999.00 -9999.00 -9999.00 -9999.00 -9999.00 -9999.00 -9999.00 -9999.00 -9999.00 -9999.00 -9999.00 -9999.00 -9999.00 -9999.00 -9999.00 -9999.00 -9999.00 -9999.00 -9999.00 -9999.00 -9999.00 -9999.00 -9999.00 -9999.00 -9999.00 -9999.00 -9999.00 -9999.00 -9999.00 -9999.00 -9999.00 -9999.00 -9999.00
2.36 2.50 2.65 2.77 2.91 3.03 3.18 3.34 3.60 3.75 3.93 4.11 4.26 4.42 4.51 4.53 4.63 4.74 4.80 4.76 4.88 4.87 4.79 4.73 4.52 4.61 4.48 4.27 4.03 3.76 3.57 3.31 3.13 2.75 2.55 2.29 2.09 1.88 1.73 -9999.00 -9999.00 -9999.00 -9999.00 -9999.00 -9999.00 -9999.00 -9999.00 -9999.00 -9999.00 -9999.00 -9999.00 -9999.00 -9999.00 -9999.00 -9999.00 -9999.00 -9999.00 -9999.00 -9999.00 -9999.00 -9999.00 -9999.00 -9999.00 -9999.00 -9999.00 -9999.00 -9999.00 -9999.00 -9999.00 -9999.00 -9999.00 -9999.00 -9999.00
2.37 2.52 2.61 2.72 2.86 2.99 3.17 3.35 3.58 3.73 3.90 4.06 4.24 4.38 4.48 4.54 4.59 4.71 4.74 4.71 4.87 4.85 4.78 4.68 4.57 4.37 4.42 4.26 4.00 3.78 3.53 3.32 3.10 2.86 2.53 2.32 2.08 1.90 -9999.00 -9999.00 -9999.00 -9999.00 -9999.00 -9999.00 -9999.00 -9999.00 -9999.00 -9999.00 -9999.00 -9999.00 -9999.00 -9999.00 -9999.00 -9999.00 -9999.00 -9999.00 -9999.00 -9999.00 -9999.00 -9999.00 -9999.00 -9999.00 -9999.00 -9999.00 -9999.00 -9999.00 -9999.00 -9999.00 -9999.00 -9999.00 -9999.00 -9999.00 -9999.00
2.43 2.55 2.64 2.72 2.85 2.97 3.14 3.30 3.43 3.67 3.83 4.00 4.16 4.29 4.38 4.48 4.49 4.58 4.64 4.67 4.65 4.78 4.73 4.60 4.52 4.35 4.21 4.22 3.95 3.77 3.51 3.29 3.06 2.86 2.54 2.36 2.14 1.92 -9999.00 -9999.00 -9999.00 -9999.00 -9999.00 -9999.00 -9999.00 -9999.00 -9999.00 -9999.00 -9999.00 -9999.00 -9999.00 -9999.00 -9999.00 -9999.00 -9999.00 -9999.00 -9999.00 -9999.00 -9999.00 -9999.00 -9999.00 -9999.00 -9999.00 -9999.00 -9999.00 -9999.00 -9999.00 -9999.00 -9999.00 -9999.00 -9999.00 -9999.00 -9999.00
2.35 2.50 2.56 2.67 2.79 2.93 3.11 3.26 3.38 3.64 3.76 3.90 4.07 4.20 4.30 4.40 4.43 4.46 4.54 4.54 4.52 4.53 4.63 4.56 4.45 4.34 4.15 4.13 3.99 3.70 3.52 3.23 3.04 2.83 2.62 2.33 2.14 -9999.00 -9999.00 -9999.00 -9999.00 -9999.00 -9999.00 -9999.00 -9999.00 -9999.00 -9999.00 -9999.00 -9999.00 -9999.00 -9999.00 -9999.00 -9999.00 -9999.00 -9999.00 -9999.00 -9999.00 -9999.00 -9999.00 -9999.00 -9999.00 -9999.00 -9999.00 -9999.00 -9999.00 -9999.00 -9999.00 -9999.00 -9999.00 -9999.00 -9999.00 -9999.00 -9999.00
2.25 2.33 2.49 2.57 2.71 2.85 3.00 3.16 3.27 3.45 3.69 3.79 3.94 4.07 4.19 4.37 4.49 4.45 4.52 4.55 4.56 4.53 4.61 4.54 4.41 4.30 4.13 4.00 3.86 3.66 3.58 3.30 3.05 2.86 2.66 2.49 -9999.00 -9999.00 -9999.00 -9999.00 -9999.00 -9999.00 -9999.00 -9999.00 -9999.00 -9999.00 -9999.00 -9999.00 -9999.00 -9999.00 -9999.00 -9999.00 -9999.00 -9999.00 -9999.00 -9999.00 -9999.00 -9999.00 -9999.00 -9999.00 -9999.00 -9999.00 -9999.00 -9999.00 -9999.00 -9999.00 -9999.00 -9999.00 -9999.00 -9999.00 -9999.00 -9999.00 -9999.00
2.25 2.37 2.54 2.72 2.83 3.00 3.20 3.32 3.45 3.60 3.79 3.87 4.00 4.12 4.25 4.29 4.34 4.32 4.34 4.41 4.41 4.41 4.38 4.41 4.33 4.19 4.07 3.90 3.91 3.75 3.50 3.27 2.99 2.81 2.61 2.43 -9999.00 -9999.00 -9999.00 -9999.00 -9999.00 -9999.00 -9999.00 -9999.00 -9999.00 -9999.00 -9999.00 -9999.00 -9999.00 -9999.00 -9999.00 -9999.00 -9999.00 -9999.00 -9999.00 -9999.00 -9999.00 -9999.00 -9999.00 -9999.00 -9999.00 -9999.00 -9999.00 -9999.00 -9999.00 -9999.00 -9999.00 -9999.00 -9999.00 -9999.00 -9999.00 -9999.00 -9999.00
