dati/cumulata_oraria_prisma_2018052821.txt
ncols        251
nrows        249
xllcorner         436000.00000
yllcorner        4918000.00000
cellsize           1000.00000
NODATA_value          -9999.00000
[rows 96 to 127 of 249, columns 146 to 218 of 251]
1.89 1.70 1.63 1.39 1.22 1.20 1.10 1.08 1.09 1.07 0.83 0.80 0.78 0.77 0.73 0.75 0.74 0.71 0.71 0.79 0.79 0.82 0.81 0.86 0.98 0.99 1.02 1.02 1.23 1.27 1.25 1.20 1.22 1.14 1.16 1.46 1.43 1.49 1.61 1.70 1.71 1.69 1.67 1.61 1.63 1.62 1.82 1.92 1.70 1.72 1.81 1.73 1.65 1.66 1.62 1.57 1.57 1.57 -9999.00 -9999.00 -9999.00 -9999.00 -9999.00 -9999.00 -9999.00 -9999.00 -9999.00 -9999.00 -9999.00 -9999.00 -9999.00 -9999.00 -9999.00
1.86 1.67 1.58 1.42 1.30 1.20 1.09 1.04 1.07 1.07 1.04 1.03 0.99 1.02 0.74 0.74 0.73 0.71 0.69 0.85 0.89 0.91 0.93 0.87 0.98 1.03 1.04 1.06 1.13 1.31 1.29 1.21 1.24 1.16 1.17 1.17 1.26 1.36 1.40 1.52 1.78 1.77 1.67 1.68 1.62 1.61 1.60 1.81 1.59 1.62 1.71 1.72 1.49 1.72 1.65 1.54 1.55 1.56 -9999.00 -9999.00 -9999.00 -9999.00 -9999.00 -9999.00 -9999.00 -9999.00 -9999.00 -9999.00 -9999.00 -9999.00 -9999.00 -9999.00 -9999.00
2.04 1.90 1.79 1.41 1.23 1.16 1.10 1.14 1.13 1.16 1.11 1.02 1.02 0.99 0.97 0.91 0.93 0.94 0.84 0.83 0.87 0.92 0.92 1.00 1.10 1.12 1.15 1.11 1.18 1.21 1.21 1.20 1.18 1.25 1.19 1.20 1.28 1.35 1.37 1.50 1.60 1.55 1.50 1.55 1.48 1.59 1.57 1.81 1.68 1.66 1.69 1.69 1.84 1.67 1.56 1.55 1.46 -9999.00 -9999.00 -9999.00 -9999.00 -9999.00 -9999.00 -9999.00 -9999.00 -9999.00 -9999.00 -9999.00 -9999.00 -9999.00 -9999.00 -9999.00 -9999.00
1.75 1.87 1.76 1.65 1.58 1.49 1.39 1.17 1.17 1.14 1.17 1.23 1.18 1.14 0.98 0.91 0.92 0.94 1.20 1.27 1.29 1.30 0.95 1.03 1.01 1.14 1.16 1.29 1.24 1.23 1.22 1.26 1.21 1.23 1.13 1.10 1.11 1.26 1.41 1.48 1.59 1.52 1.49 1.51 1.51 1.45 1.43 1.42 1.44 1.41 1.88 1.88 1.75 1.85 1.56 1.55 1.46 -9999.00 -9999.00 -9999.00 -9999.00 -9999.00 -9999.00 -9999.00 -9999.00 -9999.00 -9999.00 -9999.00 -9999.00 -9999.00 -9999.00 -9999.00 -9999.00
1.71 1.53 1.41 1.32 1.56 1.47 1.40 1.26 1.25 1.25 1.17 1.22 1.15 1.17 1.17 1.16 1.12 1.13 1.20 1.34 1.30 1.30 1.33 1.30 1.25 1.27 1.16 1.30 1.32 1.37 1.37 1.33 1.22 1.24 1.21 1.13 1.18 1.27 1.28 1.32 1.35 1.34 1.35 1.54 1.51 1.46 1.43 1.40 1.41 1.35 1.30 1.41 1.52 1.41 1.36 1.55 -9999.00 -9999.00 -9999.00 -9999.00 -9999.00 -9999.00 -9999.00 -9999.00 -9999.00 -9999.00 -9999.00 -9999.00 -9999.00 -9999.00 -9999.00 -9999.00 -9999.00
1.88 1.43 1.38 1.30 1.26 1.23 1.20 1.24 1.23 1.24 1.20 1.20 1.14 1.10 1.15 1.15 1.12 1.13 1.36 1.41 1.36 1.67 1.36 1.31 1.26 1.24 1.37 1.44 1.32 1.38 1.38 1.35 1.41 1.36 1.37 1.29 1.20 1.23 1.33 1.35 1.34 1.35 1.36 1.34 1.36 1.36 1.33 1.41 1.37 1.36 1.31 1.31 1.52 1.38 1.52 -9999.00 -9999.00 -9999.00 -9999.00 -9999.00 -9999.00 -9999.00 -9999.00 -9999.00 -9999.00 -9999.00 -9999.00 -9999.00 -9999.00 -9999.00 -9999.00 -9999.00 -9999.00
1.84 1.60 1.53 1.50 1.31 1.18 1.19 1.23 1.21 1.21 1.22 1.18 1.14 1.11 1.10 1.07 1.06 1.33 1.47 1.36 1.54 1.70 1.62 1.75 1.62 1.31 1.37 1.45 1.53 1.62 1.41 1.38 1.41 1.40 1.38 1.33 1.38 1.38 1.38 1.46 1.34 1.39 1.38 1.35 1.37 1.36 1.34 1.25 1.20 1.18 1.21 1.16 1.53 1.44 1.54 -9999.00 -9999.00 -9999.00 -9999.00 -9999.00 -9999.00 -9999.00 -9999.00 -9999.00 -9999.00 -9999.00 -9999.00 -9999.00 -9999.00 -9999.00 -9999.00 -9999.00 -9999.00
2.04 1.66 1.52 1.52 1.52 1.43 1.28 1.25 1.24 1.35 1.19 1.19 1.16 1.10 1.08 1.08 1.20 1.20 1.24 1.22 1.63 1.67 1.74 1.74 1.73 2.00 1.99 1.93 1.60 1.52 1.54 1.48 1.45 1.40 1.45 1.38 1.38 1.40 1.42 1.42 1.42 1.44 1.42 1.43 1.38 1.35 1.21 1.22 1.21 1.21 1.14 1.16 1.27 1.26 -9999.00 -9999.00 -9999.00 -9999.00 -9999.00 -9999.00 -9999.00 -9999.00 -9999.00 -9999.00 -9999.00 -9999.00 -9999.00 -9999.00 -9999.00 -9999.00 -9999.00 -9999.00 -9999.00
1.72 1.60 1.63 1.54 1.50 1.38 1.38 1.47 1.44 1.30 1.19 1.18 1.14 1.27 1.18 1.13 1.22 1.24 1.22 1.28 1.31 1.35 1.36 1.68 1.71 2.02 1.92 1.93 1.67 1.52 1.54 1.49 1.47 1.40 1.58 1.39 1.41 1.40 1.41 1.47 1.43 1.44 1.45 1.43 1.42 1.38 1.34 1.31 1.17 1.18 1.15 1.17 1.18 1.26 -9999.00 -9999.00 -9999.00 -9999.00 -9999.00 -9999.00 -9999.00 -9999.00 -9999.00 -9999.00 -9999.00 -9999.00 -9999.00 -9999.00 -9999.00 -9999.00 -9999.00 -9999.00 -9999.00
2.38 1.60 1.59 1.60 1.52 1.50 1.37 1.45 1.42 1.44 1.43 1.48 1.16 1.27 1.16 1.31 1.32 1.40 1.38 1.23 1.31 1.36 1.37 1.37 1.44 1.73 1.65 1.90 2.01 1.98 1.88 1.80 1.60 1.46 1.62 1.43 1.53 1.35 1.30 1.41 1.46 1.48 1.51 1.44 1.47 1.38 1.36 1.30 1.27 1.24 1.26 1.21 1.11 -9999.00 -9999.00 -9999.00 -9999.00 -9999.00 -9999.00 -9999.00 -9999.00 -9999.00 -9999.00 -9999.00 -9999.00 -9999.00 -9999.00 -9999.00 -9999.00 -9999.00 -9999.00 -9999.00 -9999.00
2.05 1.85 1.70 1.61 1.49 1.49 1.41 1.43 1.36 1.50 1.42 1.53 1.51 1.54 1.60 1.82 1.41 1.39 1.40 1.40 1.43 1.46 1.64 1.40 1.46 1.73 1.73 1.72 2.04 2.01 1.90 1.82 1.81 1.59 1.66 1.80 1.69 1.36 1.32 1.40 1.40 1.34 1.36 1.42 1.59 1.42 1.38 1.33 1.28 1.27 1.27 1.22 -9999.00 -9999.00 -9999.00 -9999.00 -9999.00 -9999.00 -9999.00 -9999.00 -9999.00 -9999.00 -9999.00 -9999.00 -9999.00 -9999.00 -9999.00 -9999.00 -9999.00 -9999.00 -9999.00 -9999.00 -9999.00
1.92 1.84 1.67 1.61 1.62 1.68 1.40 1.43 1.48 1.46 1.51 1.60 1.52 1.54 1.61 1.77 1.90 1.84 1.88 1.42 1.45 1.55 1.61 1.62 1.89 1.91 1.74 1.74 1.77 1.77 1.83 1.84 1.71 1.72 1.79 1.80 1.58 1.43 1.56 1.53 1.47 1.40 1.35 1.40 1.34 1.25 1.26 1.33 1.31 1.27 1.26 1.23 -9999.00 -9999.00 -9999.00 -9999.00 -9999.00 -9999.00 -9999.00 -9999.00 -9999.00 -9999.00 -9999.00 -9999.00 -9999.00 -9999.00 -9999.00 -9999.00 -9999.00 -9999.00 -9999.00 -9999.00 -9999.00
1.79 1.62 1.52 1.56 1.73 1.66 1.64 1.63 1.60 1.49 1.61 1.68 1.69 1.79 1.84 1.75 1.91 1.83 1.81 1.93 1.85 1.82 1.65 1.63 1.90 1.96 1.98 1.89 1.75 1.77 1.78 1.78 1.78 1.81 1.87 1.80 1.60 1.78 1.60 1.49 1.47 1.67 1.59 1.58 1.39 1.29 1.28 1.31 1.24 1.14 1.24 -9999.00 -9999.00 -9999.00 -9999.00 -9999.00 -9999.00 -9999.00 -9999.00 -9999.00 -9999.00 -9999.00 -9999.00 -9999.00 -9999.00 -9999.00 -9999.00 -9999.00 -9999.00 -9999.00 -9999.00 -9999.00 -9999.00
1.74 1.53 1.50 1.46 1.42 1.42 1.61 1.65 1.68 1.72 1.94 1.92 1.69 1.79 1.93 1.89 1.85 1.83 1.84 1.87 1.86 1.85 1.99 2.05 2.37 2.10 2.01 1.87 1.82 1.82 1.75 1.84 1.92 1.93 1.84 1.91 1.79 1.82 1.65 1.55 1.53 1.73 1.63 1.52 1.55 1.55 1.56 1.43 1.27 1.33 -9999.00 -9999.00 -9999.00 -9999.00 -9999.00 -9999.00 -9999.00 -9999.00 -9999.00 -9999.00 -9999.00 -9999.00 -9999.00 -9999.00 -9999.00 -9999.00 -9999.00 -9999.00 -9999.00 -9999.00 -9999.00 -9999.00 -9999.00
1.62 1.58 1.44 1.41 1.41 1.52 1.63 1.54 1.60 1.81 1.93 1.93 2.03 1.90 2.23 1.90 1.84 1.90 2.00 1.98 1.98 1.90 2.06 2.39 2.31 2.35 2.45 2.50 1.85 1.73 1.65 1.68 1.83 1.99 1.90 1.98 1.88 1.84 1.90 1.70 1.65 1.72 1.61 1.57 1.60 1.62 1.68 1.59 1.56 1.52 -9999.00 -9999.00 -9999.00 -9999.00 -9999.00 -9999.00 -9999.00 -9999.00 -9999.00 -9999.00 -9999.00 -9999.00 -9999.00 -9999.00 -9999.00 -9999.00 -9999.00 -9999.00 -9999.00 -9999.00 -9999.00 -9999.00 -9999.00
2.63 1.45 1.35 1.30 1.26 1.26 1.53 1.52 1.62 1.64 1.70 2.04 2.01 2.22 2.09 2.14 2.11 1.94 1.93 2.01 1.98 1.98 2.07 2.20 2.37 2.40 2.53 2.40 2.00 1.81 1.72 1.82 1.80 1.68 1.70 1.68 2.13 1.93 1.88 1.74 1.65 1.64 1.70 1.77 1.71 1.72 1.67 1.68 1.54 -9999.00 -9999.00 -9999.00 -9999.00 -9999.00 -9999.00 -9999.00 -9999.00 -9999.00 -9999.00 -9999.00 -9999.00 -9999.00 -9999.00 -9999.00 -9999.00 -9999.00 -9999.00 -9999.00 -9999.00 -9999.00 -9999.00 -9999.00 -9999.00
2.60 1.99 1.73 1.37 1.22 1.37 1.42 1.50 1.35 1.59 1.63 1.82 1.93 2.19 2.16 2.25 2.24 2.31 2.37 2.34 1.94 2.03 2.12 2.25 2.29 2.33 2.36 2.39 2.24 2.23 1.99 1.89 1.87 1.77 1.78 1.77 1.72 1.65 1.64 1.87 1.76 1.72 1.76 1.68 1.67 1.67 1.83 1.74 -9999.00 -9999.00 -9999.00 -9999.00 -9999.00 -9999.00 -9999.00 -9999.00 -9999.00 -9999.00 -9999.00 -9999.00 -9999.00 -9999.00 -9999.00 -9999.00 -9999.00 -9999.00 -9999.00 -9999.00 -9999.00 -9999.00 -9999.00 -9999.00 -9999.00
2.25 1.82 1.76 1.47 1.20 1.32 1.41 1.35 1.36 1.36 1.39 1.85 1.94 2.18 2.18 2.21 2.28 2.35 2.39 2.37 2.43 2.44 2.47 2.32 2.37 2.33 2.28 2.40 2.39 2.34 2.08 1.99 2.00 1.90 1.91 1.83 1.81 1.76 1.70 1.65 1.66 1.67 1.85 1.81 1.77 1.76 1.83 -9999.00 -9999.00 -9999.00 -9999.00 -9999.00 -9999.00 -9999.00 -9999.00 -9999.00 -9999.00 -9999.00 -9999.00 -9999.00 -9999.00 -9999.00 -9999.00 -9999.00 -9999.00 -9999.00 -9999.00 -9999.00 -9999.00 -9999.00 -9999.00 -9999.00 -9999.00
2.03 1.98 1.79 1.37 1.29 1.28 1.34 1.32 1.36 1.37 1.40 1.49 1.80 2.06 2.27 2.30 2.23 2.27 2.19 2.58 2.48 2.51 2.71 2.54 2.57 2.52 2.38 2.51 2.39 2.36 2.19 2.12 2.05 2.02 1.98 1.97 1.94 1.90 1.82 1.80 1.82 1.76 1.64 1.60 1.67 1.86 1.94 -9999.00 -9999.00 -9999.00 -9999.00 -9999.00 -9999.00 -9999.00 -9999.00 -9999.00 -9999.00 -9999.00 -9999.00 -9999.00 -9999.00 -9999.00 -9999.00 -9999.00 -9999.00 -9999.00 -9999.00 -9999.00 -9999.00 -9999.00 -9999.00 -9999.00 -9999.00
1.45 1.88 1.66 1.48 1.22 1.30 1.42 1.34 1.42 1.38 1.48 1.63 2.05 2.05 2.09 2.10 2.23 2.27 2.31 2.21 2.25 2.44 2.70 2.64 2.58 2.56 2.46 2.43 2.44 2.31 2.18 2.17 2.16 2.19 2.15 2.14 2.08 2.12 2.09 2.13 2.04 1.91 1.80 1.73 1.71 1.64 -9999.00 -9999.00 -9999.00 -9999.00 -9999.00 -9999.00 -9999.00 -9999.00 -9999.00 -9999.00 -9999.00 -9999.00 -9999.00 -9999.00 -9999.00 -9999.00 -9999.00 -9999.00 -9999.00 -9999.00 -9999.00 -9999.00 -9999.00 -9999.00 -9999.00 -9999.00 -9999.00
1.40 1.37 1.29 1.29 1.30 1.23 1.31 1.48 1.45 1.50 1.47 1.82 1.80 2.14 2.15 2.05 1.93 1.96 2.34 2.34 2.33 2.45 2.66 2.54 2.70 2.62 2.51 2.57 2.56 2.51 2.32 2.34 2.27 2.27 2.29 2.30 2.32 2.32 2.29 2.27 2.21 2.18 2.18 1.97 1.91 1.82 -9999.00 -9999.00 -9999.00 -9999.00 -9999.00 -9999.00 -9999.00 -9999.00 -9999.00 -9999.00 -9999.00 -9999.00 -9999.00 -9999.00 -9999.00 -9999.00 -9999.00 -9999.00 -9999.00 -9999.00 -9999.00 -9999.00 -9999.00 -9999.00 -9999.00 -9999.00 -9999.00
1.59 1.36 1.20 1.08 0.91 1.22 1.31 1.49 1.41 1.50 1.38 1.85 2.03 2.13 2.26 2.07 2.02 1.91 1.94 2.01 2.02 2.57 2.69 2.56 2.44 2.60 2.54 2.72 2.70 2.68 2.74 2.53 2.48 2.47 2.46 2.47 2.47 2.44 2.52 2.47 2.49 2.41 2.37 2.32 2.26 2.20 -9999.00 -9999.00 -9999.00 -9999.00 -9999.00 -9999.00 -9999.00 -9999.00 -9999.00 -9999.00 -9999.00 -9999.00 -9999.00 -9999.00 -9999.00 -9999.00 -9999.00 -9999.00 -9999.00 -9999.00 -9999.00 -9999.00 -9999.00 -9999.00 -9999.00 -9999.00 -9999.00
1.48 1.41 1.26 0.92 0.89 0.92 0.94 1.48 1.50 1.50 1.66 1.73 2.20 2.25 2.37 2.11 2.08 2.00 1.98 1.98 2.23 2.27 2.24 2.61 2.59 2.66 2.63 2.73 2.90 2.89 2.78 2.76 2.70 2.72 2.80 2.71 2.73 2.72 2.71 2.81 2.72 2.59 2.61 2.52 2.45 2.33 -9999.00 -9999.00 -9999.00 -9999.00 -9999.00 -9999.00 -9999.00 -9999.00 -9999.00 -9999.00 -9999.00 -9999.00 -9999.00 -9999.00 -9999.00 -9999.00 -9999.00 -9999.00 -9999.00 -9999.00 -9999.00 -9999.00 -9999.00 -9999.00 -9999.00 -9999.00 -9999.00
0.98 1.30 1.25 1.18 1.17 0.91 1.01 1.04 1.21 1.31 1.60 1.68 2.03 2.27 2.53 2.15 2.06 1.95 2.01 2.03 2.41 2.36 2.37 2.51 2.51 2.50 2.83 2.78 2.88 2.98 3.01 3.01 2.95 2.90 2.92 2.95 2.95 3.02 3.02 3.08 3.01 2.90 2.85 2.79 2.66 2.54 -9999.00 -9999.00 -9999.00 -9999.00 -9999.00 -9999.00 -9999.00 -9999.00 -9999.00 -9999.00 -9999.00 -9999.00 -9999.00 -9999.00 -9999.00 -9999.00 -9999.00 -9999.00 -9999.00 -9999.00 -9999.00 -9999.00 -9999.00 -9999.00 -9999.00 -9999.00 -9999.00
1.05 1.08 0.99 1.08 1.14 0.97 0.95 1.12 1.22 1.26 1.36 1.59 2.09 2.42 2.57 2.45 2.36 1.89 2.08 2.32 2.39 2.33 2.45 2.59 2.69 2.68 2.79 2.98 3.13 3.25 3.14 3.19 3.15 3.22 3.24 3.23 3.26 3.42 3.39 3.37 3.34 3.18 3.14 3.06 2.98 2.96 -9999.00 -9999.00 -9999.00 -9999.00 -9999.00 -9999.00 -9999.00 -9999.00 -9999.00 -9999.00 -9999.00 -9999.00 -9999.00 -9999.00 -9999.00 -9999.00 -9999.00 -9999.00 -9999.00 -9999.00 -9999.00 -9999.00 -9999.00 -9999.00 -9999.00 -9999.00 -9999.00
1.08 1.00 0.87 0.95 0.88 0.91 0.95 0.99 1.20 1.36 1.48 1.48 1.69 1.86 2.52 2.43 2.22 2.23 2.24 2.43 2.43 2.55 2.68 2.74 2.70 2.90 3.11 3.14 3.36 3.42 3.44 3.47 3.53 3.41 3.54 3.58 3.57 3.75 4.59 4.86 4.34 3.52 3.49 3.40 3.30 3.23 -9999.00 -9999.00 -9999.00 -9999.00 -9999.00 -9999.00 -9999.00 -9999.00 -9999.00 -9999.00 -9999.00 -9999.00 -9999.00 -9999.00 -9999.00 -9999.00 -9999.00 -9999.00 -9999.00 -9999.00 -9999.00 -9999.00 -9999.00 -9999.00 -9999.00 -9999.00 -9999.00
0.82 0.77 0.92 0.95 0.87 0.79 0.82 1.10 1.22 1.37 1.38 1.61 1.74 1.93 2.05 2.23 2.27 2.28 2.34 2.62 2.66 2.67 2.91 2.86 2.92 3.11 3.37 3.43 3.37 3.43 3.47 3.91 3.86 3.83 3.80 3.83 3.84 4.03 4.90 5.23 4.42 4.11 3.93 3.66 3.54 3.62 3.37 -9999.00 -9999.00 -9999.00 -9999.00 -9999.00 -9999.00 -9999.00 -9999.00 -9999.00 -9999.00 -9999.00 -9999.00 -9999.00 -9999.00 -9999.00 -9999.00 -9999.00 -9999.00 -9999.00 -9999.00 -9999.00 -9999.00 -9999.00 -9999.00 -9999.00 -9999.00
0.80 0.76 0.79 0.80 0.86 0.79 0.86 1.00 1.36 1.37 1.55 1.61 1.58 2.01 2.03 2.28 2.31 2.45 2.69 2.80 2.78 2.87 2.97 3.18 3.13 3.35 3.46 3.63 3.70 3.67 3.82 3.86 3.95 4.24 4.19 4.23 4.34 4.21 4.18 4.14 4.51 4.40 4.22 4.03 3.91 4.00 3.89 -9999.00 -9999.00 -9999.00 -9999.00 -9999.00 -9999.00 -9999.00 -9999.00 -9999.00 -9999.00 -9999.00 -9999.00 -9999.00 -9999.00 -9999.00 -9999.00 -9999.00 -9999.00 -9999.00 -9999.00 -9999.00 -9999.00 -9999.00 -9999.00 -9999.00 -9999.00
0.94 1.03 0.80 0.80 0.75 0.80 0.98 0.99 1.07 1.12 1.54 1.59 1.73 1.79 1.92 2.27 2.41 2.48 2.75 2.71 2.99 3.04 3.24 3.49 3.57 3.55 3.75 3.95 4.05 4.05 4.18 4.22 4.36 4.33 4.39 4.43 4.79 4.63 4.60 4.53 4.40 4.29 4.17 4.47 4.32 4.42 4.52 -9999.00 -9999.00 -9999.00 -9999.00 -9999.00 -9999.00 -9999.00 -9999.00 -9999.00 -9999.00 -9999.00 -9999.00 -9999.00 -9999.00 -9999.00 -9999.00 -9999.00 -9999.00 -9999.00 -9999.00 -9999.00 -9999.00 -9999.00 -9999.00 -9999.00 -9999.00
1.02 0.76 0.55 0.61 0.77 0.80 0.99 1.01 1.09 1.17 1.16 1.25 1.68 1.87 2.10 2.46 2.68 2.80 2.85 2.79 2.87 2.96 3.45 3.60 3.73 3.91 4.01 4.13 4.36 4.36 4.41 4.60 4.78 4.76 4.83 4.88 4.89 4.91 5.08 4.95 4.85 4.72 4.59 4.37 4.08 4.76 5.19 -9999.00 -9999.00 -9999.00 -9999.00 -9999.00 -9999.00 -9999.00 -9999.00 -9999.00 -9999.00 -9999.00 -9999.00 -9999.00 -9999.00 -9999.00 -9999.00 -9999.00 -9999.00 -9999.00 -9999.00 -9999.00 -9999.00 -9999.00 -9999.00 -9999.00 -9999.00
0.47 0.55 0.57 0.63 0.57 1.02 1.12 1.02 0.93 0.98 1.19 1.28 1.37 1.62 2.17 2.55 2.89 3.24 3.34 2.84 3.04 3.11 3.36 3.51 3.80 4.17 4.25 4.38 4.63 4.71 4.82 4.92 4.95 5.06 5.29 5.36 5.37 5.39 5.31 5.25 5.16 5.18 4.98 4.70 4.46 4.22 3.95 -9999.00 -9999.00 -9999.00 -9999.00 -9999.00 -9999.00 -9999.00 -9999.00 -9999.00 -9999.00 -9999.00 -9999.00 -9999.00 -9999.00 -9999.00 -9999.00 -9999.00 -9999.00 -9999.00 -9999.00 -9999.00 -9999.00 -9999.00 -9999.00 -9999.00 -9999.00
0.45 0.45 0.45 0.55 0.59 0.74 0.79 0.91 0.93 1.00 1.07 1.12 1.44 1.74 2.08 2.43 3.11 3.38 3.26 3.37 3.52 3.34 3.57 3.75 4.01 4.10 4.32 4.73 4.72 4.95 5.29 5.34 5.40 5.70 5.90 5.93 5.75 5.91 5.80 5.73 5.59 5.42 5.26 5.12 4.85 4.60 4.31 -9999.00 -9999.00 -9999.00 -9999.00 -9999.00 -9999.00 -9999.00 -9999.00 -9999.00 -9999.00 -9999.00 -9999.00 -9999.00 -9999.00 -9999.00 -9999.00 -9999.00 -9999.00 -9999.00 -9999.00 -9999.00 -9999.00 -9999.00 -9999.00 -9999.00 -9999.00
