dati/cumulata_oraria_prisma_2018052716.txt
ncols        251
nrows        249
xllcorner         436000.00000
yllcorner        4918000.00000
cellsize           1000.00000
NODATA_value          -9999.00000
[rows 64 to 95 of 249, columns 73 to 145 of 251]
7.06 5.94 5.20 5.09 4.84 5.02 5.19 5.94 6.71 5.84 5.42 5.11 5.09 5.04 4.95 4.84 4.82 4.89 5.51 6.82 8.77 9.03 11.71 16.85 33.65 48.06 42.26 27.87 15.41 10.10 6.04 3.94 2.97 2.35 1.92 1.61 1.35 1.23 1.13 1.02 1.02 1.19 1.19 1.43 1.47 1.31 1.38 1.71 1.97 1.26 1.48 0.79 0.78 0.80 0.81 0.83 0.89 0.94 0.95 0.98 1.01 1.03 1.06 1.06 1.12 1.15 1.23 1.24 1.30 1.39 1.51 1.54 1.50
4.15 5.77 4.58 4.39 4.40 4.41 4.55 4.84 5.09 5.04 4.85 4.86 4.83 4.78 4.69 4.58 4.66 4.63 5.05 6.45 8.51 9.52 13.27 26.18 39.70 41.15 34.34 25.65 13.78 8.85 5.89 3.61 2.62 2.12 1.78 1.54 1.34 1.27 1.21 1.12 1.32 1.69 1.56 1.97 1.95 1.79 1.91 2.51 2.72 1.70 1.98 1.87 1.14 0.91 0.91 0.92 0.98 1.02 1.04 1.07 1.07 1.11 1.15 1.14 1.16 1.26 1.29 1.23 1.41 1.79 2.17 2.16 2.76
3.28 3.85 3.78 3.86 4.03 4.18 4.31 4.42 4.50 4.55 4.58 4.58 4.56 4.50 4.42 4.31 4.36 4.34 4.44 4.97 6.98 8.59 15.50 28.40 34.09 34.98 33.89 26.65 17.19 10.18 5.78 3.50 2.53 2.00 1.62 1.42 1.27 1.19 1.10 1.22 2.84 3.05 2.98 3.12 2.64 2.73 2.36 2.69 2.86 1.88 2.23 2.99 2.25 1.52 1.14 1.05 1.08 1.11 1.11 1.16 1.15 1.16 1.51 1.26 1.24 1.33 1.39 1.28 1.70 2.50 3.15 2.60 3.36
3.10 3.29 3.47 3.64 3.79 3.93 4.05 4.15 4.23 4.28 4.30 4.30 4.27 4.21 4.13 4.03 3.90 3.92 3.78 4.16 4.52 6.34 14.27 25.94 30.39 30.86 28.38 26.07 19.35 12.98 6.48 3.65 2.25 1.82 1.52 1.36 1.25 1.15 1.07 1.26 2.89 3.90 3.89 7.13 9.80 6.41 4.46 2.98 2.61 1.95 2.86 3.59 2.84 1.83 1.41 1.23 1.20 1.20 1.22 1.22 1.22 1.23 1.59 1.45 1.44 1.66 1.79 1.45 2.09 2.33 3.21 3.79 8.02
2.91 3.08 3.25 3.41 3.55 3.68 3.79 3.88 3.94 3.99 4.01 4.00 3.97 3.92 3.84 3.74 3.62 3.48 3.36 3.54 3.52 4.14 11.86 20.66 25.95 21.85 21.58 24.02 21.78 13.25 6.82 3.41 2.16 1.73 1.50 1.36 1.27 1.21 1.07 1.80 3.65 4.38 3.98 10.15 14.37 9.91 5.33 3.15 2.68 2.07 2.33 3.60 2.94 2.01 1.54 1.41 1.39 1.37 1.38 1.34 1.32 1.32 1.69 1.51 1.48 1.65 1.84 1.55 2.02 2.82 2.96 4.54 7.91
2.72 2.88 3.03 3.18 3.31 3.42 3.52 3.60 3.66 3.70 3.71 3.70 3.67 3.62 3.54 3.45 3.33 3.20 3.06 3.11 3.13 3.58 7.67 15.20 19.50 13.63 13.77 21.58 24.82 13.00 6.16 3.04 2.29 1.76 1.47 1.33 1.34 1.32 1.53 2.12 4.02 4.25 5.08 12.48 15.39 12.37 6.47 3.56 2.65 2.07 2.13 2.64 2.37 1.93 1.78 1.50 1.46 1.45 1.41 1.38 1.39 1.36 1.39 1.39 1.48 1.64 1.75 1.96 2.86 3.50 3.99 6.02 9.20
2.53 2.67 2.81 2.94 3.06 3.16 3.25 3.32 3.37 3.41 3.42 3.41 3.37 3.32 3.25 3.16 3.05 2.92 2.90 2.81 2.94 3.15 5.04 12.52 12.23 9.93 7.31 10.83 17.15 13.54 4.94 3.10 2.24 1.85 1.46 1.43 1.62 1.55 1.56 1.80 3.86 4.24 6.49 14.10 14.49 14.22 8.54 4.82 2.83 2.11 2.14 2.64 2.34 1.88 1.81 1.59 1.55 1.51 1.47 1.45 1.41 1.42 1.47 1.48 1.58 1.74 1.78 2.03 2.27 3.75 5.12 8.82 11.27
2.34 2.47 2.60 2.71 2.82 2.91 2.99 3.05 3.09 3.12 3.13 3.11 3.08 3.03 2.96 2.87 2.77 2.65 2.66 2.54 2.59 3.13 5.84 11.38 9.60 7.80 5.92 6.75 11.14 9.97 4.39 2.17 2.07 1.93 1.74 1.76 1.87 1.72 1.64 1.63 3.08 3.60 6.29 13.65 11.96 11.87 9.65 6.78 4.14 2.49 2.13 2.52 2.26 1.87 1.81 1.74 1.72 1.64 1.59 1.55 1.54 1.56 1.58 1.62 1.70 1.85 1.88 2.10 2.35 3.52 4.53 8.09 10.95
2.16 2.28 2.39 2.49 2.58 2.66 2.73 2.78 2.82 2.84 2.84 2.83 2.79 2.74 2.68 2.59 2.50 2.39 2.27 2.26 2.27 2.86 5.71 10.00 8.97 8.38 5.93 4.82 5.16 6.08 5.08 3.17 3.01 3.18 2.65 2.27 2.02 1.86 2.17 1.88 2.57 3.18 6.17 10.49 7.74 7.03 8.06 8.19 4.54 2.63 2.16 2.36 2.29 1.92 1.92 1.91 1.89 1.79 1.74 1.68 1.71 1.72 1.75 1.82 2.06 2.25 2.29 2.37 2.59 3.10 4.15 7.16 7.85
1.98 2.09 2.18 2.28 2.36 2.43 2.48 2.53 2.56 2.57 2.57 2.55 2.52 2.47 2.41 2.33 2.24 2.14 2.03 2.13 2.08 2.50 3.89 5.87 6.16 6.43 6.68 5.08 4.16 7.54 17.72 9.68 6.58 5.87 3.65 2.75 2.33 2.05 2.33 2.26 2.84 3.33 7.15 8.47 4.98 4.13 6.03 8.33 5.46 3.22 2.39 2.25 2.25 2.04 1.98 2.00 1.97 1.89 1.84 1.83 1.84 1.90 1.93 2.07 2.22 2.50 2.56 2.71 2.66 2.79 3.46 5.10 6.01
1.81 1.91 1.99 2.07 2.14 2.20 2.25 2.28 2.31 2.32 2.31 2.29 2.26 2.21 2.15 2.08 1.99 1.90 1.80 2.27 2.27 2.46 2.94 5.05 6.53 6.92 6.64 5.40 4.36 11.77 33.95 20.41 10.11 5.91 4.31 3.09 2.38 1.96 2.07 1.84 2.12 2.85 6.69 8.56 5.22 3.44 2.98 3.53 4.38 3.05 2.30 2.34 2.26 2.21 2.14 2.19 2.14 2.09 2.06 2.07 2.08 2.10 2.10 2.23 2.39 2.65 2.84 2.94 2.92 2.88 3.22 3.92 4.50
1.65 1.73 1.81 1.88 1.94 1.99 2.03 2.05 2.07 2.08 2.07 2.05 2.01 1.97 1.91 1.84 1.77 1.68 2.32 2.65 3.99 4.03 5.52 8.79 9.61 8.63 6.30 5.31 6.86 18.79 44.56 36.52 21.57 8.78 5.44 3.68 2.79 2.10 2.11 1.98 2.05 2.84 6.56 5.57 3.18 2.44 2.46 2.61 2.80 2.61 2.28 2.46 2.40 2.31 2.33 2.40 2.33 2.31 2.31 2.33 2.36 2.36 2.40 2.44 2.67 2.74 3.12 3.36 3.12 3.84 5.23 6.22 6.44
1.50 1.57 1.64 1.69 1.74 1.79 1.82 1.84 1.85 1.85 1.84 1.82 1.79 1.74 1.69 1.63 1.55 1.47 2.54 3.72 6.47 8.45 15.18 18.94 15.66 11.53 8.87 8.67 13.84 26.88 42.26 36.07 24.88 10.62 5.31 3.29 2.55 2.26 2.16 1.92 2.12 3.75 5.75 3.96 2.67 2.24 2.23 2.38 2.66 2.56 2.41 2.41 2.46 2.56 2.64 2.68 2.60 2.61 2.63 2.67 2.64 2.69 2.70 2.68 2.83 2.92 3.13 3.35 3.55 4.11 5.70 6.46 6.52
1.36 1.42 1.48 1.52 1.57 1.60 1.74 1.79 1.99 1.95 1.88 2.31 1.58 1.54 1.49 1.43 1.36 1.29 2.09 2.37 7.39 13.31 23.57 27.53 21.89 18.49 15.43 11.75 12.07 12.32 17.81 27.13 19.38 8.95 4.55 2.66 2.54 2.63 2.38 2.13 2.38 3.33 4.51 2.84 2.30 2.22 2.37 2.68 2.92 2.82 2.69 2.63 2.67 2.71 2.82 2.84 2.90 2.91 2.81 2.82 2.86 2.81 2.74 2.80 3.08 3.11 3.28 3.68 3.87 4.73 6.67 8.42 8.89
1.24 1.29 1.33 1.37 1.40 1.54 1.64 1.80 2.64 2.73 3.12 4.68 3.20 1.35 1.30 1.25 1.18 1.12 1.35 2.73 4.80 20.04 31.13 35.68 33.84 30.90 23.43 14.07 12.21 11.17 11.54 13.70 11.11 6.73 3.40 2.27 2.55 3.06 2.73 2.42 3.18 3.75 3.51 2.70 2.41 2.45 2.61 3.02 3.49 3.29 3.03 3.03 3.19 3.29 3.18 3.29 3.33 3.24 3.23 3.17 3.21 3.15 3.03 3.05 3.13 3.24 3.32 3.63 3.77 4.25 7.69 9.10 8.74
1.12 1.16 1.20 1.23 1.25 1.45 2.10 3.92 4.38 4.30 6.13 4.69 1.96 1.18 1.13 1.08 1.03 0.97 0.91 1.36 2.03 10.43 23.84 31.93 37.01 32.24 20.76 17.98 17.27 11.79 11.52 11.03 8.78 5.93 3.47 2.73 2.86 3.61 3.61 3.94 4.78 5.06 3.80 2.93 2.68 2.69 2.86 3.09 3.60 3.59 3.48 3.43 3.59 3.72 3.76 3.88 3.77 3.69 3.71 3.72 3.74 3.72 3.66 3.64 3.57 3.69 3.79 4.15 4.05 5.78 10.24 10.34 9.93
1.01 1.04 1.07 1.10 1.12 1.68 3.49 4.73 5.02 5.73 6.14 3.32 1.37 1.03 0.98 0.94 0.89 0.83 0.78 0.87 1.14 2.80 6.90 12.33 19.39 26.80 17.20 15.43 16.59 13.26 15.10 12.69 8.99 5.91 3.73 3.50 3.52 3.74 3.66 4.67 6.82 6.87 4.76 3.45 3.30 3.42 3.43 3.48 3.86 4.13 4.23 4.39 4.28 4.37 4.72 4.75 4.65 4.64 4.61 4.35 4.26 4.24 4.17 4.10 4.02 4.14 4.19 4.73 5.11 8.35 18.53 17.82 11.18
0.91 0.94 0.96 0.98 1.19 2.22 3.16 3.30 4.11 5.26 3.00 1.21 0.92 0.89 0.85 0.81 0.76 0.72 0.67 0.69 0.77 1.22 2.56 4.10 6.95 9.18 9.16 12.07 15.91 21.00 23.86 18.31 11.28 6.40 5.17 4.70 4.16 4.38 3.91 4.68 5.79 6.95 6.63 4.27 4.57 4.80 3.95 4.34 4.69 5.38 4.84 5.06 4.96 5.23 5.41 5.53 5.25 5.31 5.11 5.00 5.02 5.17 4.99 4.88 4.93 5.04 5.58 6.07 5.93 8.21 17.62 17.91 11.09
0.82 0.85 0.86 0.88 1.60 2.05 2.01 2.43 4.04 3.08 1.27 0.90 0.80 0.77 0.74 0.80 0.85 0.82 0.75 0.68 0.70 0.84 1.48 2.30 4.21 4.64 7.20 12.38 24.98 31.92 31.12 24.17 19.48 8.89 6.58 4.73 4.20 4.26 4.24 4.56 5.39 7.15 7.79 6.46 6.11 5.98 5.01 5.42 5.99 7.35 6.90 6.68 5.65 6.22 7.00 6.39 6.01 5.85 5.73 5.47 5.75 5.65 5.73 5.65 5.63 5.70 5.88 6.04 6.54 9.08 16.80 19.45 13.52
0.74 0.76 0.78 0.98 1.54 1.40 1.55 2.25 1.88 1.04 0.84 0.84 0.80 0.71 0.79 0.86 1.08 0.82 0.78 0.72 0.86 1.06 3.43 4.15 3.84 3.71 7.35 19.12 28.56 34.84 36.81 32.87 26.94 13.11 7.90 5.11 4.62 4.52 4.24 4.57 5.74 8.73 8.51 7.03 7.72 6.95 6.15 7.01 8.27 9.94 9.26 8.48 7.00 7.08 8.45 7.70 6.60 6.44 6.34 6.48 6.23 6.33 6.27 6.00 6.14 6.07 6.05 6.42 7.25 9.46 13.75 16.65 11.95
0.67 0.69 0.70 0.92 1.16 1.17 1.37 1.25 0.97 0.68 0.74 0.84 0.79 0.70 0.87 1.11 0.99 0.87 0.78 0.97 1.68 4.17 5.90 6.07 4.47 5.46 7.06 14.94 23.05 31.61 36.33 36.15 27.48 15.00 8.59 6.02 5.89 4.72 4.55 4.66 5.50 7.89 8.62 9.11 11.11 9.43 6.91 7.39 9.28 11.81 11.80 9.69 8.65 7.93 9.18 9.94 8.57 7.29 7.34 7.22 6.85 6.96 7.14 7.03 6.84 7.03 6.94 7.10 7.72 9.84 14.13 13.68 11.57
0.61 0.62 0.63 0.89 1.05 1.09 1.08 0.80 0.61 0.60 0.83 0.92 0.81 0.97 0.93 1.05 0.82 0.77 1.15 1.69 3.77 8.23 8.96 7.04 4.96 5.29 5.64 11.63 19.45 28.78 37.94 36.52 25.94 16.78 10.72 8.40 7.44 6.00 5.43 5.52 6.46 7.19 8.67 12.69 16.53 12.59 10.02 9.29 10.70 12.64 12.90 12.30 9.96 9.23 9.48 9.99 8.94 8.20 8.14 8.29 8.05 8.57 8.63 7.88 7.61 7.59 7.26 7.84 8.61 9.14 11.92 14.06 13.61
0.55 0.56 0.57 0.57 0.97 0.75 0.56 0.55 0.54 0.89 0.96 1.15 1.16 1.16 0.94 0.80 0.71 0.82 2.32 4.04 5.49 9.78 7.73 6.30 5.57 5.01 3.93 7.01 11.80 26.14 40.05 38.22 27.94 18.69 17.57 18.51 14.98 7.78 7.32 7.80 7.40 6.81 10.59 15.99 24.58 22.15 14.74 16.19 15.17 15.46 16.56 16.47 12.18 11.52 12.35 11.19 9.67 8.94 9.32 9.26 8.80 9.34 9.07 8.45 8.68 8.74 9.40 10.32 10.41 10.76 13.97 14.78 14.26
0.50 0.51 0.51 0.51 0.51 0.51 0.50 0.49 0.76 1.00 1.32 1.60 1.33 1.08 0.80 0.60 0.55 1.23 2.67 4.67 7.89 5.82 5.16 6.19 4.24 3.99 3.34 5.92 12.17 25.24 41.32 44.25 39.61 33.32 31.79 29.04 18.72 15.50 14.37 13.27 9.35 9.23 14.61 19.90 26.18 27.15 28.22 24.88 26.03 25.83 25.69 27.77 15.82 14.93 13.83 14.03 14.35 12.45 10.73 10.17 9.72 10.23 10.12 9.67 9.90 9.96 9.86 10.53 10.54 12.49 17.03 17.01 17.75
0.46 0.46 0.46 0.47 0.46 0.46 0.45 0.58 0.85 1.12 1.83 1.80 1.07 0.88 0.77 0.45 0.44 0.84 1.91 2.77 4.05 3.41 4.05 4.08 2.39 2.35 2.78 5.49 9.52 19.01 33.43 44.03 47.81 46.36 45.85 42.35 29.95 24.49 23.21 20.02 19.77 20.27 23.04 26.40 27.11 31.89 44.71 51.38 48.62 44.59 46.29 38.21 22.52 19.54 20.37 22.58 18.33 14.82 11.85 11.29 11.20 13.02 14.16 11.71 11.52 10.58 10.57 10.57 10.67 13.29 16.85 17.25 20.34
0.42 0.42 0.42 0.42 0.42 0.42 0.41 0.61 0.87 1.52 2.13 1.16 0.77 0.66 0.40 0.27 0.32 0.43 0.72 1.45 1.58 1.56 1.58 1.19 1.11 1.51 2.09 4.29 5.79 13.36 23.61 32.88 46.92 50.15 50.47 49.73 49.25 40.21 36.27 33.43 35.52 33.61 32.39 38.58 40.45 52.97 52.91 51.17 59.59 63.40 61.85 61.36 34.59 33.37 26.87 21.99 21.41 19.16 17.02 14.80 14.38 17.70 15.42 14.81 14.37 12.27 11.59 11.11 11.55 16.85 19.51 18.26 23.37
0.38 0.38 0.39 0.39 0.38 0.38 0.37 0.53 0.89 1.04 1.11 0.60 0.44 0.28 0.26 0.24 0.23 0.34 0.48 0.67 0.69 0.55 0.46 0.49 0.67 0.89 1.58 2.94 3.63 6.30 14.99 26.57 46.53 48.84 53.17 51.51 57.79 47.76 46.49 50.48 52.82 53.43 52.12 58.57 52.61 54.89 56.25 62.44 67.85 78.92 71.79 56.64 44.37 37.15 31.07 24.36 19.12 16.33 13.17 12.59 18.51 26.17 27.48 24.54 20.02 15.27 13.77 13.05 13.93 18.49 19.92 19.28 29.99
0.00 0.35 0.35 0.35 0.35 0.35 0.34 0.63 1.11 0.82 0.49 0.29 0.27 0.26 0.24 0.22 0.27 0.30 0.33 0.41 0.35 0.30 0.18 0.19 0.35 0.49 1.04 1.39 3.83 4.99 14.06 25.08 39.80 50.61 57.44 55.62 53.40 44.37 48.27 51.68 54.36 60.72 70.92 70.04 63.66 67.03 68.81 69.99 62.58 52.31 43.27 39.04 43.10 38.39 28.98 20.11 15.53 14.28 13.41 13.86 15.78 18.69 19.43 18.25 18.33 16.67 16.26 16.90 19.63 27.05 28.33 21.39 30.13
0.00 0.00 0.33 0.33 0.32 0.32 0.32 0.31 1.00 0.43 0.28 0.27 0.25 0.24 0.22 0.32 0.31 0.33 0.35 0.37 0.29 0.17 0.17 0.19 0.21 0.36 0.79 1.33 4.32 6.39 12.57 23.42 41.72 57.28 57.95 54.96 46.91 42.55 39.28 36.03 51.96 59.57 62.27 67.39 66.67 69.46 69.57 63.59 44.35 33.16 26.46 26.89 49.63 42.58 25.09 17.73 13.33 12.55 12.54 12.57 15.59 18.51 19.93 18.93 17.86 17.62 15.40 17.15 22.24 30.94 33.33 37.42 49.94
0.00 0.00 0.30 0.30 0.30 0.30 0.29 0.29 0.28 0.27 0.26 0.25 0.24 0.39 0.41 0.42 0.42 0.46 0.45 0.35 0.28 0.16 0.17 0.19 0.30 0.58 1.22 2.78 4.21 6.53 12.30 27.00 45.38 57.62 57.20 51.71 37.75 29.55 22.69 20.86 35.12 38.22 53.67 64.04 69.41 69.28 43.81 30.32 23.49 18.56 16.35 15.61 26.11 25.40 19.07 17.96 17.32 16.15 14.30 14.42 15.45 17.88 19.15 20.75 20.36 19.36 17.38 17.81 26.17 32.66 36.17 39.29 50.35
0.00 0.00 0.00 0.28 0.28 0.28 0.27 0.27 0.26 0.25 0.25 0.23 0.47 0.55 0.57 0.55 0.51 0.49 0.41 0.32 0.25 0.00 0.17 0.35 0.61 1.08 1.80 3.88 7.05 8.59 13.17 33.22 44.03 50.19 52.85 34.53 24.23 16.94 10.91 10.54 12.16 14.94 22.21 48.00 48.53 43.40 28.92 17.93 13.27 9.48 10.53 12.54 21.12 19.75 17.01 15.49 19.19 19.86 20.67 21.03 22.97 27.76 21.66 22.54 22.17 23.74 22.62 24.89 29.11 34.96 37.84 56.00 49.60
0.00 0.00 0.00 0.26 0.26 0.26 0.26 0.25 0.25 0.24 0.23 0.50 0.55 0.79 0.73 0.73 0.54 0.49 0.37 0.31 0.25 0.26 0.37 0.74 0.95 2.35 3.43 7.21 8.25 10.87 14.21 25.17 33.41 40.61 26.74 24.78 15.77 8.98 5.57 5.45 5.42 5.81 15.51 24.16 32.29 31.07 24.08 16.42 12.28 9.64 9.76 9.27 16.93 14.97 14.65 17.30 23.09 24.85 23.39 24.96 23.11 29.57 31.48 32.96 34.13 27.14 25.68 28.78 31.69 31.91 35.67 50.12 41.77
