dati/cumulata_oraria_prisma_2018052805.txt
ncols        251
nrows        249
xllcorner         436000.00000
yllcorner        4918000.00000
cellsize           1000.00000
NODATA_value          -9999.00000
[rows 32 to 63 of 249, columns 73 to 145 of 251]
-9999.00 -9999.00 -9999.00 -9999.00 -9999.00 -9999.00 -9999.00 -9999.00 -9999.00 -9999.00 -9999.00 -9999.00 -9999.00 0.21 0.21 0.21 0.21 0.21 0.22 0.23 0.25 0.27 0.30 0.47 0.57 0.75 0.87 1.03 1.22 1.35 1.43 -9999.00 -9999.00 -9999.00 -9999.00 -9999.00 -9999.00 -9999.00 -9999.00 -9999.00 -9999.00 -9999.00 -9999.00 -9999.00 -9999.00 -9999.00 -9999.00 -9999.00 -9999.00 -9999.00 -9999.00 -9999.00 -9999.00 -9999.00 1.21 1.04 0.78 0.74 0.70 0.67 0.63 0.59 0.56 0.52 0.49 0.46 0.42 0.39 -9999.00 -9999.00 -9999.00 -9999.00 -9999.00
-9999.00 -9999.00 -9999.00 -9999.00 -9999.00 -9999.00 -9999.00 -9999.00 -9999.00 -9999.00 -9999.00 -9999.00 -9999.00 -9999.00 0.19 0.41 0.40 0.21 0.22 0.24 0.26 0.29 0.32 0.50 0.62 0.77 0.96 1.17 1.32 1.47 1.61 -9999.00 -9999.00 -9999.00 -9999.00 -9999.00 -9999.00 -9999.00 -9999.00 -9999.00 -9999.00 -9999.00 -9999.00 -9999.00 -9999.00 -9999.00 -9999.00 2.29 2.40 2.31 -9999.00 -9999.00 1.66 1.52 1.37 1.16 0.95 0.75 0.70 0.66 0.62 0.58 0.54 0.50 0.46 0.43 0.39 0.36 -9999.00 -9999.00 -9999.00 -9999.00 -9999.00
-9999.00 -9999.00 -9999.00 -9999.00 -9999.00 -9999.00 -9999.00 -9999.00 -9999.00 -9999.00 -9999.00 -9999.00 -9999.00 -9999.00 0.34 0.43 0.42 0.56 0.45 0.36 0.27 0.30 0.41 0.56 0.68 0.80 0.99 1.18 1.43 1.61 1.79 -9999.00 -9999.00 -9999.00 -9999.00 -9999.00 -9999.00 -9999.00 -9999.00 -9999.00 -9999.00 -9999.00 -9999.00 -9999.00 -9999.00 -9999.00 -9999.00 2.44 2.57 2.58 2.38 2.00 1.80 1.61 1.42 1.21 1.03 0.75 0.70 0.65 0.60 0.56 0.52 0.48 0.44 0.40 0.36 0.33 -9999.00 -9999.00 -9999.00 -9999.00 -9999.00
-9999.00 -9999.00 -9999.00 -9999.00 -9999.00 -9999.00 -9999.00 -9999.00 -9999.00 -9999.00 -9999.00 -9999.00 -9999.00 -9999.00 0.33 0.41 0.58 0.59 0.48 0.40 0.39 0.43 0.45 0.56 0.70 0.89 1.10 1.31 1.54 1.73 1.96 2.21 -9999.00 -9999.00 -9999.00 -9999.00 -9999.00 -9999.00 -9999.00 -9999.00 -9999.00 -9999.00 -9999.00 -9999.00 -9999.00 -9999.00 2.56 2.51 2.62 2.54 2.36 2.20 1.87 1.65 1.43 1.23 1.03 0.87 0.69 0.64 0.58 0.54 0.49 0.45 0.41 0.37 0.33 0.30 -9999.00 -9999.00 -9999.00 -9999.00 -9999.00
-9999.00 -9999.00 -9999.00 -9999.00 -9999.00 -9999.00 -9999.00 -9999.00 -9999.00 -9999.00 -9999.00 -9999.00 -9999.00 -9999.00 0.56 0.39 0.59 0.56 0.49 0.44 0.45 0.47 0.51 0.61 0.71 0.90 1.09 1.36 1.61 1.87 2.19 2.37 2.63 -9999.00 -9999.00 -9999.00 -9999.00 -9999.00 -9999.00 -9999.00 -9999.00 -9999.00 -9999.00 -9999.00 -9999.00 -9999.00 2.60 2.65 2.73 2.65 2.40 2.21 2.02 1.75 1.53 1.30 1.05 0.87 0.68 0.62 0.57 0.51 0.47 0.42 0.38 0.34 0.30 0.27 0.23 -9999.00 -9999.00 -9999.00 -9999.00
-9999.00 -9999.00 -9999.00 -9999.00 -9999.00 -9999.00 -9999.00 -9999.00 -9999.00 -9999.00 -9999.00 -9999.00 -9999.00 0.38 0.62 0.59 0.55 0.55 0.52 0.55 0.57 0.55 0.58 0.64 0.77 0.94 1.14 1.45 1.65 1.97 2.30 2.35 2.46 2.60 -9999.00 -9999.00 -9999.00 -9999.00 -9999.00 -9999.00 -9999.00 -9999.00 -9999.00 -9999.00 -9999.00 -9999.00 -9999.00 2.64 2.80 2.61 2.48 2.38 2.08 1.85 1.62 1.36 1.05 0.84 0.67 0.60 0.55 0.49 0.44 0.39 0.35 0.31 0.27 0.24 0.21 -9999.00 -9999.00 -9999.00 -9999.00
-9999.00 -9999.00 -9999.00 -9999.00 -9999.00 -9999.00 -9999.00 -9999.00 -9999.00 -9999.00 -9999.00 -9999.00 -9999.00 0.49 0.33 0.61 0.58 0.56 0.56 0.67 0.68 0.61 0.68 0.70 0.82 0.99 1.16 1.44 1.70 1.99 2.25 2.44 2.59 2.73 2.70 2.75 -9999.00 -9999.00 -9999.00 -9999.00 -9999.00 -9999.00 3.46 3.24 -9999.00 -9999.00 2.78 2.77 2.82 2.71 2.52 2.46 2.21 1.87 1.64 1.40 1.12 0.83 0.65 0.59 0.52 0.47 0.42 0.37 0.32 0.28 0.24 0.21 0.18 -9999.00 -9999.00 -9999.00 -9999.00
-9999.00 -9999.00 -9999.00 -9999.00 -9999.00 -9999.00 -9999.00 -9999.00 -9999.00 -9999.00 -9999.00 -9999.00 0.60 0.43 0.66 0.59 0.61 0.61 0.63 0.75 0.78 0.82 0.83 0.79 0.91 1.01 1.17 1.46 1.73 1.98 2.25 2.57 2.79 2.84 2.94 3.04 3.46 3.34 3.23 3.28 -9999.00 3.55 3.85 3.61 3.54 3.25 2.95 2.85 2.94 2.78 2.63 2.45 2.29 1.97 1.70 1.44 1.10 0.84 0.64 0.57 0.51 0.45 0.39 0.34 0.30 0.26 0.22 0.19 0.00 -9999.00 -9999.00 -9999.00 -9999.00
-9999.00 -9999.00 -9999.00 -9999.00 -9999.00 -9999.00 -9999.00 -9999.00 -9999.00 -9999.00 -9999.00 -9999.00 0.79 0.91 0.85 0.67 0.57 0.69 0.67 0.90 0.95 1.07 0.99 0.93 1.02 1.09 1.19 1.33 1.66 1.96 2.46 2.67 3.22 3.06 3.11 3.11 3.54 3.24 3.36 3.19 3.37 3.52 3.66 3.64 3.53 3.26 3.08 2.93 2.86 2.75 2.63 2.50 2.38 2.13 1.79 1.56 1.13 0.83 0.62 0.55 0.49 0.43 0.37 0.33 0.28 0.24 0.21 0.18 0.00 0.00 0.00 -9999.00 -9999.00
-9999.00 -9999.00 -9999.00 -9999.00 -9999.00 -9999.00 -9999.00 -9999.00 -9999.00 -9999.00 -9999.00 1.73 0.75 1.19 0.95 0.81 0.63 0.70 0.76 1.04 1.24 1.32 1.27 1.14 1.08 1.13 1.25 1.37 1.81 2.03 2.35 2.96 3.18 3.31 3.05 2.96 3.68 3.43 3.41 3.30 3.34 3.57 3.77 3.69 3.56 3.38 3.13 2.95 2.96 2.78 2.59 2.53 2.37 2.01 1.87 1.58 1.27 0.91 0.61 0.54 0.47 0.41 0.36 0.31 0.27 0.23 0.20 0.17 0.00 0.00 0.00 0.00 0.00
-9999.00 -9999.00 -9999.00 -9999.00 -9999.00 -9999.00 -9999.00 -9999.00 -9999.00 -9999.00 1.92 2.70 2.53 1.33 1.18 0.92 0.72 0.73 0.84 1.11 1.39 1.55 1.40 1.26 1.18 1.23 1.39 1.55 1.90 2.21 2.70 3.05 3.10 3.00 2.99 3.04 3.18 3.10 3.32 3.36 3.37 3.70 3.76 3.71 3.54 3.38 3.17 3.01 2.85 2.46 2.43 2.40 2.22 2.06 1.78 1.57 1.28 0.97 0.59 0.52 0.46 0.40 0.35 0.31 0.27 0.23 0.20 0.17 0.00 0.00 0.00 0.00 0.00
-9999.00 -9999.00 -9999.00 -9999.00 -9999.00 -9999.00 -9999.00 -9999.00 -9999.00 -9999.00 2.16 2.48 2.45 1.64 1.23 1.01 0.88 0.84 0.82 1.27 1.60 1.49 1.44 1.41 1.41 1.45 1.63 1.75 2.07 2.34 2.76 2.97 2.98 2.85 2.89 2.96 3.07 3.11 3.20 3.28 3.34 3.46 3.68 3.76 3.62 3.26 3.07 2.89 2.81 2.35 2.31 2.29 2.19 1.86 1.75 1.57 1.24 0.90 0.72 0.52 0.45 0.40 0.35 0.31 0.27 0.24 0.21 0.19 0.17 0.00 0.00 0.00 0.00
-9999.00 -9999.00 -9999.00 -9999.00 -9999.00 -9999.00 -9999.00 -9999.00 -9999.00 -9999.00 1.92 2.43 2.19 1.53 1.22 1.07 0.99 0.95 0.96 1.42 1.53 1.72 1.71 1.79 1.72 1.62 1.74 1.93 2.09 2.34 2.64 2.85 2.81 2.83 2.81 3.04 3.15 3.09 3.23 3.27 3.28 3.50 3.62 3.71 3.53 3.18 3.03 2.85 2.76 2.45 2.12 2.20 2.09 1.85 1.75 1.59 1.26 0.94 0.70 0.51 0.45 0.40 0.36 0.32 0.29 0.26 0.23 0.21 0.20 0.18 0.17 0.00 0.00
-9999.00 -9999.00 -9999.00 -9999.00 -9999.00 -9999.00 -9999.00 -9999.00 -9999.00 -9999.00 2.04 2.51 2.05 1.95 1.45 1.08 1.13 1.05 1.06 1.27 1.74 2.11 2.09 1.95 1.90 1.77 1.77 1.92 2.09 2.27 2.52 2.75 2.86 2.82 2.91 3.08 3.15 3.10 3.16 3.22 3.23 3.44 3.42 3.69 3.34 3.12 3.01 2.73 2.60 2.46 2.36 2.13 2.06 1.83 1.62 1.46 1.19 0.93 0.73 0.51 0.46 0.41 0.37 0.34 0.31 0.29 0.27 0.25 0.24 0.23 0.22 0.21 0.20
-9999.00 -9999.00 -9999.00 -9999.00 -9999.00 -9999.00 -9999.00 -9999.00 3.15 2.66 3.08 2.53 2.05 2.07 1.97 1.64 1.38 1.21 1.35 1.62 1.76 2.37 2.27 2.19 1.99 1.92 1.81 1.89 2.02 2.28 2.55 2.75 2.81 2.84 3.21 3.15 3.13 3.20 3.16 3.20 3.21 3.36 3.26 3.69 3.29 3.12 2.87 2.67 2.40 2.23 2.08 1.93 1.81 1.65 1.55 1.45 1.23 0.98 0.76 0.51 0.46 0.43 0.39 0.51 0.50 0.32 0.31 0.30 0.29 0.28 0.28 0.27 0.27
-9999.00 -9999.00 -9999.00 -9999.00 -9999.00 -9999.00 -9999.00 -9999.00 3.17 3.47 3.22 2.59 2.31 2.35 2.28 2.15 1.91 1.57 1.65 1.79 2.13 2.78 2.64 2.23 2.13 1.99 1.93 1.97 2.12 2.46 2.65 2.94 2.89 2.85 3.82 3.23 3.11 3.19 3.19 3.18 3.17 3.22 3.22 3.37 3.18 3.01 2.80 2.60 2.39 2.23 2.07 1.89 1.79 1.62 1.55 1.48 1.36 1.22 0.93 0.71 0.48 0.45 0.54 0.55 0.55 0.52 0.50 0.36 0.36 0.36 0.35 0.35 0.35
-9999.00 -9999.00 -9999.00 -9999.00 -9999.00 -9999.00 -9999.00 2.95 2.83 3.52 3.08 2.56 2.23 2.18 2.26 2.39 2.36 1.84 1.90 2.22 2.26 2.41 2.86 2.50 2.27 2.21 2.30 2.31 2.30 2.63 2.73 3.02 2.99 2.93 3.80 3.60 3.27 3.32 3.18 3.14 3.13 3.31 3.31 3.26 3.33 3.10 2.82 2.65 2.43 2.18 2.04 1.92 1.80 1.59 1.56 1.58 1.58 1.41 1.06 0.75 0.60 0.54 0.56 0.61 0.60 0.63 0.65 0.60 0.54 0.56 0.44 0.44 0.44
-9999.00 -9999.00 -9999.00 -9999.00 -9999.00 -9999.00 4.52 3.64 3.70 3.30 2.79 2.45 2.11 2.19 2.39 2.61 2.60 2.56 2.12 2.42 2.49 2.58 3.33 3.02 2.56 2.71 2.78 2.65 2.49 2.74 2.82 2.83 2.96 3.33 3.99 4.00 3.58 3.25 3.36 3.29 3.36 3.35 3.43 3.45 3.60 3.70 3.09 2.85 2.50 2.29 2.14 1.83 1.82 1.72 1.59 1.55 1.51 1.33 1.10 0.80 0.64 0.59 0.62 0.73 0.79 0.78 0.76 0.70 0.67 0.75 0.77 0.72 0.70
-9999.00 -9999.00 -9999.00 -9999.00 -9999.00 -9999.00 4.29 3.72 3.75 2.90 2.61 2.44 2.28 2.30 2.53 2.61 2.89 2.63 2.23 2.39 2.57 2.75 2.90 3.38 3.04 3.03 3.00 2.94 2.69 3.01 2.95 2.94 3.07 3.91 4.76 6.66 4.52 3.89 3.56 3.63 3.64 3.75 3.90 4.07 4.79 4.39 3.43 2.91 2.49 2.15 1.85 1.79 1.74 1.62 1.44 1.42 1.36 1.33 1.15 1.03 0.80 0.67 0.66 0.77 0.91 0.95 0.96 0.89 0.82 0.88 0.89 0.90 0.87
-9999.00 -9999.00 -9999.00 -9999.00 -9999.00 -9999.00 3.98 4.19 3.96 2.93 2.45 2.60 2.58 2.34 2.50 2.69 2.93 2.83 2.68 2.54 2.63 2.93 2.99 3.82 3.69 3.35 3.34 3.34 2.87 3.29 3.11 2.97 3.63 4.85 5.76 7.03 5.17 4.54 4.00 4.32 4.26 4.06 4.54 4.38 4.01 4.49 3.70 2.74 2.33 1.97 1.79 1.70 1.63 1.55 1.47 1.37 1.36 1.34 1.20 1.05 0.84 0.74 0.74 0.90 1.00 1.04 1.13 1.03 1.01 1.07 1.12 1.10 1.03
-9999.00 -9999.00 -9999.00 -9999.00 -9999.00 -9999.00 3.42 4.22 3.90 3.14 2.32 2.72 2.63 2.49 2.47 2.62 2.64 2.86 2.93 2.65 2.75 2.94 3.37 4.30 4.05 3.89 3.65 3.65 3.31 3.37 3.39 3.33 3.60 4.94 5.58 5.70 5.73 5.43 5.24 4.77 4.10 3.99 3.97 3.71 3.68 4.25 3.25 2.70 2.15 1.86 1.72 1.61 1.54 1.45 1.39 1.34 1.34 1.29 1.22 1.09 0.93 0.85 0.82 1.03 1.18 1.24 1.28 1.23 1.20 1.17 1.30 1.33 1.29
-9999.00 -9999.00 -9999.00 5.22 4.04 3.66 3.60 4.43 4.10 3.69 2.94 2.47 2.49 2.49 2.53 2.64 2.80 3.07 3.08 2.84 2.86 3.01 3.35 3.85 4.54 4.01 4.36 4.06 3.56 3.44 3.53 3.56 4.04 4.52 5.39 5.81 5.69 5.56 5.51 4.36 3.70 3.71 3.79 3.65 3.45 4.15 3.62 2.92 2.17 1.80 1.65 1.55 1.43 1.40 1.34 1.35 1.32 1.41 1.38 1.37 1.12 0.98 0.88 1.08 1.46 1.46 1.55 1.47 1.40 1.35 1.41 1.45 1.42
-9999.00 -9999.00 5.16 4.41 4.29 3.92 3.39 3.92 3.66 3.02 2.38 2.41 2.46 2.57 2.64 2.82 2.98 3.18 3.06 3.00 3.29 3.56 3.88 4.99 4.30 4.34 4.44 4.14 3.62 3.79 3.65 4.08 4.36 5.08 5.56 5.69 5.43 5.01 4.37 3.88 3.63 3.72 3.55 3.43 4.00 3.67 2.70 2.20 1.82 1.74 1.62 1.43 1.44 1.41 1.38 1.40 1.47 1.48 1.40 1.20 1.13 1.03 1.39 1.63 1.53 1.61 1.66 1.59 1.48 1.46 1.55 1.56 1.54
-9999.00 4.93 5.17 5.43 4.18 3.75 3.40 3.79 3.71 3.59 2.81 2.39 2.46 2.55 2.88 2.94 3.13 3.53 3.29 3.18 3.27 3.88 4.20 5.12 4.81 4.65 4.62 4.62 3.90 3.73 3.76 4.22 4.28 4.76 5.12 5.40 5.21 4.70 4.26 3.60 3.63 3.77 3.80 3.67 3.63 4.36 3.44 2.36 1.95 1.76 1.73 1.41 1.49 1.40 1.41 1.41 1.52 1.50 1.56 1.48 1.24 1.16 1.27 1.63 1.92 1.78 1.79 1.73 1.58 1.57 1.63 1.61 1.65
4.78 4.60 4.77 5.03 4.88 3.45 3.10 2.97 3.60 3.73 3.15 2.52 2.60 2.77 2.94 2.96 3.18 3.65 3.66 3.91 3.85 4.29 4.44 4.63 5.37 4.88 4.91 4.59 3.88 3.50 4.07 4.24 4.17 4.32 4.57 4.86 5.08 4.66 4.51 3.75 3.96 4.14 4.28 4.02 3.94 4.78 4.10 2.63 2.03 1.84 1.76 1.55 1.50 1.42 1.40 1.42 1.51 1.50 1.43 1.39 1.26 1.23 1.36 1.70 1.95 1.88 1.92 1.84 1.63 1.62 1.70 1.72 1.74
4.95 4.53 4.36 4.55 4.39 3.40 3.16 2.71 3.39 3.45 2.93 2.63 2.75 2.81 3.16 3.26 3.59 3.78 4.20 4.46 4.25 4.80 4.86 4.82 5.63 5.28 5.04 4.75 4.55 3.63 4.34 4.09 4.10 3.99 4.31 4.63 4.60 4.73 4.35 3.94 4.17 4.40 4.46 4.46 4.14 5.34 4.60 3.04 2.11 1.85 1.76 1.65 1.67 1.62 1.49 1.48 1.48 1.45 1.33 1.44 1.29 1.34 1.50 1.76 2.04 2.05 1.99 1.76 1.66 1.61 1.66 1.69 1.67
4.69 4.54 4.20 3.80 3.99 3.25 2.75 2.60 2.83 3.09 3.22 2.75 2.58 3.09 3.40 3.58 4.03 4.05 4.51 4.97 4.76 4.86 4.85 4.81 5.71 5.57 5.21 5.09 4.36 3.82 4.38 4.34 4.09 4.27 4.50 4.51 4.70 4.66 4.22 4.04 4.24 4.19 4.56 4.32 4.27 5.36 5.46 3.51 2.22 1.91 1.72 1.72 1.61 1.53 1.44 1.36 1.37 1.38 1.36 1.28 1.13 1.18 1.31 1.48 1.79 1.93 1.97 1.84 1.77 1.70 1.75 1.77 1.76
4.86 4.02 3.71 3.89 3.75 3.44 2.69 2.73 2.60 3.13 3.12 2.90 2.66 3.09 3.69 3.99 4.30 4.37 4.70 5.08 4.97 5.12 5.08 4.70 5.82 5.82 5.29 4.69 4.63 4.23 4.42 4.55 4.39 4.41 4.66 4.80 4.89 4.84 4.58 4.14 4.15 4.31 3.37 3.40 2.78 3.22 3.04 2.47 2.06 1.68 1.55 1.70 1.38 1.40 1.30 1.18 1.14 1.12 1.09 1.05 1.05 1.15 1.29 1.48 1.76 1.98 2.09 2.12 2.03 1.90 1.88 1.90 1.88
5.38 3.83 3.35 3.11 2.68 3.11 2.77 2.54 2.60 2.97 3.06 2.76 2.65 3.01 3.74 4.23 4.37 4.59 4.93 5.16 5.67 5.58 5.19 4.84 4.96 5.94 5.49 4.83 4.80 4.75 5.07 5.05 4.63 4.82 4.90 4.89 3.81 3.87 3.56 3.32 3.27 3.14 3.08 2.84 2.78 2.84 3.35 2.76 2.28 1.87 1.75 1.58 1.39 1.41 1.28 1.20 1.21 1.26 1.20 1.09 1.07 1.25 1.37 1.59 1.83 2.04 2.15 2.14 2.07 2.04 1.96 2.01 1.94
5.20 4.03 3.07 3.00 2.24 2.86 2.81 2.56 2.36 2.79 3.00 3.00 2.72 2.67 3.26 3.96 4.37 4.80 4.74 5.48 5.89 5.91 5.37 5.03 5.04 5.92 5.65 5.02 4.91 5.18 4.51 4.74 4.39 4.35 4.15 3.98 3.83 4.10 3.93 3.65 3.66 3.41 3.13 3.09 3.29 3.89 3.98 3.59 2.63 2.27 1.98 1.79 1.61 1.64 1.50 1.32 1.32 1.35 1.23 1.15 1.08 1.25 1.43 1.64 1.89 2.21 2.29 2.26 2.27 2.11 1.99 2.02 1.98
5.03 4.37 3.36 3.25 3.15 2.67 2.33 2.42 2.37 2.40 2.89 2.81 2.68 2.81 3.21 3.69 4.16 4.74 4.96 5.50 5.80 5.85 4.98 4.85 4.64 5.30 5.12 4.43 4.38 4.77 4.66 4.97 4.43 4.49 4.29 4.28 4.14 4.23 4.75 4.43 4.18 3.95 3.41 3.17 3.19 3.27 4.22 4.08 2.91 2.62 2.19 2.06 1.92 1.89 1.72 1.49 1.40 1.40 1.44 1.28 1.15 1.22 1.42 1.56 1.80 2.19 2.34 2.33 2.45 2.47 2.22 2.16 2.15
4.55 4.20 3.35 3.17 3.14 2.91 2.94 2.32 2.41 2.62 2.90 2.62 2.72 2.77 3.07 3.42 3.81 4.47 4.68 5.11 5.04 4.98 4.67 4.14 4.14 5.14 4.96 4.61 4.48 4.65 4.96 5.30 4.90 4.83 4.55 4.61 4.65 4.89 4.91 4.71 4.32 4.01 3.56 3.21 3.24 3.32 4.28 4.07 3.11 2.77 2.31 2.26 2.09 2.04 1.83 1.59 1.44 1.48 1.53 1.34 1.19 1.21 1.36 1.53 1.79 2.11 2.38 2.37 2.49 2.44 2.23 2.12 2.29
