dati/cumulata_oraria_prisma_2018052715.txt
ncols        251
nrows        249
xllcorner         436000.00000
yllcorner        4918000.00000
cellsize           1000.00000
NODATA_value          -9999.00000
[rows 96 to 127 of 249, columns 73 to 145 of 251]
0.00 0.00 0.00 0.00 0.00 0.00 0.00 1.73 1.87 2.33 2.49 2.93 4.06 5.11 7.23 6.71 5.31 3.99 3.51 3.31 3.38 3.44 3.47 3.49 3.48 3.44 3.56 3.88 4.89 7.22 15.19 27.24 28.65 22.18 29.95 24.10 9.95 3.10 2.36 4.66 6.81 16.55 25.77 30.19 34.50 40.67 42.17 58.04 59.85 55.95 52.86 48.91 43.04 17.67 8.98 5.41 3.22 2.10 2.17 2.09 2.11 1.63 1.24 1.01 0.88 0.96 0.77 0.62 0.69 0.63 1.06 2.01 1.22
0.00 0.00 0.00 0.00 0.00 0.00 1.51 1.89 1.97 2.53 2.84 4.02 7.17 9.49 13.14 8.95 4.58 3.25 3.16 3.06 3.12 3.16 3.18 3.19 3.17 3.14 3.08 3.28 3.93 4.53 11.58 12.86 16.44 18.55 26.98 13.96 3.40 2.32 2.26 7.04 9.46 20.17 26.36 26.87 43.56 45.12 51.37 62.30 55.25 53.98 50.97 44.76 33.57 15.39 8.85 6.14 3.79 3.31 3.12 3.92 4.28 2.46 1.29 0.95 0.81 0.88 0.79 0.83 0.68 0.70 1.27 1.32 1.00
0.00 0.00 0.00 0.00 0.00 0.00 2.05 2.07 2.02 2.62 3.40 10.91 13.95 19.39 17.23 5.91 3.45 3.00 2.89 2.80 2.85 2.88 2.90 2.89 2.88 2.84 2.78 2.70 3.03 3.11 6.72 5.48 6.21 7.09 8.33 2.66 1.87 2.07 2.24 6.34 9.76 14.01 18.78 27.30 41.62 43.92 50.50 57.87 50.81 45.77 45.17 35.67 21.38 12.11 9.48 7.49 5.04 8.96 25.01 15.87 5.64 2.27 1.82 1.41 1.19 0.95 0.95 1.27 1.26 1.23 1.16 1.20 0.88
0.00 0.00 0.00 0.00 0.00 0.00 2.25 2.36 3.05 3.35 6.16 20.85 25.46 30.41 16.92 4.70 2.90 2.80 2.70 2.69 2.59 2.61 2.62 2.61 2.59 2.55 2.49 2.42 2.33 2.63 3.97 3.58 3.06 2.48 2.70 1.53 1.30 1.89 2.26 4.52 5.36 8.51 14.57 32.27 43.12 48.07 51.63 52.84 48.35 45.65 41.01 27.18 16.40 13.39 12.19 9.14 13.16 34.68 36.00 14.78 7.71 4.33 3.07 1.84 1.55 1.51 1.96 3.28 2.20 1.18 1.06 0.73 0.67
0.00 0.00 0.00 0.00 1.27 1.29 2.01 2.09 2.64 3.68 22.52 33.46 44.48 36.40 9.12 4.29 2.79 2.55 2.46 2.44 2.33 2.35 2.35 2.33 2.31 2.27 2.21 2.14 2.06 1.96 2.41 2.06 1.75 1.70 1.35 1.21 1.08 1.22 1.54 1.96 2.44 5.42 8.37 22.84 39.55 45.42 45.18 46.08 47.32 42.69 36.41 25.83 18.40 24.73 16.94 17.41 17.86 38.37 38.73 29.45 16.36 5.10 3.88 3.29 3.18 2.89 3.26 4.76 5.92 5.18 5.11 1.27 0.70
0.96 1.87 1.59 2.14 1.87 2.07 1.87 1.82 2.43 7.43 21.62 40.58 45.54 11.91 5.48 3.01 2.43 2.18 2.21 2.07 2.08 2.09 2.09 2.07 2.04 2.00 1.95 1.88 1.80 1.72 1.62 1.52 1.41 1.29 1.17 1.05 0.93 0.00 0.91 1.31 1.43 3.02 6.50 17.60 28.02 34.51 36.47 40.49 36.55 28.31 30.23 25.77 25.89 38.75 33.54 20.74 27.96 30.23 28.08 21.30 11.82 7.10 7.52 5.24 3.49 4.63 7.87 11.45 12.40 5.97 4.03 2.37 2.07
2.75 6.19 4.03 6.15 3.65 2.46 1.76 1.71 3.73 13.86 32.04 36.15 26.95 8.33 4.23 2.37 2.11 1.96 1.92 1.84 1.85 1.85 1.84 1.82 1.79 1.75 1.70 1.64 1.57 1.49 1.40 1.31 1.21 1.11 0.00 0.00 0.00 0.00 0.00 1.51 1.31 2.70 6.76 15.09 24.65 28.32 28.05 17.32 8.79 18.12 16.30 15.82 35.34 38.82 29.94 17.53 17.56 25.48 18.06 11.99 5.99 6.66 6.22 6.65 7.01 9.13 11.41 13.32 15.78 14.43 7.04 2.46 2.08
5.72 8.10 9.57 8.98 5.27 2.23 1.66 2.05 7.32 26.45 31.30 24.22 10.69 6.40 2.58 2.05 1.97 1.78 1.60 1.62 1.62 1.62 1.61 1.58 1.55 1.52 1.47 1.41 1.35 1.28 1.20 1.12 1.03 0.00 0.00 0.00 0.00 0.78 0.71 1.25 1.43 2.29 9.46 18.58 28.87 19.71 12.50 5.03 6.16 5.97 4.39 10.57 37.08 34.49 23.95 10.45 16.30 19.62 7.22 5.95 5.52 6.15 6.31 6.14 6.86 10.20 13.25 18.14 16.13 12.29 7.37 3.29 4.93
7.65 8.19 6.27 3.81 2.26 1.69 4.55 13.02 24.93 27.87 14.10 8.56 3.55 2.23 1.80 1.62 1.46 1.39 1.40 1.41 1.41 1.40 1.39 1.37 1.34 1.30 1.25 1.20 1.15 1.08 1.02 0.94 0.00 0.00 0.00 0.00 1.01 1.21 1.68 1.79 4.13 17.77 23.96 23.29 8.04 4.31 2.78 2.66 2.16 2.34 5.37 6.82 29.07 11.49 7.05 8.22 4.76 4.71 6.02 4.74 4.65 4.10 4.67 5.55 7.36 11.04 16.20 15.20 8.76 6.89 5.80 5.97 4.96
7.65 9.22 6.20 4.65 2.25 1.58 4.09 9.77 19.46 21.10 12.47 6.00 3.29 1.95 1.51 1.36 1.19 1.21 1.21 1.22 1.21 1.20 1.19 1.16 1.13 1.10 1.06 1.01 0.96 0.91 0.85 0.00 0.00 0.00 0.00 1.02 1.12 1.54 2.00 3.69 11.22 23.78 23.96 12.28 3.95 1.51 1.08 1.19 1.15 1.20 1.90 5.83 11.24 6.85 3.30 2.50 3.03 3.80 4.83 4.49 3.22 2.24 2.09 3.22 6.70 11.96 10.61 5.79 5.68 6.79 5.71 6.88 9.11
8.52 9.79 6.89 4.06 1.95 1.62 4.87 6.74 10.24 13.91 6.71 4.37 1.62 1.31 1.13 1.01 1.03 1.04 1.04 1.04 1.03 1.02 1.00 0.98 0.95 0.92 0.88 0.84 0.80 0.75 0.70 0.00 0.00 0.00 0.00 0.71 0.75 1.22 1.89 5.82 10.93 16.50 16.75 5.68 1.76 0.75 0.79 0.60 0.55 0.58 1.00 1.44 3.83 1.55 1.82 1.82 1.84 2.10 3.85 3.32 1.82 1.67 2.07 3.55 5.80 5.07 4.59 4.99 6.32 7.29 6.75 7.99 10.11
7.12 7.60 5.01 2.14 0.98 1.47 3.07 5.63 12.17 9.11 3.69 1.43 1.04 0.83 0.85 0.86 0.87 0.88 0.88 0.87 0.86 0.85 0.83 0.81 0.78 0.75 0.72 0.68 0.65 0.61 0.00 0.00 0.00 0.00 0.00 0.00 0.53 0.85 1.68 3.21 7.49 8.74 5.94 2.73 0.92 0.57 0.41 0.00 0.00 0.33 0.00 0.50 0.70 0.65 0.52 0.83 1.08 2.48 2.69 0.94 1.19 1.56 2.59 3.55 3.22 4.35 1.85 1.94 2.28 6.06 6.91 9.60 13.17
2.19 2.76 4.91 1.99 0.81 1.21 3.44 11.13 14.83 4.13 1.79 0.85 0.69 0.71 0.72 0.73 0.73 0.73 0.73 0.72 0.71 0.70 0.68 0.66 0.63 0.61 0.58 0.55 0.51 0.48 0.00 0.00 0.00 0.00 0.00 0.00 0.41 0.53 0.69 1.95 5.63 4.88 3.26 1.00 0.50 0.00 0.00 0.00 0.00 0.00 0.00 0.00 0.00 0.00 0.00 0.45 0.61 0.58 0.54 0.74 1.18 1.84 2.40 2.98 1.75 1.04 0.90 1.74 2.43 3.93 5.11 8.62 13.91
0.66 0.62 1.43 0.58 0.00 1.06 3.32 11.83 12.38 4.68 1.01 0.60 0.58 0.59 0.60 0.60 0.60 0.60 0.59 0.59 0.57 0.56 0.54 0.52 0.50 0.48 0.45 0.43 0.40 0.00 0.00 0.00 0.00 0.00 0.00 0.00 0.00 0.00 0.52 2.44 4.89 2.67 1.44 0.34 0.00 0.00 0.00 0.00 0.00 0.00 0.00 0.00 0.00 0.00 0.00 0.00 0.00 0.00 0.00 0.46 0.79 1.68 1.63 0.87 0.85 0.91 0.86 0.93 1.34 2.76 5.05 6.11 7.21
0.00 0.00 0.00 0.00 0.63 2.16 5.46 7.15 6.41 1.75 0.75 0.58 0.48 0.48 0.49 0.49 0.49 0.48 0.47 0.46 0.45 0.44 0.42 0.40 0.38 0.36 0.34 0.32 0.00 0.00 0.00 0.00 0.00 0.00 0.00 0.00 0.00 0.00 0.87 1.60 2.81 1.52 0.61 0.00 0.00 0.00 0.00 0.00 0.00 0.00 0.00 0.00 0.00 0.00 0.00 0.00 0.00 0.00 0.00 0.51 0.75 0.71 0.00 0.57 0.77 0.60 0.00 0.75 1.38 2.49 2.40 2.91 8.28
0.43 0.46 0.00 0.00 0.54 3.44 5.31 4.30 2.51 1.08 0.81 0.88 0.59 0.39 0.39 0.39 0.38 0.38 0.37 0.36 0.34 0.33 0.32 0.30 0.28 0.27 0.25 0.23 0.00 0.00 0.00 0.00 0.00 0.00 0.00 0.00 0.00 0.00 0.00 1.10 1.28 0.71 0.00 0.00 0.00 0.00 0.00 0.00 0.00 0.00 0.00 0.00 0.00 0.00 0.00 0.00 0.00 0.00 0.00 0.00 0.50 0.50 0.00 0.00 0.00 0.00 0.00 0.69 0.72 1.64 2.19 2.75 9.21
0.35 1.05 0.53 0.48 1.08 4.87 7.77 5.18 1.99 1.13 1.19 0.91 0.72 0.41 0.30 0.30 0.29 0.28 0.27 0.26 0.25 0.24 0.23 0.21 0.20 0.18 0.17 0.00 0.00 0.00 0.00 0.00 0.00 0.00 0.00 0.00 0.00 0.00 0.00 0.21 0.00 0.00 0.00 0.00 0.00 0.00 0.00 0.00 0.00 0.00 0.00 0.00 0.00 0.00 0.00 0.00 0.00 0.00 0.00 0.00 0.00 0.00 0.00 0.00 0.00 0.00 0.00 0.68 0.74 0.85 1.60 3.02 13.72
0.97 3.28 1.38 0.74 3.87 10.40 9.09 3.74 1.64 1.40 2.32 1.29 0.53 0.33 0.22 0.22 0.21 0.20 0.19 0.18 0.17 0.00 0.00 0.00 0.00 0.00 0.00 0.00 0.00 0.00 0.00 0.00 0.00 0.00 0.00 0.00 0.00 0.00 0.00 0.00 0.00 0.00 0.00 0.00 0.00 0.00 0.00 0.00 0.00 0.00 0.00 0.00 0.00 0.00 0.00 0.00 0.00 0.00 0.00 0.00 0.00 0.00 0.00 0.00 0.00 0.00 0.00 0.50 0.57 0.85 1.66 7.66 21.14
1.92 4.60 3.02 1.48 5.46 15.35 11.03 2.78 1.42 2.45 3.30 3.38 1.32 0.42 0.00 0.00 0.00 0.00 0.00 0.00 0.00 0.00 0.00 0.00 0.00 0.00 0.00 0.00 0.00 0.00 0.00 0.00 0.00 0.00 0.00 0.00 0.00 0.00 0.00 0.00 0.00 0.00 0.00 0.00 0.00 0.00 0.00 0.00 0.00 0.00 0.00 0.00 0.00 0.00 0.00 0.00 0.00 0.00 0.00 0.00 0.00 0.00 0.00 0.00 0.00 0.00 0.00 0.00 0.62 0.84 1.33 2.97 28.52
2.03 2.59 2.42 3.00 11.06 14.88 6.07 2.68 2.37 7.17 10.91 5.77 2.05 1.00 0.31 0.00 0.00 0.00 0.00 0.00 0.00 0.00 0.00 0.00 0.00 0.00 0.00 0.00 0.00 0.00 0.00 0.00 0.00 0.00 0.00 0.00 0.00 0.00 0.00 0.00 0.00 0.00 0.00 0.00 0.00 0.00 0.00 0.00 0.00 0.00 0.00 0.00 0.00 0.00 0.00 0.00 0.00 0.00 0.00 0.00 0.00 0.00 0.00 0.00 0.00 0.00 0.00 0.00 0.00 0.35 1.25 5.29 12.05
1.24 1.31 1.66 1.52 6.69 8.92 4.26 2.36 4.95 11.97 20.87 16.94 4.49 0.67 0.43 0.42 0.00 0.00 0.00 0.00 0.00 0.00 0.00 0.00 0.00 0.00 0.00 0.00 0.00 0.00 0.00 0.00 0.00 0.00 0.00 0.00 0.00 0.00 0.00 0.00 0.00 0.00 0.00 0.00 0.00 0.00 0.00 0.00 0.00 0.00 0.00 0.00 0.00 0.00 0.00 0.00 0.00 0.00 0.00 0.00 0.00 0.00 0.00 0.00 0.00 0.00 0.00 0.00 0.00 0.42 0.81 0.84 14.27
0.57 0.00 0.65 2.46 5.56 3.83 1.72 2.45 6.52 18.53 25.90 16.22 6.80 1.05 0.60 0.32 0.00 0.00 0.00 0.00 0.00 0.00 0.00 0.00 0.00 0.00 0.00 0.00 0.00 0.00 0.00 0.00 0.00 0.00 0.00 0.00 0.00 0.00 0.00 0.00 0.00 0.00 0.00 0.00 0.00 0.00 0.00 0.00 0.00 0.00 0.00 0.00 0.00 0.00 0.00 0.00 0.00 0.00 0.00 0.00 0.00 0.00 0.00 0.00 0.00 0.00 0.00 0.00 0.00 0.00 0.62 0.74 0.66
0.00 0.00 0.00 0.56 1.97 1.88 1.71 3.57 11.57 19.20 21.18 13.20 3.07 0.94 0.44 0.00 0.00 0.00 0.00 0.00 0.00 0.00 0.00 0.00 0.00 0.00 0.00 0.00 0.00 0.00 0.00 0.00 0.00 0.00 0.00 0.00 0.00 0.00 0.00 0.00 0.00 0.00 0.00 0.00 0.00 0.00 0.00 0.00 0.00 0.00 0.00 0.00 0.00 0.00 0.00 0.00 0.00 0.00 0.00 0.00 0.00 0.00 0.00 0.00 0.00 0.00 0.00 0.00 0.00 0.00 0.00 0.00 0.56
0.00 0.00 0.00 0.00 0.88 0.69 0.72 1.89 6.39 17.46 17.99 6.37 1.73 0.28 0.00 0.00 0.00 0.00 0.00 0.00 0.00 0.00 0.00 0.00 0.00 0.00 0.00 0.00 0.00 0.00 0.00 0.00 0.00 0.00 0.00 0.00 0.00 0.00 0.00 0.00 0.00 0.00 0.00 0.00 0.00 0.00 0.00 0.00 0.00 0.00 0.00 0.00 0.00 0.00 0.00 0.00 0.00 0.00 0.00 0.00 0.00 0.00 0.00 0.00 0.00 0.00 0.00 0.00 0.00 0.00 0.00 0.00 0.00
0.00 0.00 0.00 0.00 0.00 0.22 0.90 1.86 4.86 6.02 6.73 3.69 0.46 0.00 0.00 0.00 0.00 0.00 0.00 0.00 0.00 0.00 0.00 0.00 0.00 0.00 0.00 0.00 0.00 0.00 0.00 0.00 0.00 0.00 0.00 0.00 0.00 0.00 0.00 0.00 0.00 0.00 0.00 0.00 0.00 0.00 0.00 0.00 0.00 0.00 0.00 0.00 0.00 0.00 0.00 0.00 0.00 0.00 0.00 0.00 0.00 0.00 0.00 0.00 0.00 0.00 0.00 0.00 0.00 0.00 0.00 0.00 0.00
0.00 0.00 0.00 0.00 0.30 0.78 1.07 0.81 1.03 2.52 2.60 2.00 1.14 0.00 0.00 0.00 0.00 0.00 0.00 0.00 0.00 0.00 0.00 0.00 0.00 0.00 0.00 0.00 0.00 0.00 0.00 0.00 0.00 0.00 0.00 0.00 0.00 0.00 0.00 0.00 0.00 0.00 0.00 0.00 0.00 0.00 0.00 0.00 0.00 0.00 0.00 0.00 0.00 0.00 0.00 0.00 0.00 0.00 0.00 0.00 0.00 0.00 0.00 0.00 0.00 0.00 0.00 0.00 0.00 0.00 0.00 0.00 0.00
0.00 0.00 0.00 0.00 0.00 1.06 1.02 0.41 0.57 1.05 1.50 1.67 0.45 0.00 0.00 0.00 0.00 0.00 0.00 0.00 0.00 0.00 0.00 0.00 0.00 0.00 0.00 0.00 0.00 0.00 0.00 0.00 0.00 0.00 0.00 0.00 0.00 0.00 0.00 0.00 0.00 0.00 0.00 0.00 0.00 0.00 0.00 0.00 0.00 0.00 0.00 0.00 0.00 0.00 0.00 0.00 0.00 0.00 0.00 0.00 0.00 0.00 0.00 0.00 0.00 0.00 0.00 0.00 0.00 0.00 0.00 0.00 0.00
0.00 0.00 0.00 0.00 0.00 0.80 0.88 0.16 0.00 0.28 0.57 0.75 0.00 0.00 0.00 0.00 0.00 0.00 0.00 0.00 0.00 0.00 0.00 0.00 0.00 0.00 0.00 0.00 0.00 0.00 0.00 0.00 0.00 0.00 0.00 0.00 0.00 0.00 0.00 0.00 0.00 0.00 0.00 0.00 0.00 0.00 0.00 0.00 0.00 0.00 0.00 0.00 0.00 0.00 0.00 0.00 0.00 0.00 0.00 0.00 0.00 0.00 0.00 0.00 0.00 0.00 0.00 0.00 0.00 0.00 0.00 0.00 0.00
0.00 0.00 0.00 0.00 0.00 0.00 0.00 0.00 0.00 0.00 0.00 0.00 0.00 0.00 0.00 0.00 0.00 0.00 0.00 0.00 0.00 0.00 0.00 0.00 0.00 0.00 0.00 0.00 0.00 0.00 0.00 0.00 0.00 0.00 0.00 0.00 0.00 0.00 0.00 0.00 0.00 0.00 0.00 0.00 0.00 0.00 0.00 0.00 0.00 0.00 0.00 0.00 0.00 0.00 0.00 0.00 0.00 0.00 0.00 0.00 0.00 0.00 0.00 0.00 0.00 0.00 0.00 0.00 0.00 0.00 0.00 0.00 0.00
0.00 0.00 0.00 0.00 0.00 0.00 0.00 0.00 0.00 0.00 0.00 0.00 0.00 0.00 0.00 0.00 0.00 0.00 0.00 0.00 0.00 0.00 0.00 0.00 0.00 0.00 0.00 0.00 0.00 0.00 0.00 0.00 0.00 0.00 0.00 0.00 0.00 0.00 0.00 0.00 0.00 0.00 0.00 0.00 0.00 0.00 0.00 0.00 0.00 0.00 0.00 0.00 0.00 0.00 0.00 0.00 0.00 0.00 0.00 0.00 0.00 0.00 0.00 0.00 0.00 0.00 0.00 0.00 0.00 0.00 0.00 0.00 0.00
0.00 0.00 0.00 0.00 0.00 0.00 0.00 0.00 0.00 0.00 0.00 0.00 0.00 0.00 0.00 0.00 0.00 0.00 0.00 0.00 0.00 0.00 0.00 0.00 0.00 0.00 0.00 0.00 0.00 0.00 0.00 0.00 0.00 0.00 0.00 0.00 0.00 0.00 0.00 0.00 0.00 0.00 0.00 0.00 0.00 0.00 0.00 0.00 0.00 0.00 0.00 0.00 0.00 0.00 0.00 0.00 0.00 0.00 0.00 0.00 0.00 0.00 0.00 0.00 0.00 0.00 0.00 0.00 0.00 0.00 0.00 0.00 0.00
0.00 0.00 0.00 0.00 0.00 0.00 0.00 0.00 0.00 0.00 0.00 0.00 0.00 0.00 0.00 0.00 0.00 0.00 0.00 0.00 0.00 0.00 0.00 0.00 0.00 0.00 0.00 0.00 0.00 0.00 0.00 0.00 0.00 0.00 0.00 0.00 0.00 0.00 0.00 0.00 0.00 0.00 0.00 0.00 0.00 0.00 0.00 0.00 0.00 0.00 0.00 0.00 0.00 0.00 0.00 0.00 0.00 0.00 0.00 0.00 0.00 0.00 0.00 0.00 0.00 0.00 0.00 0.00 0.00 0.00 0.00 0.00 0.00
