dati/cumulata_oraria_prisma_2018052802.txt
ncols        251
nrows        249
xllcorner         436000.00000
yllcorner        4918000.00000
cellsize           1000.00000
NODATA_value          -9999.00000
[rows 64 to 95 of 249, columns 73 to 145 of 251]
0.00 0.00 0.00 0.00 0.00 0.00 0.00 0.00 0.00 0.00 0.00 0.00 0.00 0.00 0.00 0.00 0.00 0.00 0.00 0.00 0.00 0.00 0.00 0.00 0.00 0.00 0.00 0.00 0.00 0.00 0.00 0.00 0.00 0.00 0.00 0.00 0.00 0.00 0.00 0.00 0.00 0.00 0.00 0.00 0.00 0.00 0.00 0.00 0.00 0.00 0.00 0.00 0.00 0.00 0.00 0.00 0.00 0.00 0.00 0.00 0.00 0.00 0.00 0.00 0.00 0.00 0.00 0.00 0.00 0.00 0.00 0.00 0.00
0.00 0.00 0.00 0.00 0.00 0.00 0.00 0.00 0.00 0.00 0.00 0.00 0.00 0.00 0.00 0.00 0.00 0.00 0.00 0.00 0.00 0.00 0.00 0.00 0.00 0.00 0.00 0.00 0.00 0.00 0.00 0.00 0.00 0.00 0.00 0.00 0.00 0.00 0.00 0.00 0.00 0.00 0.00 0.00 0.00 0.00 0.00 0.00 0.00 0.00 0.00 0.00 0.00 0.00 0.00 0.00 0.00 0.00 0.00 0.00 0.00 0.00 0.00 0.00 0.00 0.00 0.00 0.00 0.00 0.00 0.00 0.00 0.00
0.00 0.00 0.00 0.00 0.00 0.00 0.00 0.00 0.00 0.00 0.00 0.00 0.00 0.00 0.00 0.00 0.00 0.00 0.00 0.00 0.00 0.00 0.00 0.00 0.00 0.00 0.00 0.00 0.00 0.00 0.00 0.00 0.00 0.00 0.00 0.00 0.00 0.00 0.00 0.00 0.00 0.00 0.00 0.00 0.00 0.00 0.00 0.00 0.00 0.00 0.00 0.00 0.00 0.00 0.00 0.00 0.00 0.00 0.00 0.00 0.00 0.00 0.00 0.00 0.00 0.00 0.00 0.00 0.00 0.00 0.00 0.00 0.00
0.00 0.00 0.00 0.00 0.00 0.00 0.00 0.00 0.00 0.00 0.00 0.00 0.00 0.00 0.00 0.00 0.00 0.00 0.00 0.00 0.00 0.00 0.00 0.00 0.00 0.00 0.00 0.00 0.00 0.00 0.00 0.00 0.00 0.00 0.00 0.00 0.00 0.00 0.00 0.00 0.00 0.00 0.00 0.00 0.00 0.00 0.00 0.00 0.00 0.00 0.00 0.00 0.00 0.00 0.00 0.00 0.00 0.18 0.20 0.22 0.23 0.24 0.24 0.23 0.22 0.21 0.19 0.18 0.00 0.00 0.00 0.00 0.00
0.00 0.00 0.00 0.00 0.00 0.00 0.00 0.00 0.00 0.00 0.00 0.00 0.00 0.00 0.00 0.00 0.00 0.00 0.00 0.00 0.00 0.00 0.00 0.00 0.00 0.00 0.00 0.00 0.00 0.00 0.00 0.00 0.00 0.00 0.00 0.00 0.00 0.00 0.00 0.00 0.00 0.00 0.00 0.00 0.00 0.00 0.00 0.00 0.00 0.00 0.00 0.18 0.23 0.29 0.33 0.37 0.40 0.43 0.44 0.44 0.44 0.43 0.41 0.39 0.36 0.33 0.30 0.27 0.24 0.21 0.18 0.16 0.00
0.00 0.00 0.00 0.00 0.00 0.00 0.00 0.00 0.00 0.00 0.00 0.00 0.00 0.00 0.00 0.00 0.00 0.00 0.00 0.00 0.00 0.00 0.00 0.00 0.00 0.00 0.16 0.00 0.00 0.00 0.00 0.00 0.00 0.00 0.00 0.00 0.00 0.00 0.00 0.00 0.00 0.00 0.00 0.00 0.00 0.00 0.31 0.36 0.29 0.36 0.43 0.49 0.55 0.60 0.64 0.67 0.69 0.70 0.70 0.69 0.66 0.63 0.60 0.56 0.51 0.46 0.41 0.37 0.32 0.28 0.24 0.21 0.18
0.00 0.00 0.00 0.00 0.00 0.00 0.00 0.00 0.00 0.00 0.00 0.00 0.00 0.00 0.00 0.00 0.00 0.00 0.00 0.00 0.00 0.00 0.00 0.00 0.00 0.24 0.22 0.20 0.17 0.00 0.00 0.00 0.00 0.00 0.00 0.00 0.00 0.00 0.00 0.00 0.00 0.25 0.29 0.31 0.43 0.69 1.10 0.92 0.82 0.81 0.78 0.84 0.90 0.94 0.98 1.00 1.00 1.00 0.98 0.95 1.03 1.11 0.80 0.74 0.67 0.60 0.53 0.47 0.41 0.35 0.30 0.26 0.22
0.00 0.00 0.00 0.00 0.00 0.00 0.00 0.00 0.00 0.00 0.00 0.00 0.00 0.00 0.00 0.00 0.00 0.00 0.00 0.00 0.00 0.00 0.00 0.00 0.00 0.31 0.29 0.27 0.25 0.22 0.20 0.18 0.17 0.00 0.00 0.00 0.16 0.18 0.21 0.36 0.51 0.64 0.66 0.67 0.87 1.25 2.02 1.78 1.38 1.36 1.32 1.22 1.27 1.31 1.34 1.34 1.34 1.31 1.28 1.34 1.33 1.59 1.32 0.92 0.84 0.75 0.66 0.58 0.50 0.43 0.36 0.31 0.26
0.00 0.00 0.00 0.00 0.00 0.00 0.00 0.00 0.00 0.00 0.00 0.00 0.00 0.00 0.00 0.00 0.00 0.00 0.00 0.00 0.00 0.00 0.00 0.00 0.38 0.37 0.36 0.35 0.33 0.32 0.30 0.29 0.29 0.29 0.30 0.32 0.35 0.52 0.64 0.72 0.90 1.04 1.11 1.15 1.41 1.79 2.87 2.60 1.99 1.84 1.78 1.75 1.66 1.70 1.71 1.71 1.68 1.64 1.75 1.69 1.79 2.11 1.81 1.33 1.00 0.89 0.79 0.68 0.59 0.50 0.42 0.35 0.30
0.00 0.00 0.00 0.00 0.00 0.00 0.00 0.00 0.00 0.00 0.00 0.00 0.00 0.00 0.00 0.00 0.00 0.00 0.00 0.00 0.00 0.00 0.00 0.00 0.45 0.44 0.44 0.43 0.42 0.42 0.41 0.41 0.42 0.44 0.46 0.50 0.75 0.87 1.03 1.13 1.42 1.49 1.58 1.66 1.91 2.47 3.53 3.40 2.92 2.70 2.51 2.23 2.21 2.10 2.10 2.08 2.29 2.32 2.51 2.58 2.24 2.33 2.03 1.53 1.17 1.04 0.91 0.79 0.67 0.57 0.48 0.40 0.33
0.00 0.00 0.00 0.00 0.00 0.00 0.00 0.00 0.00 0.00 0.00 0.00 0.00 0.00 0.00 0.00 0.00 0.00 0.00 0.00 0.00 0.00 0.00 0.51 0.51 0.51 0.51 0.51 0.51 0.52 0.53 0.54 0.56 0.59 0.63 0.86 1.08 1.21 1.35 1.46 1.70 1.95 2.03 2.10 2.48 3.09 4.22 4.11 3.74 3.80 3.36 2.89 2.85 2.71 2.68 2.65 3.08 3.02 2.97 3.18 2.77 2.56 2.41 1.85 1.39 1.18 1.03 0.89 0.75 0.63 0.53 0.44 0.36
0.00 0.00 0.00 0.00 0.00 0.00 0.00 0.00 0.00 0.00 0.00 0.00 0.00 0.00 0.00 0.00 0.00 0.00 0.00 0.00 0.00 0.00 0.00 0.57 0.58 0.58 0.59 0.60 0.61 0.62 0.64 0.67 0.87 0.91 1.01 1.17 1.42 1.59 1.70 1.92 2.12 2.36 2.47 2.57 2.91 3.37 3.90 4.05 3.94 4.02 4.15 3.64 3.52 3.30 3.29 3.35 3.67 3.90 3.44 3.59 3.43 2.88 2.87 2.26 1.66 1.52 1.45 1.34 1.23 1.06 0.83 0.66 0.39
0.00 0.00 0.00 0.00 0.00 0.00 0.00 0.00 0.00 0.00 0.00 0.00 0.00 0.00 0.00 0.00 0.00 0.00 0.00 0.00 0.00 0.00 0.61 0.63 0.64 0.65 0.67 0.68 0.70 0.73 0.76 1.06 1.22 1.20 1.38 1.52 1.91 2.12 2.25 2.38 2.61 2.90 3.11 3.18 3.54 4.00 4.56 4.57 4.62 4.70 4.81 4.32 4.52 3.83 3.73 3.86 4.11 4.56 4.48 4.15 3.63 3.23 3.13 2.85 1.98 1.77 1.81 1.58 1.48 1.30 0.90 0.69 0.53
0.00 0.00 0.00 0.00 0.00 0.00 0.00 0.00 0.00 0.00 0.00 0.00 0.00 0.00 0.00 0.00 0.00 0.00 0.00 0.00 0.00 0.00 0.66 0.68 0.70 0.72 0.74 0.77 0.80 0.83 0.87 1.24 1.75 1.57 1.72 1.96 2.39 2.68 2.65 2.76 3.07 3.44 3.55 3.76 4.24 4.97 5.00 5.08 5.00 5.30 5.44 5.05 5.01 4.60 4.40 4.19 4.03 4.44 4.50 4.72 4.39 3.45 3.12 2.67 2.17 1.99 2.08 1.90 1.79 1.58 1.23 1.01 0.77
0.00 0.00 0.00 0.00 0.00 0.00 0.00 0.00 0.00 0.00 0.00 0.00 0.00 0.00 0.00 0.00 0.00 0.00 0.00 0.00 0.00 0.69 0.71 0.74 0.76 0.79 0.81 0.85 0.88 0.93 1.08 1.40 2.27 1.83 2.12 2.27 2.74 2.97 2.95 3.08 3.49 3.61 4.02 4.45 4.70 5.80 5.78 6.00 5.89 6.98 6.65 5.76 5.61 6.06 5.14 4.76 4.50 4.76 5.11 5.22 4.87 4.02 3.19 2.76 2.42 2.31 2.45 2.29 1.88 1.63 1.38 1.14 0.91
0.00 0.00 0.00 0.00 0.00 0.00 0.00 0.00 0.00 0.00 0.00 0.00 0.00 0.00 0.00 0.00 0.00 0.00 0.00 0.00 0.00 0.73 0.76 0.78 0.81 0.85 0.88 0.92 0.96 1.15 1.37 1.69 2.20 2.47 2.80 3.10 3.53 3.60 3.43 3.38 3.58 3.82 4.09 4.68 5.05 6.32 6.65 6.65 6.52 7.58 7.66 6.32 6.42 6.70 6.23 5.33 4.68 4.92 5.37 6.61 7.01 5.09 3.64 3.06 2.77 2.75 2.83 2.68 1.88 1.66 1.45 1.24 0.96
0.00 0.00 0.00 0.00 0.00 0.00 0.00 0.00 0.00 0.00 0.00 0.00 0.00 0.00 0.00 0.00 0.00 0.00 0.00 0.00 0.00 0.76 0.79 0.83 0.86 0.90 0.94 0.98 1.15 1.26 1.47 1.84 2.42 2.80 3.41 3.84 4.56 4.06 3.79 3.90 4.15 4.16 4.55 5.13 5.85 7.42 8.25 7.25 7.22 8.15 8.24 7.80 7.12 7.70 6.97 6.26 5.20 5.19 5.22 5.79 6.98 5.44 4.06 3.14 2.93 3.07 3.34 3.40 2.99 2.40 1.86 1.46 1.35
0.00 0.00 0.00 0.00 0.00 0.00 0.00 0.00 0.00 0.00 0.00 0.00 0.00 0.00 0.00 0.00 0.00 0.00 0.00 0.00 0.76 0.79 0.83 0.86 0.90 0.94 0.99 1.04 1.25 1.42 1.81 2.40 2.80 2.87 3.65 4.45 5.01 4.69 4.22 4.34 4.50 4.74 4.95 5.41 5.95 7.86 8.81 8.26 8.29 9.59 8.42 8.38 7.77 8.11 7.27 6.55 5.51 5.36 5.31 5.38 6.46 5.82 4.81 3.84 3.17 3.36 4.08 5.47 4.30 2.86 1.95 1.43 1.36
0.00 0.00 0.00 0.00 0.00 0.00 0.00 0.00 0.00 0.00 0.00 0.00 0.00 0.00 0.00 0.00 0.00 0.00 0.00 0.00 0.78 0.81 0.85 0.89 0.93 0.98 1.03 1.22 1.42 1.77 3.18 4.51 4.36 3.59 4.62 5.95 5.96 4.83 4.42 4.67 4.99 5.08 5.32 5.59 6.20 7.45 8.97 8.60 8.78 9.49 9.34 9.36 8.71 7.51 6.79 6.18 5.45 5.43 5.38 4.95 4.94 4.84 4.47 3.85 3.29 3.44 4.01 5.44 5.77 3.59 2.78 1.67 1.34
0.00 0.00 0.00 0.00 0.00 0.00 0.00 0.00 0.00 0.00 0.00 0.00 0.00 0.00 0.00 0.00 0.00 0.00 0.00 0.00 0.79 0.83 0.87 0.91 0.96 1.00 1.19 1.35 1.78 2.70 5.50 8.06 6.50 4.26 5.28 7.38 8.02 6.41 4.97 5.19 5.49 5.36 5.66 5.88 6.85 7.45 8.33 8.51 8.77 9.52 9.99 10.45 9.53 8.47 6.79 5.84 5.64 5.24 4.68 4.39 4.58 4.71 4.32 3.56 3.35 3.60 4.09 4.86 4.81 3.49 2.75 1.71 1.23
0.00 0.00 0.00 0.00 0.00 0.00 0.00 0.00 0.00 0.00 0.00 0.00 0.00 0.00 0.00 0.00 0.00 0.00 0.00 0.77 0.80 0.84 0.88 0.92 0.97 1.02 1.23 1.57 1.95 3.44 9.55 12.67 9.64 5.37 6.35 9.21 9.80 7.44 6.22 6.17 6.27 5.88 6.28 6.36 7.71 7.70 7.44 8.22 9.03 9.95 10.96 11.32 11.09 9.07 7.50 6.25 5.59 5.10 4.50 4.23 4.35 4.55 4.31 3.67 3.36 3.21 3.69 3.90 4.31 3.41 2.60 1.64 1.08
0.00 0.00 0.00 0.00 0.00 0.00 0.00 0.00 0.00 0.00 0.00 0.00 0.00 0.00 0.00 0.00 0.00 0.00 0.00 0.77 0.80 0.84 0.88 0.92 0.97 1.03 1.20 1.60 2.41 4.82 12.40 14.96 10.04 6.29 5.86 8.91 11.41 9.22 7.93 7.76 7.09 6.66 6.80 6.97 8.42 8.25 8.51 8.64 9.70 10.32 11.04 11.86 11.76 10.25 8.35 6.46 5.57 4.95 4.30 4.15 3.77 3.74 4.04 3.95 3.46 3.15 3.67 3.47 3.58 3.42 2.84 2.20 1.39
0.00 0.00 0.00 0.00 0.00 0.00 0.00 0.00 0.00 0.00 0.00 0.00 0.00 0.00 0.00 0.00 0.00 0.00 0.73 0.76 0.79 0.83 0.87 0.92 0.97 1.13 1.20 1.77 2.84 4.05 8.63 12.48 7.76 5.07 5.86 8.98 13.03 10.51 9.52 9.18 9.16 8.02 8.05 7.78 9.53 9.53 8.43 8.94 9.82 11.68 13.32 15.34 13.27 11.19 9.32 7.01 5.47 4.83 4.06 3.63 3.38 3.60 3.74 4.08 3.38 3.25 3.17 3.45 3.46 3.08 2.91 1.81 1.30
0.00 0.00 0.00 0.00 0.00 0.00 0.00 0.00 0.00 0.00 0.00 0.00 0.00 0.00 0.00 0.00 0.00 0.00 0.72 0.75 0.78 0.82 0.86 0.90 0.95 1.13 1.53 2.03 3.02 3.15 5.92 6.81 5.33 4.46 6.05 8.89 14.38 14.31 12.89 11.26 9.66 8.94 9.25 9.29 10.62 10.43 9.47 9.67 10.85 12.08 13.50 15.77 14.97 12.85 9.58 8.14 6.63 5.23 4.12 3.50 3.15 3.02 3.14 3.44 3.55 2.88 2.71 3.03 3.24 3.21 3.06 2.69 1.93
0.00 0.00 0.00 0.00 0.00 0.00 0.00 0.00 0.00 0.00 0.00 0.00 0.00 0.00 0.00 0.00 0.00 0.00 0.70 0.73 0.76 0.80 0.84 0.88 0.93 1.13 1.74 2.50 2.33 2.59 3.30 3.45 3.61 4.16 5.77 11.20 16.20 18.03 17.38 15.46 13.64 11.39 11.04 12.60 10.97 11.22 10.35 10.80 12.45 13.84 15.19 18.31 16.74 15.16 12.83 11.32 7.64 5.48 3.92 3.24 2.81 2.66 2.66 3.22 3.32 2.63 2.17 2.06 2.33 2.60 2.56 2.42 2.36
0.00 0.00 0.00 0.00 0.00 0.00 0.00 0.00 0.00 0.00 0.00 0.00 0.00 0.00 0.00 0.00 0.00 0.65 0.68 0.70 0.74 0.77 0.81 0.85 0.90 1.11 1.65 1.70 2.05 2.38 2.24 2.34 3.23 4.37 5.55 10.32 14.74 22.51 22.66 20.62 19.32 14.54 14.28 15.11 15.77 12.78 11.83 10.84 13.08 15.11 16.44 20.71 19.56 18.66 13.85 10.86 8.48 6.04 4.68 3.89 2.84 2.41 2.45 2.86 3.32 3.05 2.05 1.58 1.80 2.44 2.58 2.62 2.05
0.00 0.00 0.00 0.00 0.00 0.00 0.00 0.00 0.00 0.00 0.00 0.00 0.00 0.00 0.00 0.00 0.00 0.63 0.65 0.68 0.71 0.74 0.78 0.82 0.86 0.91 1.09 1.61 1.52 1.92 1.91 2.21 3.45 4.71 5.31 7.33 14.21 24.48 26.03 29.75 28.93 20.29 18.84 20.75 19.24 16.90 12.54 11.17 14.65 16.75 21.06 22.56 21.18 18.88 14.21 10.98 7.96 6.20 4.93 3.68 2.47 2.18 2.17 2.29 3.35 3.61 2.25 1.39 1.26 1.45 1.39 1.20 1.74
0.00 0.00 0.00 0.00 0.00 0.00 0.00 0.00 0.00 0.00 0.00 0.00 0.00 0.00 0.00 0.00 0.59 0.60 0.62 0.64 0.67 0.70 0.74 0.78 0.82 0.87 0.92 1.18 1.25 1.55 1.68 2.15 3.24 4.82 4.86 5.24 12.20 23.95 28.56 34.08 36.08 26.84 25.89 24.44 27.01 19.48 12.39 12.30 15.09 17.60 20.53 22.72 23.25 18.77 14.75 11.48 7.99 6.03 5.05 3.88 2.55 1.89 1.75 2.03 3.71 3.67 2.44 1.63 1.45 1.59 1.68 1.18 1.66
0.00 0.00 0.00 0.00 0.00 0.00 0.00 0.00 0.00 0.00 0.00 0.00 0.00 0.00 0.00 0.00 0.56 0.57 0.59 0.61 0.63 0.66 0.70 0.73 0.77 0.82 0.87 0.92 1.09 1.63 1.91 2.06 4.21 6.56 5.09 4.50 9.15 18.67 22.98 37.65 43.48 31.57 30.22 24.52 25.27 20.90 14.34 12.98 16.01 18.58 22.21 23.40 30.80 27.74 14.92 10.60 7.62 6.01 5.37 3.57 2.20 1.57 1.53 1.82 3.61 4.35 3.84 2.10 1.31 1.69 1.78 1.36 0.76
0.00 0.00 0.00 0.00 0.00 0.00 0.00 0.00 0.00 0.00 0.00 0.00 0.00 0.00 0.00 0.53 0.53 0.54 0.55 0.57 0.60 0.62 0.65 0.68 0.72 0.76 0.81 0.86 1.09 2.12 2.93 2.64 5.11 7.56 5.66 5.61 6.70 12.44 16.18 29.68 37.84 35.11 30.85 23.88 20.92 15.74 13.77 13.56 17.07 23.50 27.41 28.99 26.60 23.61 17.08 12.70 9.20 5.71 4.43 3.60 2.02 1.29 1.28 1.80 3.97 4.82 3.55 2.53 2.04 2.59 2.78 1.53 0.68
0.00 0.00 0.00 0.00 0.00 0.00 0.00 0.00 0.00 0.00 0.00 0.00 0.00 0.00 0.00 0.50 0.50 0.51 0.52 0.53 0.55 0.58 0.60 0.63 0.66 0.70 0.74 0.79 0.95 2.22 3.09 2.83 5.25 8.21 7.32 7.52 8.75 11.84 12.90 22.37 26.61 30.65 24.61 20.15 16.37 12.70 12.94 14.41 16.36 21.13 25.34 29.71 26.90 26.08 18.41 13.55 7.76 4.56 4.95 3.69 2.06 1.28 1.07 1.71 3.55 5.99 7.06 6.17 3.38 2.78 2.60 1.46 0.80
0.00 0.00 0.00 0.00 0.00 0.00 0.00 0.00 0.00 0.00 0.00 0.00 0.00 0.00 0.47 0.47 0.47 0.47 0.48 0.49 0.51 0.53 0.55 0.58 0.61 0.64 0.68 0.72 0.90 1.66 2.30 2.05 5.19 8.19 8.52 8.82 10.87 12.97 12.74 14.83 18.74 21.39 18.55 15.78 14.11 11.67 12.09 14.49 17.39 22.03 25.07 30.72 27.39 27.44 21.79 15.81 7.28 3.63 3.23 2.85 1.91 1.02 0.98 0.93 2.04 5.58 6.04 5.37 4.51 3.96 3.48 2.38 0.80
