dati/cumulata_oraria_prisma_2018052720.txt
ncols        251
nrows        249
xllcorner         436000.00000
yllcorner        4918000.00000
cellsize           1000.00000
NODATA_value          -9999.00000
[rows 64 to 95 of 249, columns 146 to 218 of 251]
2.32 2.38 2.51 2.62 2.72 2.88 3.06 3.18 3.29 3.46 3.57 3.73 3.85 3.94 4.09 4.14 4.22 4.26 4.24 4.26 4.30 4.30 4.24 4.28 4.21 4.11 3.99 3.83 3.64 3.63 3.46 3.16 2.98 2.73 -9999.00 -9999.00 -9999.00 -9999.00 -9999.00 -9999.00 -9999.00 -9999.00 -9999.00 -9999.00 -9999.00 -9999.00 -9999.00 -9999.00 -9999.00 -9999.00 -9999.00 -9999.00 -9999.00 -9999.00 -9999.00 -9999.00 -9999.00 -9999.00 -9999.00 -9999.00 -9999.00 -9999.00 -9999.00 -9999.00 -9999.00 -9999.00 -9999.00 -9999.00 -9999.00 -9999.00 -9999.00 -9999.00 -9999.00
2.22 2.29 2.38 2.54 2.64 2.81 2.99 3.15 3.26 3.36 3.45 3.58 3.69 3.78 3.87 3.93 4.01 4.07 4.04 4.04 4.12 4.12 4.08 4.00 4.05 3.97 3.84 3.72 3.57 3.57 3.38 3.17 2.96 2.76 -9999.00 -9999.00 -9999.00 -9999.00 -9999.00 -9999.00 -9999.00 -9999.00 -9999.00 -9999.00 -9999.00 -9999.00 -9999.00 -9999.00 -9999.00 -9999.00 -9999.00 -9999.00 -9999.00 -9999.00 -9999.00 -9999.00 -9999.00 -9999.00 -9999.00 -9999.00 -9999.00 -9999.00 -9999.00 -9999.00 -9999.00 -9999.00 -9999.00 -9999.00 -9999.00 -9999.00 -9999.00 -9999.00 -9999.00
2.13 2.17 2.25 2.40 2.52 2.64 2.82 3.00 3.09 3.18 3.31 3.40 3.50 3.57 3.64 3.75 3.83 3.92 3.95 3.87 3.91 3.92 3.86 3.81 3.84 3.80 3.68 3.57 3.42 3.29 3.26 3.11 2.88 2.71 -9999.00 -9999.00 -9999.00 -9999.00 -9999.00 -9999.00 -9999.00 -9999.00 -9999.00 -9999.00 -9999.00 -9999.00 -9999.00 -9999.00 -9999.00 -9999.00 -9999.00 -9999.00 -9999.00 -9999.00 -9999.00 -9999.00 -9999.00 -9999.00 -9999.00 -9999.00 -9999.00 -9999.00 -9999.00 -9999.00 -9999.00 -9999.00 -9999.00 -9999.00 -9999.00 -9999.00 -9999.00 -9999.00 -9999.00
2.20 2.17 2.16 2.32 2.35 2.45 2.65 2.80 2.95 3.13 3.17 3.24 3.33 3.37 3.43 3.50 3.63 3.70 3.70 3.66 3.68 3.70 3.67 3.62 3.58 3.60 3.52 3.41 3.32 3.18 3.16 3.00 2.85 2.62 -9999.00 -9999.00 -9999.00 -9999.00 -9999.00 -9999.00 -9999.00 -9999.00 -9999.00 -9999.00 -9999.00 -9999.00 -9999.00 -9999.00 -9999.00 -9999.00 -9999.00 -9999.00 -9999.00 -9999.00 -9999.00 -9999.00 -9999.00 -9999.00 -9999.00 -9999.00 -9999.00 -9999.00 -9999.00 -9999.00 -9999.00 -9999.00 -9999.00 -9999.00 -9999.00 -9999.00 -9999.00 -9999.00 -9999.00
1.93 1.93 1.94 2.07 2.15 2.23 2.36 2.50 2.64 2.75 2.89 2.96 3.03 3.09 3.17 3.23 3.36 3.40 3.42 3.43 3.40 3.34 3.37 3.33 3.30 3.25 3.30 3.22 3.15 3.03 2.93 2.87 2.73 2.51 -9999.00 -9999.00 -9999.00 -9999.00 -9999.00 -9999.00 -9999.00 -9999.00 -9999.00 -9999.00 -9999.00 -9999.00 -9999.00 -9999.00 -9999.00 -9999.00 -9999.00 -9999.00 -9999.00 -9999.00 -9999.00 -9999.00 -9999.00 -9999.00 -9999.00 -9999.00 -9999.00 -9999.00 -9999.00 -9999.00 -9999.00 -9999.00 -9999.00 -9999.00 -9999.00 -9999.00 -9999.00 -9999.00 -9999.00
1.68 1.73 1.75 1.80 1.90 1.99 2.12 2.29 2.43 2.59 2.66 2.72 2.79 2.89 2.97 3.05 3.13 3.17 3.15 3.18 3.15 3.12 3.17 3.08 3.11 3.07 3.12 3.04 2.93 2.82 2.69 2.56 2.57 -9999.00 -9999.00 -9999.00 -9999.00 -9999.00 -9999.00 -9999.00 -9999.00 -9999.00 -9999.00 -9999.00 -9999.00 -9999.00 -9999.00 -9999.00 -9999.00 -9999.00 -9999.00 -9999.00 -9999.00 -9999.00 -9999.00 -9999.00 -9999.00 -9999.00 -9999.00 -9999.00 -9999.00 -9999.00 -9999.00 -9999.00 -9999.00 -9999.00 -9999.00 -9999.00 -9999.00 -9999.00 -9999.00 -9999.00 -9999.00
1.70 1.72 1.70 1.72 1.84 1.90 2.00 2.10 2.24 2.39 2.50 2.59 2.66 2.74 2.85 2.86 2.89 2.90 2.91 2.92 2.93 2.92 2.89 2.94 2.88 2.85 2.82 2.88 2.72 2.66 2.54 2.43 -9999.00 -9999.00 -9999.00 -9999.00 -9999.00 -9999.00 -9999.00 -9999.00 -9999.00 -9999.00 -9999.00 -9999.00 -9999.00 -9999.00 -9999.00 -9999.00 -9999.00 -9999.00 -9999.00 -9999.00 -9999.00 -9999.00 -9999.00 -9999.00 -9999.00 -9999.00 -9999.00 -9999.00 -9999.00 -9999.00 -9999.00 -9999.00 -9999.00 -9999.00 -9999.00 -9999.00 -9999.00 -9999.00 -9999.00 -9999.00 -9999.00
1.58 1.59 1.55 1.58 1.68 1.78 1.85 1.95 2.08 2.19 2.31 2.39 2.45 2.52 2.61 2.64 2.63 2.67 2.68 2.70 2.69 2.70 2.67 2.71 2.67 2.68 2.65 2.70 2.62 2.53 2.45 2.27 -9999.00 -9999.00 -9999.00 -9999.00 -9999.00 -9999.00 -9999.00 -9999.00 -9999.00 -9999.00 -9999.00 -9999.00 -9999.00 -9999.00 -9999.00 -9999.00 -9999.00 -9999.00 -9999.00 -9999.00 -9999.00 -9999.00 -9999.00 -9999.00 -9999.00 -9999.00 -9999.00 -9999.00 -9999.00 -9999.00 -9999.00 -9999.00 -9999.00 -9999.00 -9999.00 -9999.00 -9999.00 -9999.00 -9999.00 -9999.00 -9999.00
1.48 1.46 1.44 1.47 1.54 1.63 1.71 1.77 1.85 1.93 2.01 2.09 2.21 2.29 2.40 2.43 2.41 2.43 2.41 2.40 2.44 2.43 2.46 2.44 2.47 2.44 2.41 2.41 2.46 2.36 2.32 2.21 -9999.00 -9999.00 -9999.00 -9999.00 -9999.00 -9999.00 -9999.00 -9999.00 -9999.00 -9999.00 -9999.00 -9999.00 -9999.00 -9999.00 -9999.00 -9999.00 -9999.00 -9999.00 -9999.00 -9999.00 -9999.00 -9999.00 -9999.00 -9999.00 -9999.00 -9999.00 -9999.00 -9999.00 -9999.00 -9999.00 -9999.00 -9999.00 -9999.00 -9999.00 -9999.00 -9999.00 -9999.00 -9999.00 -9999.00 -9999.00 -9999.00
1.26 1.28 1.33 1.35 1.41 1.50 1.56 1.62 1.67 1.76 1.82 1.91 2.02 2.10 2.16 2.19 2.19 2.20 2.20 2.22 2.23 2.23 2.24 2.24 2.27 2.24 2.24 2.25 2.29 2.25 2.14 2.10 -9999.00 -9999.00 -9999.00 -9999.00 -9999.00 -9999.00 -9999.00 -9999.00 -9999.00 -9999.00 -9999.00 -9999.00 -9999.00 -9999.00 -9999.00 -9999.00 -9999.00 -9999.00 -9999.00 -9999.00 -9999.00 -9999.00 -9999.00 -9999.00 -9999.00 -9999.00 -9999.00 -9999.00 -9999.00 -9999.00 -9999.00 -9999.00 -9999.00 -9999.00 -9999.00 -9999.00 -9999.00 -9999.00 -9999.00 -9999.00 -9999.00
1.03 1.00 1.05 1.09 1.11 1.19 1.27 1.32 1.33 1.39 1.45 1.54 1.64 1.77 1.81 1.80 1.85 1.87 1.88 1.89 1.91 1.89 1.95 1.93 1.89 1.93 1.90 2.09 2.11 2.05 2.01 1.96 1.90 1.78 -9999.00 -9999.00 -9999.00 -9999.00 -9999.00 -9999.00 -9999.00 -9999.00 -9999.00 -9999.00 -9999.00 -9999.00 -9999.00 -9999.00 -9999.00 -9999.00 -9999.00 -9999.00 -9999.00 -9999.00 -9999.00 -9999.00 -9999.00 -9999.00 -9999.00 -9999.00 -9999.00 -9999.00 -9999.00 -9999.00 -9999.00 -9999.00 -9999.00 -9999.00 -9999.00 -9999.00 -9999.00 -9999.00 -9999.00
1.23 1.13 1.10 1.07 1.10 1.12 1.15 1.19 1.20 1.23 1.32 1.37 1.47 1.59 1.61 1.62 1.66 1.68 1.69 1.70 1.72 1.71 1.75 1.74 1.70 1.76 1.74 1.80 1.91 1.95 1.89 1.83 1.76 1.69 -9999.00 -9999.00 -9999.00 -9999.00 -9999.00 -9999.00 -9999.00 -9999.00 -9999.00 -9999.00 -9999.00 -9999.00 -9999.00 -9999.00 -9999.00 -9999.00 -9999.00 -9999.00 -9999.00 -9999.00 -9999.00 -9999.00 -9999.00 -9999.00 -9999.00 -9999.00 -9999.00 -9999.00 -9999.00 -9999.00 -9999.00 -9999.00 -9999.00 -9999.00 -9999.00 -9999.00 -9999.00 -9999.00 -9999.00
1.15 1.05 0.99 1.02 1.03 1.05 1.08 1.14 1.14 1.17 1.26 1.32 1.43 1.50 1.49 1.50 1.49 1.48 1.53 1.55 1.55 1.58 1.56 1.60 1.54 1.52 1.58 1.60 1.61 1.62 1.62 1.58 1.54 1.48 -9999.00 -9999.00 -9999.00 -9999.00 -9999.00 -9999.00 -9999.00 -9999.00 -9999.00 -9999.00 -9999.00 -9999.00 -9999.00 -9999.00 -9999.00 -9999.00 -9999.00 -9999.00 -9999.00 -9999.00 -9999.00 -9999.00 -9999.00 -9999.00 -9999.00 -9999.00 -9999.00 -9999.00 -9999.00 -9999.00 -9999.00 -9999.00 -9999.00 -9999.00 -9999.00 -9999.00 -9999.00 -9999.00 -9999.00
1.17 1.08 0.97 0.97 0.96 1.01 1.09 1.11 1.07 1.09 1.14 1.19 1.28 1.34 1.34 1.33 1.32 1.31 1.35 1.37 1.37 1.38 1.42 1.42 1.41 1.40 1.42 1.41 1.49 1.43 1.50 1.47 1.45 1.40 1.40 -9999.00 -9999.00 -9999.00 -9999.00 -9999.00 -9999.00 -9999.00 -9999.00 -9999.00 -9999.00 -9999.00 -9999.00 -9999.00 -9999.00 -9999.00 -9999.00 -9999.00 -9999.00 -9999.00 -9999.00 -9999.00 -9999.00 -9999.00 -9999.00 -9999.00 -9999.00 -9999.00 -9999.00 -9999.00 -9999.00 -9999.00 -9999.00 -9999.00 -9999.00 -9999.00 -9999.00 -9999.00 -9999.00
0.88 1.03 0.91 0.91 0.90 0.94 1.00 1.03 1.02 1.08 1.16 1.19 1.25 1.30 1.29 1.26 1.23 1.20 1.23 1.21 1.23 1.23 1.25 1.27 1.24 1.25 1.23 1.26 1.31 1.25 1.22 1.28 1.25 1.28 1.25 -9999.00 -9999.00 -9999.00 -9999.00 -9999.00 -9999.00 -9999.00 -9999.00 -9999.00 -9999.00 -9999.00 -9999.00 -9999.00 -9999.00 -9999.00 -9999.00 -9999.00 -9999.00 -9999.00 -9999.00 -9999.00 -9999.00 -9999.00 -9999.00 -9999.00 -9999.00 -9999.00 -9999.00 -9999.00 -9999.00 -9999.00 -9999.00 -9999.00 -9999.00 -9999.00 -9999.00 -9999.00 -9999.00
0.75 0.69 0.66 0.69 0.72 0.87 0.98 0.98 1.06 1.07 1.11 1.09 1.14 1.20 1.17 1.16 1.12 1.09 1.10 1.07 1.10 1.12 1.13 1.12 1.13 1.12 1.11 1.11 1.13 1.15 1.13 1.20 1.16 1.19 1.17 1.16 -9999.00 -9999.00 -9999.00 -9999.00 -9999.00 -9999.00 -9999.00 -9999.00 -9999.00 -9999.00 -9999.00 -9999.00 -9999.00 -9999.00 -9999.00 -9999.00 -9999.00 -9999.00 -9999.00 -9999.00 -9999.00 -9999.00 -9999.00 -9999.00 -9999.00 -9999.00 -9999.00 -9999.00 -9999.00 -9999.00 -9999.00 -9999.00 -9999.00 -9999.00 -9999.00 -9999.00 -9999.00
0.69 0.64 0.59 0.64 0.66 0.82 0.95 0.95 0.99 1.00 1.03 1.10 1.18 1.21 1.23 1.21 1.24 1.20 1.17 1.12 1.05 1.03 1.02 1.01 1.01 1.00 0.98 0.94 0.98 0.98 0.96 0.94 1.05 1.01 1.03 1.05 -9999.00 -9999.00 -9999.00 -9999.00 -9999.00 -9999.00 -9999.00 -9999.00 -9999.00 -9999.00 -9999.00 -9999.00 -9999.00 -9999.00 -9999.00 -9999.00 -9999.00 -9999.00 -9999.00 -9999.00 -9999.00 -9999.00 -9999.00 -9999.00 -9999.00 -9999.00 -9999.00 -9999.00 -9999.00 -9999.00 -9999.00 -9999.00 -9999.00 -9999.00 -9999.00 -9999.00 -9999.00
0.64 0.59 0.52 0.56 0.63 0.70 0.90 1.01 1.18 1.11 1.10 1.12 1.37 1.13 1.14 1.12 1.15 1.22 1.06 1.01 0.92 0.89 0.86 0.84 0.86 0.88 0.84 0.77 0.86 0.86 0.89 0.87 0.95 0.96 0.96 0.99 -9999.00 -9999.00 -9999.00 -9999.00 -9999.00 -9999.00 -9999.00 -9999.00 -9999.00 -9999.00 -9999.00 -9999.00 -9999.00 -9999.00 -9999.00 -9999.00 -9999.00 -9999.00 -9999.00 -9999.00 -9999.00 -9999.00 -9999.00 -9999.00 -9999.00 -9999.00 -9999.00 -9999.00 -9999.00 -9999.00 -9999.00 -9999.00 -9999.00 -9999.00 -9999.00 -9999.00 -9999.00
0.62 0.60 0.48 0.49 0.62 0.67 0.87 0.96 1.15 1.06 1.05 1.07 1.52 1.42 1.52 1.37 1.73 1.83 1.53 1.41 1.29 1.22 0.76 0.75 0.77 0.79 0.76 0.69 0.66 0.65 0.65 0.69 0.65 0.72 0.98 0.96 -9999.00 -9999.00 -9999.00 -9999.00 -9999.00 -9999.00 -9999.00 -9999.00 -9999.00 -9999.00 -9999.00 -9999.00 -9999.00 -9999.00 -9999.00 -9999.00 -9999.00 -9999.00 -9999.00 -9999.00 -9999.00 -9999.00 -9999.00 -9999.00 -9999.00 -9999.00 -9999.00 -9999.00 -9999.00 -9999.00 -9999.00 -9999.00 -9999.00 -9999.00 -9999.00 -9999.00 -9999.00
0.59 0.57 0.47 0.47 0.54 0.71 0.81 0.96 0.99 0.96 0.92 0.94 1.21 1.37 1.46 1.31 1.67 1.76 1.47 1.34 1.21 1.07 1.03 1.01 1.00 1.01 0.95 0.83 0.57 0.59 0.59 0.58 0.59 0.63 0.63 -9999.00 -9999.00 -9999.00 -9999.00 -9999.00 -9999.00 -9999.00 -9999.00 -9999.00 -9999.00 -9999.00 -9999.00 -9999.00 -9999.00 -9999.00 -9999.00 -9999.00 -9999.00 -9999.00 -9999.00 -9999.00 -9999.00 -9999.00 -9999.00 -9999.00 -9999.00 -9999.00 -9999.00 -9999.00 -9999.00 -9999.00 -9999.00 -9999.00 -9999.00 -9999.00 -9999.00 -9999.00 -9999.00
0.44 0.40 0.41 0.44 0.54 0.66 0.76 0.96 0.94 0.91 0.93 1.08 1.16 1.16 1.08 1.10 1.28 1.19 1.19 0.91 0.83 1.07 0.98 0.94 0.94 0.95 0.90 0.77 0.64 0.65 0.68 0.54 0.55 0.55 0.59 0.59 -9999.00 -9999.00 -9999.00 -9999.00 -9999.00 -9999.00 -9999.00 -9999.00 -9999.00 -9999.00 -9999.00 -9999.00 -9999.00 -9999.00 -9999.00 -9999.00 -9999.00 -9999.00 -9999.00 -9999.00 -9999.00 -9999.00 -9999.00 -9999.00 -9999.00 -9999.00 -9999.00 -9999.00 -9999.00 -9999.00 -9999.00 -9999.00 -9999.00 -9999.00 -9999.00 -9999.00 -9999.00
0.34 0.36 0.40 0.43 0.52 0.65 0.71 0.76 0.85 0.82 0.80 0.90 0.86 1.01 1.14 1.06 1.23 1.15 1.05 0.87 0.77 0.85 0.87 0.87 0.82 0.74 0.66 0.59 0.61 0.54 0.65 0.70 0.75 0.78 0.76 0.72 -9999.00 -9999.00 -9999.00 -9999.00 -9999.00 -9999.00 -9999.00 -9999.00 -9999.00 -9999.00 -9999.00 -9999.00 -9999.00 -9999.00 -9999.00 -9999.00 -9999.00 -9999.00 -9999.00 -9999.00 -9999.00 -9999.00 -9999.00 -9999.00 -9999.00 -9999.00 -9999.00 -9999.00 -9999.00 -9999.00 -9999.00 -9999.00 -9999.00 -9999.00 -9999.00 -9999.00 -9999.00
0.29 0.29 0.36 0.41 0.45 0.62 0.65 0.73 0.84 0.81 0.79 0.88 0.83 0.77 0.89 0.96 0.82 0.93 0.81 0.71 0.64 0.85 0.83 0.84 0.81 0.70 0.62 0.55 0.52 0.51 0.63 0.67 0.72 0.76 0.73 0.69 -9999.00 -9999.00 -9999.00 -9999.00 -9999.00 -9999.00 -9999.00 -9999.00 -9999.00 -9999.00 -9999.00 -9999.00 -9999.00 -9999.00 -9999.00 -9999.00 -9999.00 -9999.00 -9999.00 -9999.00 -9999.00 -9999.00 -9999.00 -9999.00 -9999.00 -9999.00 -9999.00 -9999.00 -9999.00 -9999.00 -9999.00 -9999.00 -9999.00 -9999.00 -9999.00 -9999.00 -9999.00
0.22 0.29 0.37 0.41 0.54 0.64 0.67 0.71 0.73 0.72 0.73 0.70 0.68 0.71 0.95 0.95 0.81 0.91 0.78 0.69 0.65 0.71 0.69 0.68 0.65 0.56 0.46 0.44 0.48 0.50 0.52 0.62 0.64 0.68 0.70 0.72 -9999.00 -9999.00 -9999.00 -9999.00 -9999.00 -9999.00 -9999.00 -9999.00 -9999.00 -9999.00 -9999.00 -9999.00 -9999.00 -9999.00 -9999.00 -9999.00 -9999.00 -9999.00 -9999.00 -9999.00 -9999.00 -9999.00 -9999.00 -9999.00 -9999.00 -9999.00 -9999.00 -9999.00 -9999.00 -9999.00 -9999.00 -9999.00 -9999.00 -9999.00 -9999.00 -9999.00 -9999.00
0.21 0.28 0.35 0.41 0.48 0.54 0.62 0.58 0.67 0.73 0.70 0.70 0.69 0.71 0.83 0.76 0.78 0.78 0.70 0.61 0.64 0.70 0.67 0.66 0.58 0.53 0.46 0.42 0.47 0.49 0.50 0.60 0.65 0.65 0.66 0.70 -9999.00 -9999.00 -9999.00 -9999.00 -9999.00 -9999.00 -9999.00 -9999.00 -9999.00 -9999.00 -9999.00 -9999.00 -9999.00 -9999.00 0.39 0.35 0.34 0.36 0.30 0.22 0.22 0.20 -9999.00 0.19 0.19 -9999.00 -9999.00 -9999.00 -9999.00 -9999.00 -9999.00 -9999.00 -9999.00 -9999.00 -9999.00 -9999.00 -9999.00
0.19 0.22 0.24 0.32 0.45 0.54 0.61 0.60 0.56 0.57 0.52 0.58 0.54 0.55 0.81 0.76 0.78 0.77 0.65 0.57 0.63 0.58 0.58 0.51 0.47 0.43 0.38 0.38 0.37 0.36 0.38 0.40 0.51 0.54 0.53 0.70 -9999.00 -9999.00 -9999.00 -9999.00 -9999.00 -9999.00 -9999.00 -9999.00 -9999.00 -9999.00 -9999.00 0.64 0.65 0.63 0.57 0.56 0.50 0.54 0.32 0.24 0.22 0.19 0.20 0.19 0.19 0.19 -9999.00 -9999.00 -9999.00 -9999.00 -9999.00 -9999.00 -9999.00 -9999.00 -9999.00 -9999.00 -9999.00
0.00 0.23 0.26 0.29 0.33 0.35 0.35 0.33 0.32 0.58 0.55 0.58 0.56 0.56 0.58 0.57 0.57 0.51 0.45 0.43 0.62 0.57 0.56 0.53 0.46 0.39 0.38 0.34 0.35 0.32 0.38 0.40 0.50 0.50 0.51 0.52 0.52 0.61 -9999.00 -9999.00 -9999.00 -9999.00 -9999.00 -9999.00 -9999.00 -9999.00 0.66 0.64 0.62 0.59 0.56 0.51 0.48 0.51 0.46 0.46 0.34 0.36 0.40 0.38 0.35 0.37 -9999.00 -9999.00 -9999.00 -9999.00 -9999.00 -9999.00 -9999.00 -9999.00 -9999.00 -9999.00 -9999.00
0.00 0.17 0.19 0.22 0.28 0.36 0.34 0.35 0.34 0.36 0.39 0.35 0.35 0.33 0.59 0.57 0.53 0.48 0.45 0.43 0.46 0.45 0.42 0.39 0.36 0.35 0.35 0.33 0.30 0.29 0.36 0.38 0.38 0.48 0.51 0.50 0.52 0.52 0.60 -9999.00 -9999.00 -9999.00 -9999.00 -9999.00 -9999.00 -9999.00 0.56 0.56 0.50 0.56 0.55 0.49 0.47 0.46 0.46 0.45 0.42 0.38 0.38 0.44 0.36 -9999.00 -9999.00 -9999.00 -9999.00 -9999.00 -9999.00 -9999.00 -9999.00 -9999.00 -9999.00 -9999.00 -9999.00
0.00 0.00 0.20 0.26 0.29 0.26 0.24 0.25 0.26 0.30 0.39 0.36 0.36 0.34 0.35 0.37 0.36 0.34 0.31 0.43 0.47 0.46 0.40 0.39 0.36 0.31 0.31 0.30 0.30 0.28 0.31 0.37 0.36 0.44 0.47 0.46 0.44 0.45 0.53 -9999.00 -9999.00 -9999.00 -9999.00 0.53 0.45 0.44 0.53 0.52 0.49 0.46 0.43 0.42 0.38 0.35 0.35 0.38 0.45 0.49 0.42 0.43 0.41 -9999.00 -9999.00 -9999.00 -9999.00 -9999.00 -9999.00 -9999.00 -9999.00 -9999.00 -9999.00 -9999.00 -9999.00
0.00 0.17 0.19 0.24 0.30 0.29 0.27 0.27 0.27 0.28 0.30 0.30 0.27 0.30 0.37 0.36 0.37 0.34 0.32 0.30 0.31 0.31 0.29 0.28 0.28 0.31 0.30 0.29 0.29 0.29 0.32 0.38 0.37 0.39 0.47 0.46 0.44 0.42 -9999.00 -9999.00 -9999.00 0.47 0.46 0.45 0.37 0.42 0.49 0.54 0.47 0.44 0.43 0.39 0.38 0.35 0.34 0.37 0.37 0.36 0.33 0.31 -9999.00 -9999.00 -9999.00 -9999.00 -9999.00 -9999.00 -9999.00 -9999.00 -9999.00 -9999.00 -9999.00 -9999.00 -9999.00
0.18 0.22 0.20 0.30 0.31 0.30 0.31 0.31 0.33 0.38 0.31 0.32 0.29 0.30 0.30 0.29 0.28 0.28 0.26 0.33 0.32 0.31 0.30 0.27 0.27 0.25 0.25 0.24 0.28 0.27 0.32 0.31 0.37 0.36 0.45 0.43 0.45 0.48 0.46 -9999.00 0.45 0.45 0.44 0.41 0.41 0.41 0.40 0.42 0.45 0.41 0.39 0.38 0.35 0.34 0.33 0.32 0.36 0.34 0.36 -9999.00 -9999.00 -9999.00 -9999.00 -9999.00 -9999.00 -9999.00 -9999.00 -9999.00 -9999.00 -9999.00 -9999.00 -9999.00 -9999.00
0.19 0.23 0.26 0.36 0.44 0.50 0.42 0.33 0.36 0.41 0.44 0.44 0.41 0.42 0.31 0.29 0.30 0.30 0.26 0.26 0.26 0.26 0.23 0.24 0.28 0.27 0.25 0.25 0.26 0.25 0.33 0.31 0.36 0.36 0.38 0.42 0.42 0.44 0.45 0.42 0.44 0.44 0.43 0.43 0.40 0.40 0.40 0.39 0.40 0.38 0.38 0.34 0.30 0.28 0.31 0.29 0.27 0.34 0.35 -9999.00 -9999.00 -9999.00 -9999.00 -9999.00 -9999.00 -9999.00 -9999.00 -9999.00 -9999.00 -9999.00 -9999.00 -9999.00 -9999.00
