dati/cumulata_oraria_prisma_2018052717.txt
ncols        251
nrows        249
xllcorner         436000.00000
yllcorner        4918000.00000
cellsize           1000.00000
NODATA_value          -9999.00000
[rows 64 to 95 of 249, columns 146 to 218 of 251]
9.57 8.22 7.07 6.78 6.54 6.34 6.27 6.11 5.74 6.23 5.98 5.87 6.41 7.36 6.17 6.06 5.35 4.30 2.75 2.29 2.24 2.35 3.36 3.90 5.28 6.54 5.18 4.06 3.10 2.62 2.48 2.43 2.36 2.31 -9999.00 -9999.00 -9999.00 -9999.00 -9999.00 -9999.00 -9999.00 -9999.00 -9999.00 -9999.00 -9999.00 -9999.00 -9999.00 -9999.00 -9999.00 -9999.00 -9999.00 -9999.00 -9999.00 -9999.00 -9999.00 -9999.00 -9999.00 -9999.00 -9999.00 -9999.00 -9999.00 -9999.00 -9999.00 -9999.00 -9999.00 -9999.00 -9999.00 -9999.00 -9999.00 -9999.00 -9999.00 -9999.00 -9999.00
10.73 9.18 7.82 7.48 7.01 6.96 6.64 7.07 6.76 6.54 6.69 6.67 6.79 7.45 6.23 5.62 5.58 4.16 2.76 2.28 2.31 2.61 4.22 4.54 6.20 7.64 5.17 4.44 3.05 2.48 2.42 2.36 2.36 2.39 -9999.00 -9999.00 -9999.00 -9999.00 -9999.00 -9999.00 -9999.00 -9999.00 -9999.00 -9999.00 -9999.00 -9999.00 -9999.00 -9999.00 -9999.00 -9999.00 -9999.00 -9999.00 -9999.00 -9999.00 -9999.00 -9999.00 -9999.00 -9999.00 -9999.00 -9999.00 -9999.00 -9999.00 -9999.00 -9999.00 -9999.00 -9999.00 -9999.00 -9999.00 -9999.00 -9999.00 -9999.00 -9999.00 -9999.00
11.07 9.96 8.04 7.75 8.30 9.73 8.71 7.77 7.28 6.74 7.12 7.48 6.82 6.75 5.21 4.07 3.79 3.26 2.74 2.20 2.19 2.76 3.48 4.10 4.70 6.03 5.11 3.76 3.07 2.46 2.40 2.42 2.39 2.46 -9999.00 -9999.00 -9999.00 -9999.00 -9999.00 -9999.00 -9999.00 -9999.00 -9999.00 -9999.00 -9999.00 -9999.00 -9999.00 -9999.00 -9999.00 -9999.00 -9999.00 -9999.00 -9999.00 -9999.00 -9999.00 -9999.00 -9999.00 -9999.00 -9999.00 -9999.00 -9999.00 -9999.00 -9999.00 -9999.00 -9999.00 -9999.00 -9999.00 -9999.00 -9999.00 -9999.00 -9999.00 -9999.00 -9999.00
14.05 10.93 10.84 13.56 13.10 12.71 15.20 15.96 13.58 8.41 6.99 7.07 6.81 6.26 4.72 3.68 4.01 3.55 2.67 2.15 1.96 2.77 2.53 2.65 2.74 5.05 4.49 3.70 3.29 2.65 2.44 2.47 2.50 2.37 -9999.00 -9999.00 -9999.00 -9999.00 -9999.00 -9999.00 -9999.00 -9999.00 -9999.00 -9999.00 -9999.00 -9999.00 -9999.00 -9999.00 -9999.00 -9999.00 -9999.00 -9999.00 -9999.00 -9999.00 -9999.00 -9999.00 -9999.00 -9999.00 -9999.00 -9999.00 -9999.00 -9999.00 -9999.00 -9999.00 -9999.00 -9999.00 -9999.00 -9999.00 -9999.00 -9999.00 -9999.00 -9999.00 -9999.00
13.96 12.59 11.09 16.47 14.99 11.73 11.09 15.70 15.01 8.64 9.11 8.13 6.16 5.35 5.34 4.61 3.83 4.01 2.95 2.43 2.01 1.83 2.03 1.92 1.99 2.14 2.41 2.42 3.30 2.62 2.24 2.48 2.53 2.35 -9999.00 -9999.00 -9999.00 -9999.00 -9999.00 -9999.00 -9999.00 -9999.00 -9999.00 -9999.00 -9999.00 -9999.00 -9999.00 -9999.00 -9999.00 -9999.00 -9999.00 -9999.00 -9999.00 -9999.00 -9999.00 -9999.00 -9999.00 -9999.00 -9999.00 -9999.00 -9999.00 -9999.00 -9999.00 -9999.00 -9999.00 -9999.00 -9999.00 -9999.00 -9999.00 -9999.00 -9999.00 -9999.00 -9999.00
13.66 13.01 12.13 12.62 11.04 9.10 11.55 18.03 16.28 8.75 9.60 7.51 6.07 5.52 5.39 4.74 4.10 3.88 2.92 2.41 2.02 1.84 1.98 1.89 1.88 2.17 2.46 2.41 2.26 2.23 2.21 2.28 2.49 -9999.00 -9999.00 -9999.00 -9999.00 -9999.00 -9999.00 -9999.00 -9999.00 -9999.00 -9999.00 -9999.00 -9999.00 -9999.00 -9999.00 -9999.00 -9999.00 -9999.00 -9999.00 -9999.00 -9999.00 -9999.00 -9999.00 -9999.00 -9999.00 -9999.00 -9999.00 -9999.00 -9999.00 -9999.00 -9999.00 -9999.00 -9999.00 -9999.00 -9999.00 -9999.00 -9999.00 -9999.00 -9999.00 -9999.00 -9999.00
14.64 12.53 10.23 8.79 9.00 8.46 11.30 11.45 14.16 12.19 14.31 10.04 5.75 5.12 4.69 4.33 4.04 3.51 3.02 2.52 2.17 1.91 1.87 1.92 1.95 1.96 1.98 2.32 2.23 2.22 2.25 2.33 -9999.00 -9999.00 -9999.00 -9999.00 -9999.00 -9999.00 -9999.00 -9999.00 -9999.00 -9999.00 -9999.00 -9999.00 -9999.00 -9999.00 -9999.00 -9999.00 -9999.00 -9999.00 -9999.00 -9999.00 -9999.00 -9999.00 -9999.00 -9999.00 -9999.00 -9999.00 -9999.00 -9999.00 -9999.00 -9999.00 -9999.00 -9999.00 -9999.00 -9999.00 -9999.00 -9999.00 -9999.00 -9999.00 -9999.00 -9999.00 -9999.00
13.80 11.68 9.55 8.10 8.50 7.72 8.92 9.51 9.48 10.44 13.49 9.57 5.51 4.50 4.08 3.65 3.39 3.17 2.86 2.47 2.12 1.91 1.88 1.93 1.96 1.95 2.00 2.30 2.36 2.28 2.38 2.43 -9999.00 -9999.00 -9999.00 -9999.00 -9999.00 -9999.00 -9999.00 -9999.00 -9999.00 -9999.00 -9999.00 -9999.00 -9999.00 -9999.00 -9999.00 -9999.00 -9999.00 -9999.00 -9999.00 -9999.00 -9999.00 -9999.00 -9999.00 -9999.00 -9999.00 -9999.00 -9999.00 -9999.00 -9999.00 -9999.00 -9999.00 -9999.00 -9999.00 -9999.00 -9999.00 -9999.00 -9999.00 -9999.00 -9999.00 -9999.00 -9999.00
13.71 12.48 8.51 6.25 6.08 6.24 5.92 6.79 6.69 6.98 7.30 5.92 4.46 3.65 3.40 3.03 2.81 2.59 2.35 2.19 2.00 1.96 1.92 1.90 2.01 2.09 2.09 2.21 2.36 2.34 2.42 2.51 -9999.00 -9999.00 -9999.00 -9999.00 -9999.00 -9999.00 -9999.00 -9999.00 -9999.00 -9999.00 -9999.00 -9999.00 -9999.00 -9999.00 -9999.00 -9999.00 -9999.00 -9999.00 -9999.00 -9999.00 -9999.00 -9999.00 -9999.00 -9999.00 -9999.00 -9999.00 -9999.00 -9999.00 -9999.00 -9999.00 -9999.00 -9999.00 -9999.00 -9999.00 -9999.00 -9999.00 -9999.00 -9999.00 -9999.00 -9999.00 -9999.00
10.19 10.77 7.73 5.69 5.64 5.72 5.51 5.53 5.63 6.47 6.89 5.45 3.99 3.35 3.17 2.91 2.61 2.41 2.29 2.15 2.02 1.99 1.88 1.89 2.01 2.11 2.08 2.21 2.43 2.48 2.49 2.53 -9999.00 -9999.00 -9999.00 -9999.00 -9999.00 -9999.00 -9999.00 -9999.00 -9999.00 -9999.00 -9999.00 -9999.00 -9999.00 -9999.00 -9999.00 -9999.00 -9999.00 -9999.00 -9999.00 -9999.00 -9999.00 -9999.00 -9999.00 -9999.00 -9999.00 -9999.00 -9999.00 -9999.00 -9999.00 -9999.00 -9999.00 -9999.00 -9999.00 -9999.00 -9999.00 -9999.00 -9999.00 -9999.00 -9999.00 -9999.00 -9999.00
6.86 6.47 5.05 4.24 4.02 3.96 3.87 3.77 3.60 3.61 3.61 3.33 2.97 2.63 2.52 2.51 2.39 2.19 2.06 1.96 1.90 1.84 1.90 1.95 2.01 2.09 2.19 2.27 2.41 2.51 2.54 2.57 2.62 2.51 -9999.00 -9999.00 -9999.00 -9999.00 -9999.00 -9999.00 -9999.00 -9999.00 -9999.00 -9999.00 -9999.00 -9999.00 -9999.00 -9999.00 -9999.00 -9999.00 -9999.00 -9999.00 -9999.00 -9999.00 -9999.00 -9999.00 -9999.00 -9999.00 -9999.00 -9999.00 -9999.00 -9999.00 -9999.00 -9999.00 -9999.00 -9999.00 -9999.00 -9999.00 -9999.00 -9999.00 -9999.00 -9999.00 -9999.00
5.16 4.56 4.02 3.78 3.56 3.46 3.50 3.37 3.27 3.07 3.11 3.08 2.66 2.44 2.36 2.41 2.28 2.14 2.05 1.94 1.88 1.85 1.95 1.93 1.97 2.10 2.19 2.28 2.35 2.56 2.64 2.64 2.67 2.57 -9999.00 -9999.00 -9999.00 -9999.00 -9999.00 -9999.00 -9999.00 -9999.00 -9999.00 -9999.00 -9999.00 -9999.00 -9999.00 -9999.00 -9999.00 -9999.00 -9999.00 -9999.00 -9999.00 -9999.00 -9999.00 -9999.00 -9999.00 -9999.00 -9999.00 -9999.00 -9999.00 -9999.00 -9999.00 -9999.00 -9999.00 -9999.00 -9999.00 -9999.00 -9999.00 -9999.00 -9999.00 -9999.00 -9999.00
4.95 4.24 3.70 3.44 3.18 3.02 3.15 3.01 2.81 2.86 2.83 2.51 2.38 2.23 2.21 2.20 2.27 2.16 2.06 2.00 2.01 2.02 2.02 2.09 2.02 2.06 2.22 2.39 2.39 2.58 2.71 2.86 2.75 2.72 -9999.00 -9999.00 -9999.00 -9999.00 -9999.00 -9999.00 -9999.00 -9999.00 -9999.00 -9999.00 -9999.00 -9999.00 -9999.00 -9999.00 -9999.00 -9999.00 -9999.00 -9999.00 -9999.00 -9999.00 -9999.00 -9999.00 -9999.00 -9999.00 -9999.00 -9999.00 -9999.00 -9999.00 -9999.00 -9999.00 -9999.00 -9999.00 -9999.00 -9999.00 -9999.00 -9999.00 -9999.00 -9999.00 -9999.00
4.50 3.60 3.16 3.08 2.91 2.75 2.80 2.72 2.50 2.63 2.61 2.33 2.23 2.10 2.05 2.08 2.19 2.11 2.02 2.00 2.01 2.03 2.06 2.13 2.07 2.17 2.27 2.39 2.40 2.51 2.77 2.92 2.85 2.90 2.95 -9999.00 -9999.00 -9999.00 -9999.00 -9999.00 -9999.00 -9999.00 -9999.00 -9999.00 -9999.00 -9999.00 -9999.00 -9999.00 -9999.00 -9999.00 -9999.00 -9999.00 -9999.00 -9999.00 -9999.00 -9999.00 -9999.00 -9999.00 -9999.00 -9999.00 -9999.00 -9999.00 -9999.00 -9999.00 -9999.00 -9999.00 -9999.00 -9999.00 -9999.00 -9999.00 -9999.00 -9999.00 -9999.00
3.19 3.38 2.92 2.76 2.66 2.51 2.49 2.47 2.34 2.34 2.34 2.21 2.22 2.17 2.08 2.12 2.27 2.20 2.10 2.06 2.05 2.03 2.13 2.18 2.21 2.21 2.27 2.47 2.52 2.59 2.75 3.08 3.18 3.09 3.14 -9999.00 -9999.00 -9999.00 -9999.00 -9999.00 -9999.00 -9999.00 -9999.00 -9999.00 -9999.00 -9999.00 -9999.00 -9999.00 -9999.00 -9999.00 -9999.00 -9999.00 -9999.00 -9999.00 -9999.00 -9999.00 -9999.00 -9999.00 -9999.00 -9999.00 -9999.00 -9999.00 -9999.00 -9999.00 -9999.00 -9999.00 -9999.00 -9999.00 -9999.00 -9999.00 -9999.00 -9999.00 -9999.00
2.70 2.56 2.31 2.23 2.16 2.08 2.05 2.06 2.07 1.92 1.85 2.08 2.12 2.04 2.07 2.14 2.15 2.17 2.13 2.11 2.08 2.08 2.17 2.24 2.30 2.29 2.39 2.53 2.66 2.68 2.85 3.13 3.28 3.24 3.29 3.37 -9999.00 -9999.00 -9999.00 -9999.00 -9999.00 -9999.00 -9999.00 -9999.00 -9999.00 -9999.00 -9999.00 -9999.00 -9999.00 -9999.00 -9999.00 -9999.00 -9999.00 -9999.00 -9999.00 -9999.00 -9999.00 -9999.00 -9999.00 -9999.00 -9999.00 -9999.00 -9999.00 -9999.00 -9999.00 -9999.00 -9999.00 -9999.00 -9999.00 -9999.00 -9999.00 -9999.00 -9999.00
2.70 2.54 2.31 2.12 2.03 2.01 1.91 1.95 1.91 1.77 1.76 1.78 1.85 1.91 1.89 2.00 1.94 2.01 1.97 1.99 2.05 2.20 2.25 2.33 2.38 2.46 2.44 2.58 2.72 2.83 2.92 3.13 3.41 3.50 3.42 3.53 -9999.00 -9999.00 -9999.00 -9999.00 -9999.00 -9999.00 -9999.00 -9999.00 -9999.00 -9999.00 -9999.00 -9999.00 -9999.00 -9999.00 -9999.00 -9999.00 -9999.00 -9999.00 -9999.00 -9999.00 -9999.00 -9999.00 -9999.00 -9999.00 -9999.00 -9999.00 -9999.00 -9999.00 -9999.00 -9999.00 -9999.00 -9999.00 -9999.00 -9999.00 -9999.00 -9999.00 -9999.00
2.58 2.53 2.29 2.16 2.11 2.06 2.00 1.90 1.91 1.87 1.88 1.86 1.83 1.84 1.86 1.96 1.93 1.92 2.01 2.01 2.09 2.15 2.21 2.23 2.25 2.40 2.42 2.49 2.82 2.95 3.07 3.22 3.43 3.53 3.65 3.67 -9999.00 -9999.00 -9999.00 -9999.00 -9999.00 -9999.00 -9999.00 -9999.00 -9999.00 -9999.00 -9999.00 -9999.00 -9999.00 -9999.00 -9999.00 -9999.00 -9999.00 -9999.00 -9999.00 -9999.00 -9999.00 -9999.00 -9999.00 -9999.00 -9999.00 -9999.00 -9999.00 -9999.00 -9999.00 -9999.00 -9999.00 -9999.00 -9999.00 -9999.00 -9999.00 -9999.00 -9999.00
2.86 2.76 2.51 2.38 2.14 2.04 1.94 1.86 1.87 1.83 1.86 1.83 1.94 1.99 2.05 2.08 2.15 2.26 2.34 2.42 2.47 2.50 2.34 2.32 2.29 2.41 2.50 2.57 2.70 2.78 2.85 2.95 3.08 3.45 3.77 3.87 -9999.00 -9999.00 -9999.00 -9999.00 -9999.00 -9999.00 -9999.00 -9999.00 -9999.00 -9999.00 -9999.00 -9999.00 -9999.00 -9999.00 -9999.00 -9999.00 -9999.00 -9999.00 -9999.00 -9999.00 -9999.00 -9999.00 -9999.00 -9999.00 -9999.00 -9999.00 -9999.00 -9999.00 -9999.00 -9999.00 -9999.00 -9999.00 -9999.00 -9999.00 -9999.00 -9999.00 -9999.00
2.95 2.81 2.57 2.39 2.37 2.31 2.12 2.07 2.05 1.97 2.02 2.01 2.06 2.00 2.07 2.10 2.18 2.32 2.38 2.46 2.49 2.55 2.54 2.48 2.52 2.56 2.70 2.82 2.74 2.88 2.94 3.03 3.16 3.46 3.77 -9999.00 -9999.00 -9999.00 -9999.00 -9999.00 -9999.00 -9999.00 -9999.00 -9999.00 -9999.00 -9999.00 -9999.00 -9999.00 -9999.00 -9999.00 -9999.00 -9999.00 -9999.00 -9999.00 -9999.00 -9999.00 -9999.00 -9999.00 -9999.00 -9999.00 -9999.00 -9999.00 -9999.00 -9999.00 -9999.00 -9999.00 -9999.00 -9999.00 -9999.00 -9999.00 -9999.00 -9999.00 -9999.00
2.85 2.71 2.57 2.40 2.31 2.23 2.17 2.11 1.97 2.07 2.13 2.08 2.14 2.23 2.27 2.40 2.48 2.62 2.62 2.68 2.71 2.57 2.57 2.53 2.58 2.63 2.76 2.93 2.96 3.13 3.51 3.32 3.39 3.76 4.00 4.19 -9999.00 -9999.00 -9999.00 -9999.00 -9999.00 -9999.00 -9999.00 -9999.00 -9999.00 -9999.00 -9999.00 -9999.00 -9999.00 -9999.00 -9999.00 -9999.00 -9999.00 -9999.00 -9999.00 -9999.00 -9999.00 -9999.00 -9999.00 -9999.00 -9999.00 -9999.00 -9999.00 -9999.00 -9999.00 -9999.00 -9999.00 -9999.00 -9999.00 -9999.00 -9999.00 -9999.00 -9999.00
2.92 2.84 2.72 2.52 2.42 2.31 2.16 1.97 1.89 1.99 1.91 1.96 1.97 2.21 2.33 2.48 2.60 2.66 2.66 2.74 2.77 2.73 2.75 2.76 2.84 2.93 3.07 3.22 3.07 3.26 3.64 4.07 4.64 4.90 5.25 5.38 -9999.00 -9999.00 -9999.00 -9999.00 -9999.00 -9999.00 -9999.00 -9999.00 -9999.00 -9999.00 -9999.00 -9999.00 -9999.00 -9999.00 -9999.00 -9999.00 -9999.00 -9999.00 -9999.00 -9999.00 -9999.00 -9999.00 -9999.00 -9999.00 -9999.00 -9999.00 -9999.00 -9999.00 -9999.00 -9999.00 -9999.00 -9999.00 -9999.00 -9999.00 -9999.00 -9999.00 -9999.00
3.08 2.90 2.75 2.57 2.44 2.30 2.17 1.97 1.98 2.06 2.03 2.05 2.10 2.17 2.31 2.47 2.52 2.54 2.59 2.50 2.60 2.82 2.79 2.83 2.90 2.98 3.15 3.30 3.39 3.39 3.81 4.29 4.76 5.14 5.39 5.60 -9999.00 -9999.00 -9999.00 -9999.00 -9999.00 -9999.00 -9999.00 -9999.00 -9999.00 -9999.00 -9999.00 -9999.00 -9999.00 -9999.00 -9999.00 -9999.00 -9999.00 -9999.00 -9999.00 -9999.00 -9999.00 -9999.00 -9999.00 -9999.00 -9999.00 -9999.00 -9999.00 -9999.00 -9999.00 -9999.00 -9999.00 -9999.00 -9999.00 -9999.00 -9999.00 -9999.00 -9999.00
3.47 3.25 2.93 2.73 2.54 2.41 2.29 2.08 2.05 2.06 1.98 1.98 2.00 2.06 2.47 2.52 2.61 2.64 2.63 2.50 2.64 2.56 2.58 2.65 2.71 2.82 3.00 3.13 3.59 3.75 4.16 4.38 4.67 4.97 5.52 5.59 -9999.00 -9999.00 -9999.00 -9999.00 -9999.00 -9999.00 -9999.00 -9999.00 -9999.00 -9999.00 -9999.00 -9999.00 -9999.00 -9999.00 -9999.00 -9999.00 -9999.00 -9999.00 -9999.00 -9999.00 -9999.00 -9999.00 -9999.00 -9999.00 -9999.00 -9999.00 -9999.00 -9999.00 -9999.00 -9999.00 -9999.00 -9999.00 -9999.00 -9999.00 -9999.00 -9999.00 -9999.00
3.67 3.35 3.18 2.98 2.72 2.58 2.48 2.35 2.20 2.05 2.11 2.13 2.14 2.23 2.38 2.44 2.43 2.43 2.33 2.28 2.62 2.59 2.69 2.69 2.77 2.85 3.05 3.22 3.63 3.86 4.25 4.52 4.81 5.39 5.61 5.72 -9999.00 -9999.00 -9999.00 -9999.00 -9999.00 -9999.00 -9999.00 -9999.00 -9999.00 -9999.00 -9999.00 -9999.00 -9999.00 -9999.00 6.94 6.62 6.38 6.10 5.73 5.28 4.77 4.47 -9999.00 4.33 4.20 -9999.00 -9999.00 -9999.00 -9999.00 -9999.00 -9999.00 -9999.00 -9999.00 -9999.00 -9999.00 -9999.00 -9999.00
3.81 3.61 3.34 3.17 2.87 2.75 2.67 2.48 2.34 2.22 2.24 2.25 2.22 2.26 2.50 2.53 2.52 2.47 2.41 2.32 2.27 2.51 2.60 2.62 2.67 2.84 3.02 3.26 3.47 3.71 3.89 4.15 4.47 4.77 5.06 5.93 -9999.00 -9999.00 -9999.00 -9999.00 -9999.00 -9999.00 -9999.00 -9999.00 -9999.00 -9999.00 -9999.00 8.18 8.66 9.06 8.18 7.47 7.14 6.74 6.13 5.70 5.28 4.94 4.71 4.59 4.34 3.59 -9999.00 -9999.00 -9999.00 -9999.00 -9999.00 -9999.00 -9999.00 -9999.00 -9999.00 -9999.00 -9999.00
3.97 3.86 3.51 3.37 3.09 2.93 2.88 2.63 2.41 2.32 2.42 2.36 2.32 2.39 2.44 2.47 2.41 2.41 2.40 2.33 2.30 2.56 2.66 2.72 2.73 2.85 3.07 3.27 3.56 3.82 3.92 4.19 4.60 4.92 5.23 5.47 5.81 6.35 -9999.00 -9999.00 -9999.00 -9999.00 -9999.00 -9999.00 -9999.00 -9999.00 9.55 9.86 9.14 9.55 8.77 8.06 7.53 7.13 6.78 6.47 5.99 5.53 5.28 5.54 4.66 3.86 -9999.00 -9999.00 -9999.00 -9999.00 -9999.00 -9999.00 -9999.00 -9999.00 -9999.00 -9999.00 -9999.00
4.18 3.93 3.67 3.45 3.12 3.08 2.94 2.76 2.66 2.43 2.37 2.48 2.42 2.42 2.55 2.52 2.48 2.47 2.42 2.37 2.38 2.37 2.71 2.78 2.85 2.94 3.13 3.30 3.48 3.82 3.93 4.19 4.51 5.02 5.38 5.62 6.01 6.46 6.97 -9999.00 -9999.00 -9999.00 -9999.00 -9999.00 -9999.00 -9999.00 10.00 10.11 9.62 9.93 9.58 8.21 7.88 7.49 7.17 6.78 6.42 5.82 5.58 5.71 4.91 -9999.00 -9999.00 -9999.00 -9999.00 -9999.00 -9999.00 -9999.00 -9999.00 -9999.00 -9999.00 -9999.00 -9999.00
4.14 4.07 3.84 3.51 3.31 3.01 2.81 2.71 2.55 2.34 2.47 2.60 2.52 2.53 2.52 2.58 2.58 2.52 2.59 2.38 2.36 2.36 2.70 2.77 2.84 2.99 3.12 3.35 3.55 3.83 4.12 4.24 4.57 4.91 5.30 5.74 6.04 6.49 7.04 -9999.00 -9999.00 -9999.00 -9999.00 8.72 8.94 9.08 10.29 10.72 11.49 10.92 10.76 10.17 8.85 7.95 7.31 7.04 6.84 6.45 6.01 6.05 5.00 -9999.00 -9999.00 -9999.00 -9999.00 -9999.00 -9999.00 -9999.00 -9999.00 -9999.00 -9999.00 -9999.00 -9999.00
4.27 4.15 3.91 3.55 3.34 3.09 2.93 2.83 2.67 2.43 2.38 2.49 2.47 2.41 2.60 2.57 2.59 2.55 2.60 2.48 2.48 2.45 2.86 2.96 3.01 2.96 3.13 3.30 3.62 3.89 4.18 4.24 4.63 4.95 5.42 5.86 6.20 6.67 -9999.00 -9999.00 -9999.00 8.53 8.82 9.09 9.40 9.55 9.93 11.69 12.42 13.43 11.18 10.47 9.29 8.28 7.64 7.47 7.09 6.68 6.02 6.07 -9999.00 -9999.00 -9999.00 -9999.00 -9999.00 -9999.00 -9999.00 -9999.00 -9999.00 -9999.00 -9999.00 -9999.00 -9999.00
4.18 4.03 3.77 3.65 3.44 3.17 2.99 2.95 2.83 2.59 2.47 2.37 2.54 2.48 2.40 2.33 2.37 2.29 2.21 2.55 2.40 2.39 2.50 2.90 2.92 2.97 3.09 3.33 3.57 3.85 4.13 4.48 4.69 5.07 5.56 6.06 6.49 6.85 7.32 -9999.00 8.40 8.77 9.18 9.50 9.81 10.27 10.47 12.74 13.21 13.76 12.30 11.85 9.94 8.63 8.04 7.59 7.35 6.94 6.58 -9999.00 -9999.00 -9999.00 -9999.00 -9999.00 -9999.00 -9999.00 -9999.00 -9999.00 -9999.00 -9999.00 -9999.00 -9999.00 -9999.00
4.24 4.09 3.84 3.64 3.51 3.23 2.98 2.97 2.90 2.81 2.50 2.37 2.53 2.52 2.43 2.36 2.35 2.24 2.20 2.22 2.14 2.10 2.12 2.52 2.84 2.93 3.05 3.28 3.58 3.90 4.12 4.46 4.69 5.10 5.57 6.18 6.62 7.05 7.57 8.08 8.67 9.17 9.52 9.90 10.27 11.13 11.52 12.09 13.59 13.95 14.19 11.66 10.38 9.21 8.34 7.85 7.33 6.85 6.89 -9999.00 -9999.00 -9999.00 -9999.00 -9999.00 -9999.00 -9999.00 -9999.00 -9999.00 -9999.00 -9999.00 -9999.00 -9999.00 -9999.00
