dati/cumulata_oraria_prisma_2018052823.txt
ncols        251
nrows        249
xllcorner         436000.00000
yllcorner        4918000.00000
cellsize           1000.00000
NODATA_value          -9999.00000
[rows 32 to 63 of 249, columns 72 to 143 of 251]
-9999.00 -9999.00 -9999.00 -9999.00 -9999.00 -9999.00 -9999.00 -9999.00 -9999.00 -9999.00 -9999.00 -9999.00 -9999.00 -9999.00 0.89 0.96 0.92 0.93 0.88 0.84 0.82 0.73 0.71 0.69 0.63 0.54 0.49 0.44 0.43 0.37 0.35 0.34 -9999.00 -9999.00 -9999.00 -9999.00 -9999.00 -9999.00 -9999.00 -9999.00 -9999.00 -9999.00 -9999.00 -9999.00 -9999.00 -9999.00 -9999.00 -9999.00 -9999.00 -9999.00 -9999.00 -9999.00 -9999.00 -9999.00 -9999.00 0.00 0.00 0.00 0.00 0.00 0.00 0.00 0.00 0.00 0.00 0.00 0.00 0.00 0.00 -9999.00 -9999.00 -9999.00
-9999.00 -9999.00 -9999.00 -9999.00 -9999.00 -9999.00 -9999.00 -9999.00 -9999.00 -9999.00 -9999.00 -9999.00 -9999.00 -9999.00 -9999.00 0.85 1.02 0.99 0.86 0.87 0.84 0.77 0.74 0.70 0.66 0.61 0.52 0.52 0.45 0.38 0.36 0.37 -9999.00 -9999.00 -9999.00 -9999.00 -9999.00 -9999.00 -9999.00 -9999.00 -9999.00 -9999.00 -9999.00 -9999.00 -9999.00 -9999.00 -9999.00 -9999.00 0.16 0.28 0.29 -9999.00 -9999.00 0.30 0.28 0.28 0.26 0.25 0.25 0.24 0.00 0.00 0.00 0.00 0.00 0.00 0.00 0.00 0.00 -9999.00 -9999.00 -9999.00
-9999.00 -9999.00 -9999.00 -9999.00 -9999.00 -9999.00 -9999.00 -9999.00 -9999.00 -9999.00 -9999.00 -9999.00 -9999.00 -9999.00 -9999.00 0.97 1.05 1.02 1.00 0.90 0.80 0.81 0.76 0.68 0.69 0.66 0.58 0.52 0.49 0.41 0.40 0.40 -9999.00 -9999.00 -9999.00 -9999.00 -9999.00 -9999.00 -9999.00 -9999.00 -9999.00 -9999.00 -9999.00 -9999.00 -9999.00 -9999.00 -9999.00 -9999.00 0.28 0.34 0.34 0.34 0.32 0.31 0.30 0.30 0.26 0.26 0.25 0.25 0.23 0.00 0.00 0.00 0.00 0.00 0.00 0.00 0.00 -9999.00 -9999.00 -9999.00
-9999.00 -9999.00 -9999.00 -9999.00 -9999.00 -9999.00 -9999.00 -9999.00 -9999.00 -9999.00 -9999.00 -9999.00 -9999.00 -9999.00 -9999.00 0.99 1.03 1.11 1.06 0.95 0.85 0.84 0.77 0.70 0.71 0.69 0.59 0.52 0.49 0.46 0.41 0.45 0.46 -9999.00 -9999.00 -9999.00 -9999.00 -9999.00 -9999.00 -9999.00 -9999.00 -9999.00 -9999.00 -9999.00 -9999.00 -9999.00 -9999.00 0.31 0.30 0.35 0.34 0.31 0.35 0.32 0.28 0.29 0.26 0.25 0.25 0.24 0.22 0.00 0.00 0.00 0.00 0.00 0.00 0.00 0.00 -9999.00 -9999.00 -9999.00
-9999.00 -9999.00 -9999.00 -9999.00 -9999.00 -9999.00 -9999.00 -9999.00 -9999.00 -9999.00 -9999.00 -9999.00 -9999.00 -9999.00 -9999.00 1.14 1.04 1.09 1.04 0.93 0.86 0.82 0.80 0.74 0.70 0.63 0.56 0.52 0.47 0.47 0.43 0.44 0.46 0.48 -9999.00 -9999.00 -9999.00 -9999.00 -9999.00 -9999.00 -9999.00 -9999.00 -9999.00 -9999.00 -9999.00 -9999.00 -9999.00 0.31 0.30 0.34 0.32 0.31 0.32 0.29 0.27 0.26 0.24 0.24 0.23 0.22 0.00 0.00 0.00 0.00 0.00 0.00 0.00 0.00 0.00 0.00 -9999.00 -9999.00
-9999.00 -9999.00 -9999.00 -9999.00 -9999.00 -9999.00 -9999.00 -9999.00 -9999.00 -9999.00 -9999.00 -9999.00 -9999.00 -9999.00 1.22 1.23 1.17 1.12 1.03 0.96 0.88 0.80 0.73 0.76 0.69 0.61 0.57 0.51 0.49 0.46 0.47 0.45 0.43 0.46 0.47 -9999.00 -9999.00 -9999.00 -9999.00 -9999.00 -9999.00 -9999.00 -9999.00 -9999.00 -9999.00 -9999.00 -9999.00 -9999.00 0.29 0.36 0.33 0.29 0.30 0.28 0.24 0.24 0.22 0.21 0.21 0.00 0.00 0.00 0.00 0.00 0.00 0.00 0.00 0.00 0.00 0.00 -9999.00 -9999.00
-9999.00 -9999.00 -9999.00 -9999.00 -9999.00 -9999.00 -9999.00 -9999.00 -9999.00 -9999.00 -9999.00 -9999.00 -9999.00 -9999.00 1.30 1.20 1.18 1.12 1.02 0.99 0.93 0.83 0.75 0.66 0.69 0.64 0.62 0.55 0.56 0.51 0.49 0.46 0.46 0.48 0.51 0.48 0.49 -9999.00 -9999.00 -9999.00 -9999.00 -9999.00 -9999.00 0.41 0.39 -9999.00 -9999.00 0.31 0.31 0.36 0.32 0.31 0.30 0.27 0.22 0.21 0.19 0.00 0.00 0.00 0.00 0.00 0.00 0.00 0.00 0.00 0.00 0.00 0.00 0.23 -9999.00 -9999.00
-9999.00 -9999.00 -9999.00 -9999.00 -9999.00 -9999.00 -9999.00 -9999.00 -9999.00 -9999.00 -9999.00 -9999.00 -9999.00 1.44 1.32 1.27 1.16 1.11 1.04 0.99 0.89 0.82 0.77 0.66 0.71 0.70 0.67 0.64 0.60 0.52 0.47 0.49 0.50 0.52 0.57 0.60 0.62 0.97 0.59 0.55 0.51 -9999.00 0.47 0.45 0.44 0.41 0.34 0.31 0.31 0.37 0.33 0.31 0.30 0.28 0.23 0.21 0.00 0.00 0.00 0.00 0.00 0.00 0.00 0.00 0.00 0.00 0.00 0.00 0.21 0.26 -9999.00 -9999.00
-9999.00 -9999.00 -9999.00 -9999.00 -9999.00 -9999.00 -9999.00 -9999.00 -9999.00 -9999.00 -9999.00 -9999.00 -9999.00 1.48 1.36 1.23 1.16 1.10 1.07 1.00 0.90 0.84 0.82 0.71 0.67 0.77 0.73 0.64 0.59 0.55 0.51 0.50 0.51 0.61 0.62 0.68 0.68 0.81 0.52 0.60 0.52 0.52 0.48 0.47 0.44 0.42 0.37 0.33 0.34 0.40 0.37 0.33 0.31 0.29 0.22 0.20 0.00 0.00 0.00 0.00 0.00 0.00 0.00 0.00 0.00 0.00 0.00 0.00 0.21 0.20 0.29 0.27
-9999.00 -9999.00 -9999.00 -9999.00 -9999.00 -9999.00 -9999.00 -9999.00 -9999.00 -9999.00 -9999.00 -9999.00 1.76 1.48 1.35 1.22 1.13 1.07 1.04 0.96 0.93 0.89 0.86 0.82 0.78 0.70 0.73 0.66 0.62 0.61 0.53 0.56 0.59 0.63 0.67 0.69 0.67 0.73 0.62 0.70 0.59 0.53 0.50 0.49 0.46 0.42 0.39 0.37 0.38 0.43 0.39 0.36 0.33 0.29 0.23 0.20 0.00 0.00 0.00 0.00 0.00 0.00 0.00 0.00 0.00 0.00 0.00 0.18 0.20 0.23 0.27 0.28
-9999.00 -9999.00 -9999.00 -9999.00 -9999.00 -9999.00 -9999.00 -9999.00 -9999.00 -9999.00 -9999.00 1.98 1.80 1.59 1.37 1.22 1.12 1.06 0.97 0.95 0.92 0.92 0.94 0.86 0.80 0.71 0.79 0.78 0.69 0.62 0.57 0.55 0.63 0.64 0.63 0.64 0.67 0.68 0.62 0.69 0.64 0.56 0.53 0.50 0.48 0.42 0.40 0.38 0.37 0.41 0.42 0.37 0.35 0.32 0.25 0.21 0.19 0.00 0.00 0.00 0.00 0.00 0.00 0.00 0.00 0.00 0.21 0.21 0.22 0.23 0.27 0.31
-9999.00 -9999.00 -9999.00 -9999.00 -9999.00 -9999.00 -9999.00 -9999.00 -9999.00 -9999.00 -9999.00 2.06 1.78 1.59 1.39 1.25 1.13 1.04 0.97 0.92 0.95 0.94 0.94 0.89 0.86 0.79 0.77 0.81 0.76 0.67 0.60 0.56 0.61 0.65 0.59 0.57 0.62 0.67 0.64 0.64 0.62 0.55 0.55 0.53 0.50 0.46 0.42 0.39 0.40 0.41 0.41 0.39 0.37 0.34 0.27 0.24 0.20 0.18 0.21 0.20 0.19 0.20 0.19 0.19 0.18 0.19 0.22 0.22 0.26 0.28 0.28 0.31
-9999.00 -9999.00 -9999.00 -9999.00 -9999.00 -9999.00 -9999.00 -9999.00 -9999.00 -9999.00 -9999.00 2.06 2.02 1.68 1.43 1.28 1.15 1.05 0.97 0.93 0.95 0.92 0.94 0.95 0.91 0.85 0.79 0.82 0.75 0.70 0.65 0.62 0.65 0.65 0.65 0.60 0.67 0.71 0.67 0.64 0.66 0.61 0.59 0.58 0.53 0.50 0.46 0.44 0.44 0.45 0.45 0.41 0.38 0.36 0.30 0.27 0.24 0.21 0.20 0.24 0.24 0.24 0.22 0.23 0.23 0.25 0.25 0.25 0.25 0.28 0.30 0.32
-9999.00 -9999.00 -9999.00 -9999.00 -9999.00 -9999.00 -9999.00 -9999.00 -9999.00 -9999.00 -9999.00 2.19 2.18 1.83 1.56 1.35 1.19 1.10 0.99 0.93 0.91 0.92 0.99 1.00 0.93 0.86 0.80 0.78 0.81 0.75 0.74 0.70 0.70 0.66 0.70 0.67 0.73 0.75 0.73 0.71 0.70 0.65 0.62 0.61 0.61 0.55 0.50 0.48 0.48 0.49 0.52 0.53 0.43 0.43 0.33 0.31 0.28 0.26 0.23 0.26 0.27 0.30 0.31 0.29 0.28 0.27 0.28 0.35 0.31 0.29 0.28 0.33
-9999.00 -9999.00 -9999.00 -9999.00 -9999.00 -9999.00 -9999.00 -9999.00 -9999.00 2.91 2.69 2.57 2.28 1.87 1.71 1.44 1.27 1.16 1.04 0.94 0.92 0.90 0.98 1.00 0.95 0.91 0.81 0.79 0.87 0.84 0.83 0.81 0.78 0.72 0.78 0.83 0.79 0.81 0.79 0.76 0.73 0.68 0.64 0.63 0.65 0.58 0.54 0.51 0.51 0.57 0.57 0.51 0.51 0.47 0.38 0.36 0.32 0.31 0.30 0.33 0.31 0.33 0.34 0.32 0.37 0.35 0.32 0.33 0.27 0.25 0.27 0.26
-9999.00 -9999.00 -9999.00 -9999.00 -9999.00 -9999.00 -9999.00 -9999.00 -9999.00 3.13 3.08 2.73 2.25 1.88 1.80 1.53 1.35 1.21 1.08 0.97 0.96 0.91 0.95 0.95 0.98 0.91 0.87 0.78 0.76 0.86 0.82 0.84 0.83 0.92 0.80 1.35 0.85 0.83 0.84 0.81 0.75 0.69 0.66 0.64 0.60 0.58 0.56 0.55 0.57 0.61 0.61 0.58 0.55 0.51 0.44 0.40 0.36 0.34 0.33 0.31 0.38 0.36 0.36 0.34 0.34 0.30 0.25 0.24 0.00 0.00 0.24 0.23
-9999.00 -9999.00 -9999.00 -9999.00 -9999.00 -9999.00 -9999.00 -9999.00 3.28 2.99 3.25 2.83 2.33 1.99 1.82 1.70 1.43 1.31 1.17 1.08 1.03 0.91 0.88 0.87 0.91 0.89 0.86 0.83 0.78 0.85 0.78 0.75 0.85 0.87 0.89 1.19 0.91 0.85 0.84 0.78 0.72 0.68 0.65 0.61 0.60 0.58 0.57 0.57 0.58 0.62 0.62 0.59 0.64 0.57 0.48 0.40 0.37 0.37 0.35 0.33 0.35 0.33 0.32 0.31 0.30 0.29 0.25 0.25 0.00 0.00 0.24 0.24
-9999.00 -9999.00 -9999.00 -9999.00 -9999.00 -9999.00 -9999.00 3.67 3.34 3.21 3.01 2.64 2.36 2.03 1.85 1.81 1.56 1.44 1.26 1.09 0.99 0.90 0.84 0.82 0.80 0.81 0.87 0.83 0.83 0.78 0.80 0.69 0.67 0.71 0.84 0.91 0.97 0.85 0.83 0.74 0.68 0.65 0.63 0.60 0.58 0.60 0.59 0.58 0.57 0.58 0.57 0.56 0.57 0.57 0.51 0.42 0.38 0.34 0.33 0.32 0.33 0.33 0.32 0.28 0.25 0.25 0.22 0.00 0.00 0.00 0.00 0.00
-9999.00 -9999.00 -9999.00 -9999.00 -9999.00 -9999.00 -9999.00 3.50 3.29 3.18 2.87 2.63 2.40 2.25 2.01 1.84 1.72 1.49 1.35 1.13 1.01 0.90 0.82 0.78 0.74 0.74 0.80 0.83 0.85 0.81 0.80 0.71 0.65 0.72 0.82 0.90 1.29 0.78 0.75 0.72 0.67 0.65 0.62 0.61 0.59 0.59 0.61 0.60 0.59 0.57 0.56 0.50 0.56 0.57 0.49 0.42 0.37 0.36 0.34 0.31 0.28 0.30 0.29 0.26 0.26 0.24 0.00 0.00 0.00 0.00 0.00 0.00
-9999.00 -9999.00 -9999.00 -9999.00 -9999.00 -9999.00 -9999.00 3.30 3.31 3.05 2.74 2.36 2.39 2.26 2.12 1.87 1.67 1.54 1.38 1.25 1.09 0.96 0.83 0.78 0.69 0.73 0.76 0.84 0.87 0.83 0.85 0.78 0.68 0.73 0.84 0.84 1.24 0.77 0.74 0.67 0.64 0.61 0.60 0.58 0.60 0.58 0.58 0.58 0.57 0.54 0.52 0.50 0.54 0.54 0.46 0.42 0.37 0.35 0.34 0.32 0.28 0.29 0.27 0.25 0.25 0.24 0.00 0.00 0.00 0.00 0.00 0.00
-9999.00 -9999.00 -9999.00 -9999.00 -9999.00 -9999.00 -9999.00 3.33 3.03 2.91 2.62 2.31 2.46 2.29 2.09 1.86 1.62 1.54 1.39 1.29 1.16 1.03 0.90 0.79 0.72 0.77 0.78 0.84 0.90 0.85 0.75 0.80 0.70 0.71 0.84 0.76 0.86 0.82 0.70 0.67 0.66 0.60 0.58 0.58 0.57 0.57 0.56 0.57 0.55 0.55 0.54 0.49 0.51 0.53 0.48 0.42 0.38 0.26 0.24 0.23 0.21 0.19 0.18 0.16 0.00 0.00 0.00 0.00 0.00 0.00 0.00 0.00
-9999.00 -9999.00 -9999.00 -9999.00 3.62 3.63 3.26 3.13 2.91 2.62 2.52 2.39 2.19 2.24 2.05 1.84 1.62 1.54 1.39 1.30 1.18 1.06 0.97 0.83 0.80 0.79 0.80 0.79 0.85 0.80 0.74 0.72 0.71 0.67 0.73 0.76 0.72 0.65 0.62 0.66 0.61 0.57 0.56 0.56 0.56 0.56 0.55 0.56 0.56 0.54 0.53 0.51 0.50 0.49 0.46 0.43 0.31 0.30 0.28 0.26 0.24 0.22 0.20 0.19 0.17 0.00 0.00 0.00 0.00 0.00 0.00 0.00
-9999.00 -9999.00 -9999.00 3.33 3.80 3.66 3.21 2.89 2.51 2.40 2.19 2.17 2.24 2.01 1.91 1.72 1.58 1.48 1.34 1.23 1.12 1.03 0.90 0.86 0.78 0.75 0.72 0.78 0.77 0.64 0.69 0.67 0.61 0.57 0.58 0.56 0.55 0.51 0.54 0.56 0.54 0.53 0.43 0.44 0.45 0.46 0.46 0.46 0.46 0.45 0.44 0.43 0.42 0.40 0.39 0.37 0.35 0.33 0.31 0.29 0.27 0.25 0.23 0.21 0.19 0.00 0.00 0.00 0.00 0.00 0.00 0.00
-9999.00 -9999.00 2.87 2.85 3.04 3.26 3.19 2.79 2.39 2.19 2.17 2.09 1.85 2.02 1.84 1.67 1.55 1.45 1.43 1.17 1.04 0.98 0.91 0.94 0.79 0.74 0.75 0.70 0.67 0.57 0.56 0.59 0.56 0.49 0.49 0.49 0.47 0.43 0.45 0.50 0.50 0.41 0.43 0.44 0.46 0.47 0.47 0.48 0.48 0.48 0.47 0.47 0.45 0.44 0.43 0.41 0.39 0.37 0.35 0.32 0.30 0.28 0.26 0.24 0.22 0.00 0.00 0.00 0.00 0.00 0.00 0.00
-9999.00 2.99 2.85 2.65 2.85 2.88 2.77 2.69 2.30 2.20 2.12 2.04 1.81 2.03 1.77 1.70 1.46 1.35 1.23 1.14 1.04 1.00 1.02 0.96 0.88 0.77 0.76 0.66 0.59 0.50 0.45 0.47 0.46 0.43 0.40 0.39 0.42 0.40 0.31 0.34 0.36 0.39 0.41 0.44 0.45 0.47 0.48 0.49 0.50 0.50 0.50 0.49 0.49 0.47 0.46 0.44 0.42 0.40 0.38 0.36 0.34 0.31 0.29 0.26 0.24 0.00 0.00 0.00 0.00 0.00 0.00 0.00
2.67 2.51 2.61 2.54 2.54 2.29 2.48 2.42 2.24 2.26 1.97 1.85 1.80 1.77 1.56 1.61 1.45 1.34 1.24 1.21 1.05 1.00 1.03 1.02 0.87 0.74 0.68 0.57 0.53 0.53 0.38 0.42 0.39 0.36 0.33 0.32 0.34 0.24 0.27 0.30 0.33 0.36 0.39 0.42 0.45 0.47 0.49 0.50 0.51 0.52 0.52 0.52 0.51 0.51 0.49 0.48 0.46 0.44 0.42 0.39 0.37 0.34 0.32 0.29 0.27 0.24 0.00 0.00 0.00 0.00 0.00 0.00
2.41 2.21 2.36 2.45 2.27 2.12 2.13 2.27 2.19 2.31 1.89 1.69 1.54 1.47 1.49 1.47 1.46 1.32 1.22 1.13 1.02 0.95 0.93 0.92 0.73 0.70 0.60 0.50 0.51 0.41 0.31 0.31 0.27 0.26 0.23 0.24 0.00 0.19 0.22 0.26 0.29 0.33 0.36 0.40 0.43 0.45 0.48 0.50 0.52 0.53 0.54 0.54 0.54 0.53 0.52 0.51 0.49 0.47 0.45 0.43 0.40 0.37 0.35 0.32 0.29 0.27 0.00 0.00 0.00 0.00 0.00 0.00
2.02 1.98 2.06 2.15 2.05 1.93 1.90 1.97 2.09 2.08 1.92 1.75 1.56 1.44 1.42 1.41 1.37 1.32 1.24 1.11 1.00 0.91 0.89 0.87 0.76 0.64 0.58 0.45 0.39 0.28 0.25 0.25 0.18 0.18 0.17 0.00 0.00 0.00 0.16 0.20 0.24 0.28 0.32 0.36 0.40 0.43 0.46 0.49 0.51 0.53 0.54 0.55 0.55 0.55 0.54 0.53 0.52 0.50 0.48 0.46 0.43 0.40 0.38 0.35 0.32 0.29 0.27 0.24 0.00 0.00 0.00 0.00
2.12 1.98 1.84 1.84 1.77 1.75 1.74 1.76 1.87 1.88 1.81 1.82 1.64 1.43 1.39 1.33 1.28 1.23 1.21 1.08 0.97 0.91 0.86 0.78 0.76 0.61 0.44 0.44 0.34 0.23 0.16 0.18 0.00 0.00 0.00 0.00 0.00 0.00 0.00 0.00 0.18 0.23 0.27 0.32 0.36 0.40 0.44 0.47 0.50 0.52 0.54 0.55 0.56 0.56 0.56 0.55 0.54 0.52 0.50 0.48 0.46 0.43 0.40 0.37 0.34 0.31 0.29 0.26 0.23 0.00 0.00 0.00
2.14 2.06 1.77 1.71 1.66 1.59 1.60 1.65 1.68 1.72 1.70 1.71 1.62 1.51 1.33 1.38 1.27 1.20 1.12 1.18 1.00 0.92 0.88 0.84 0.73 0.58 0.48 0.37 0.27 0.00 0.00 0.00 0.00 0.00 0.00 0.00 0.00 0.00 0.00 0.00 0.00 0.17 0.22 0.27 0.31 0.36 0.40 0.44 0.48 0.51 0.53 0.55 0.56 0.57 0.57 0.57 0.56 0.54 0.52 0.50 0.48 0.45 0.42 0.39 0.36 0.33 0.31 0.28 0.37 0.34 0.31 0.29
2.06 2.14 1.79 1.73 1.66 1.57 1.47 1.46 1.55 1.55 1.54 1.56 1.48 1.40 1.34 1.28 1.26 1.20 1.14 1.10 0.94 0.95 0.94 0.87 0.60 0.52 0.43 0.31 0.19 0.00 0.00 0.00 0.00 0.00 0.00 0.00 0.00 0.00 0.00 0.00 0.00 0.20 0.25 0.30 0.37 0.42 0.48 0.56 0.62 0.62 0.63 0.53 0.55 0.56 0.57 0.57 0.56 0.55 0.54 0.52 0.50 0.47 0.56 0.52 0.47 0.48 0.46 0.42 0.39 0.38 0.38 0.35
2.06 1.97 1.93 1.75 1.73 1.72 1.50 1.59 1.46 1.47 1.44 1.49 1.47 1.42 1.38 1.29 1.22 1.17 1.08 1.09 1.04 0.86 0.78 0.67 0.51 0.41 0.39 0.31 0.17 0.00 0.00 0.00 0.00 0.00 0.00 0.00 0.00 0.00 0.00 0.00 0.00 0.00 0.21 0.27 0.35 0.43 0.50 0.57 0.63 0.63 0.62 0.62 0.53 0.55 0.56 0.57 0.56 0.56 0.54 0.64 0.65 0.63 0.63 0.60 0.56 0.53 0.49 0.47 0.44 0.42 0.40 0.36
