dati/cumulata_oraria_prisma_2018052722.txt
ncols        251
nrows        249
xllcorner         436000.00000
yllcorner        4918000.00000
cellsize           1000.00000
NODATA_value          -9999.00000
[rows 32 to 63 of 249, columns 73 to 145 of 251]
-9999.00 -9999.00 -9999.00 -9999.00 -9999.00 -9999.00 -9999.00 -9999.00 -9999.00 -9999.00 -9999.00 -9999.00 -9999.00 1.02 1.92 1.87 1.85 1.76 1.88 1.81 1.50 1.38 1.32 1.32 1.19 1.20 1.20 1.38 1.31 1.17 1.05 -9999.00 -9999.00 -9999.00 -9999.00 -9999.00 -9999.00 -9999.00 -9999.00 -9999.00 -9999.00 -9999.00 -9999.00 -9999.00 -9999.00 -9999.00 -9999.00 -9999.00 -9999.00 -9999.00 -9999.00 -9999.00 -9999.00 -9999.00 0.68 0.72 0.78 0.85 0.81 0.80 0.76 0.74 0.59 0.51 0.43 0.44 0.46 0.46 -9999.00 -9999.00 -9999.00 -9999.00 -9999.00
-9999.00 -9999.00 -9999.00 -9999.00 -9999.00 -9999.00 -9999.00 -9999.00 -9999.00 -9999.00 -9999.00 -9999.00 -9999.00 -9999.00 2.09 2.30 2.18 1.51 1.92 1.79 1.49 1.42 1.38 1.29 1.24 1.32 1.38 1.39 1.36 1.31 1.19 -9999.00 -9999.00 -9999.00 -9999.00 -9999.00 -9999.00 -9999.00 -9999.00 -9999.00 -9999.00 -9999.00 -9999.00 -9999.00 -9999.00 -9999.00 -9999.00 0.51 0.50 0.50 -9999.00 -9999.00 0.60 0.66 0.71 0.77 0.80 0.79 0.83 0.79 0.78 0.79 0.72 0.64 0.47 0.46 0.45 0.47 -9999.00 -9999.00 -9999.00 -9999.00 -9999.00
-9999.00 -9999.00 -9999.00 -9999.00 -9999.00 -9999.00 -9999.00 -9999.00 -9999.00 -9999.00 -9999.00 -9999.00 -9999.00 -9999.00 2.23 2.32 2.32 2.32 1.92 1.57 1.58 1.44 1.34 1.31 1.40 1.41 1.41 1.43 1.47 1.46 1.35 -9999.00 -9999.00 -9999.00 -9999.00 -9999.00 -9999.00 -9999.00 -9999.00 -9999.00 -9999.00 -9999.00 -9999.00 -9999.00 -9999.00 -9999.00 -9999.00 0.50 0.49 0.49 0.51 0.54 0.57 0.64 0.71 0.76 0.79 0.79 0.81 0.79 0.78 0.76 0.70 0.63 0.53 0.46 0.45 0.50 -9999.00 -9999.00 -9999.00 -9999.00 -9999.00
-9999.00 -9999.00 -9999.00 -9999.00 -9999.00 -9999.00 -9999.00 -9999.00 -9999.00 -9999.00 -9999.00 -9999.00 -9999.00 -9999.00 2.49 2.74 2.57 2.31 1.97 1.65 1.50 1.45 1.40 1.52 1.50 1.46 1.46 1.50 1.65 1.53 1.49 1.47 -9999.00 -9999.00 -9999.00 -9999.00 -9999.00 -9999.00 -9999.00 -9999.00 -9999.00 -9999.00 -9999.00 -9999.00 -9999.00 -9999.00 0.54 0.48 0.47 0.45 0.45 0.55 0.56 0.59 0.66 0.74 0.77 0.80 0.81 0.79 0.74 0.67 0.63 0.60 0.53 0.44 0.46 0.50 -9999.00 -9999.00 -9999.00 -9999.00 -9999.00
-9999.00 -9999.00 -9999.00 -9999.00 -9999.00 -9999.00 -9999.00 -9999.00 -9999.00 -9999.00 -9999.00 -9999.00 -9999.00 -9999.00 3.81 2.88 3.07 2.47 2.15 1.58 1.48 1.58 1.60 1.47 1.42 1.48 1.53 1.62 1.67 1.66 1.65 1.54 1.46 -9999.00 -9999.00 -9999.00 -9999.00 -9999.00 -9999.00 -9999.00 -9999.00 -9999.00 -9999.00 -9999.00 -9999.00 -9999.00 0.54 0.46 0.46 0.44 0.45 0.51 0.53 0.59 0.61 0.71 0.75 0.79 0.78 0.76 0.72 0.68 0.58 0.53 0.46 0.44 0.43 0.47 0.47 -9999.00 -9999.00 -9999.00 -9999.00
-9999.00 -9999.00 -9999.00 -9999.00 -9999.00 -9999.00 -9999.00 -9999.00 -9999.00 -9999.00 -9999.00 -9999.00 -9999.00 2.90 3.79 3.21 2.96 2.54 2.16 1.89 1.69 1.60 1.59 1.50 1.50 1.69 1.73 1.79 1.74 1.76 1.71 1.51 1.39 1.28 -9999.00 -9999.00 -9999.00 -9999.00 -9999.00 -9999.00 -9999.00 -9999.00 -9999.00 -9999.00 -9999.00 -9999.00 -9999.00 0.45 0.44 0.43 0.45 0.49 0.55 0.56 0.60 0.68 0.71 0.73 0.75 0.69 0.60 0.55 0.53 0.50 0.46 0.36 0.37 0.40 0.45 -9999.00 -9999.00 -9999.00 -9999.00
-9999.00 -9999.00 -9999.00 -9999.00 -9999.00 -9999.00 -9999.00 -9999.00 -9999.00 -9999.00 -9999.00 -9999.00 -9999.00 3.67 2.62 3.44 3.02 2.61 2.17 2.03 1.94 1.52 1.48 1.57 1.75 1.88 1.86 1.92 1.88 1.72 1.65 1.54 1.46 1.38 1.23 1.16 -9999.00 -9999.00 -9999.00 -9999.00 -9999.00 -9999.00 0.94 0.89 -9999.00 -9999.00 0.53 0.49 0.45 0.44 0.44 0.49 0.52 0.54 0.60 0.61 0.64 0.66 0.65 0.60 0.59 0.52 0.45 0.44 0.40 0.36 0.35 0.35 0.41 -9999.00 -9999.00 -9999.00 -9999.00
-9999.00 -9999.00 -9999.00 -9999.00 -9999.00 -9999.00 -9999.00 -9999.00 -9999.00 -9999.00 -9999.00 -9999.00 3.18 2.98 3.28 3.03 3.01 2.65 2.30 2.06 1.88 1.77 1.66 1.86 2.02 2.06 2.05 1.90 1.81 1.76 1.70 1.67 1.63 1.51 1.41 1.34 1.48 1.26 1.06 1.01 -9999.00 0.96 1.17 1.08 0.87 0.74 0.60 0.51 0.47 0.45 0.45 0.49 0.53 0.56 0.58 0.61 0.67 0.65 0.61 0.54 0.48 0.48 0.46 0.41 0.35 0.32 0.33 0.34 0.38 -9999.00 -9999.00 -9999.00 -9999.00
-9999.00 -9999.00 -9999.00 -9999.00 -9999.00 -9999.00 -9999.00 -9999.00 -9999.00 -9999.00 -9999.00 -9999.00 3.30 3.23 3.42 2.94 2.36 2.71 2.24 1.98 1.92 2.06 1.76 1.81 2.18 2.16 1.86 1.82 1.80 1.79 2.04 2.02 2.03 1.69 1.54 1.41 1.62 1.56 1.41 1.04 1.01 1.04 1.04 0.98 0.97 0.83 0.70 0.59 0.54 0.48 0.48 0.48 0.52 0.56 0.60 0.61 0.63 0.61 0.55 0.53 0.45 0.42 0.41 0.38 0.35 0.32 0.31 0.32 0.32 0.36 0.28 -9999.00 -9999.00
-9999.00 -9999.00 -9999.00 -9999.00 -9999.00 -9999.00 -9999.00 -9999.00 -9999.00 -9999.00 -9999.00 3.79 2.94 3.19 2.97 2.47 2.21 2.33 2.30 2.10 2.27 2.04 2.08 1.98 1.75 1.93 1.85 1.78 2.14 2.20 2.59 2.38 2.11 1.85 1.52 1.37 1.48 1.43 1.35 1.09 1.07 1.09 1.05 1.05 0.99 0.92 0.80 0.62 0.57 0.50 0.49 0.51 0.54 0.56 0.60 0.59 0.57 0.57 0.50 0.46 0.40 0.39 0.37 0.36 0.33 0.31 0.28 0.25 0.00 0.26 0.25 0.27 0.28
-9999.00 -9999.00 -9999.00 -9999.00 -9999.00 -9999.00 -9999.00 -9999.00 -9999.00 -9999.00 3.50 3.82 3.76 2.93 2.38 2.05 1.84 1.94 2.18 2.22 2.38 2.37 2.09 1.86 1.75 1.90 2.11 2.11 2.51 2.56 2.60 2.39 2.13 1.66 1.48 1.46 1.39 1.30 1.21 1.16 1.12 1.18 1.10 1.11 0.98 0.91 0.78 0.64 0.60 0.53 0.53 0.52 0.57 0.56 0.62 0.58 0.60 0.56 0.50 0.45 0.42 0.38 0.36 0.35 0.27 0.00 0.24 0.00 0.00 0.00 0.00 0.00 0.00
-9999.00 -9999.00 -9999.00 -9999.00 -9999.00 -9999.00 -9999.00 -9999.00 -9999.00 -9999.00 2.98 3.04 2.70 2.26 1.87 1.75 1.77 1.80 1.80 2.02 2.11 1.85 1.87 1.82 1.85 1.95 2.35 2.46 2.62 2.61 2.33 2.11 1.98 1.52 1.40 1.44 1.41 1.34 1.30 1.21 1.15 1.15 1.15 1.12 1.01 0.85 0.78 0.66 0.61 0.54 0.57 0.55 0.57 0.58 0.64 0.62 0.61 0.56 0.51 0.46 0.35 0.33 0.29 0.00 0.00 0.00 0.00 0.00 0.00 0.00 0.00 0.00 0.00
-9999.00 -9999.00 -9999.00 -9999.00 -9999.00 -9999.00 -9999.00 -9999.00 -9999.00 -9999.00 2.22 2.44 2.01 1.75 1.71 1.65 1.76 1.74 1.80 1.95 1.85 1.88 2.07 2.15 2.15 1.99 2.32 2.48 2.62 2.29 2.25 1.77 1.63 1.52 1.40 1.51 1.48 1.39 1.33 1.27 1.17 1.13 1.15 1.09 1.01 0.84 0.76 0.68 0.61 0.60 0.59 0.59 0.59 0.57 0.60 0.62 0.62 0.50 0.41 0.37 0.33 0.31 0.29 0.27 0.00 0.00 0.26 0.00 0.00 0.00 0.00 0.00 0.00
-9999.00 -9999.00 -9999.00 -9999.00 -9999.00 -9999.00 -9999.00 -9999.00 -9999.00 -9999.00 1.74 1.85 1.77 1.56 1.61 1.57 1.67 1.62 1.54 1.64 1.83 2.17 2.24 2.30 2.23 2.01 2.07 2.34 2.32 1.94 1.80 1.70 1.61 1.52 1.51 1.58 1.54 1.49 1.41 1.26 1.17 1.14 1.10 1.08 0.99 0.91 0.77 0.68 0.61 0.62 0.58 0.62 0.62 0.59 0.55 0.54 0.50 0.46 0.42 0.37 0.35 0.34 0.30 0.27 0.00 0.00 0.00 0.00 0.00 0.00 0.00 0.00 0.00
-9999.00 -9999.00 -9999.00 -9999.00 -9999.00 -9999.00 -9999.00 -9999.00 1.41 1.52 1.60 1.58 1.50 1.53 1.50 1.58 1.42 1.49 1.56 1.69 1.75 2.08 2.18 2.16 2.08 2.05 1.89 1.98 1.93 1.93 1.83 1.81 1.69 1.67 1.93 1.66 1.74 1.60 1.47 1.37 1.25 1.16 1.10 1.08 1.00 0.92 0.78 0.68 0.58 0.57 0.56 0.58 0.55 0.56 0.55 0.55 0.50 0.45 0.43 0.40 0.36 0.35 0.33 0.26 0.00 0.00 0.00 0.00 0.00 0.00 0.00 0.00 0.00
-9999.00 -9999.00 -9999.00 -9999.00 -9999.00 -9999.00 -9999.00 -9999.00 1.28 1.54 1.58 1.40 1.35 1.41 1.36 1.36 1.36 1.47 1.55 1.65 1.71 2.00 2.10 2.03 1.91 1.89 1.85 1.82 2.05 2.02 2.02 1.93 1.95 1.74 2.98 1.80 1.75 1.82 1.54 1.44 1.30 1.24 1.13 1.13 1.04 0.94 0.78 0.69 0.62 0.58 0.56 0.56 0.56 0.53 0.56 0.57 0.54 0.45 0.42 0.40 0.38 0.35 0.30 0.00 0.00 0.00 0.00 0.00 0.00 0.00 0.00 0.00 0.00
-9999.00 -9999.00 -9999.00 -9999.00 -9999.00 -9999.00 -9999.00 1.21 1.07 1.44 1.46 1.40 1.25 1.23 1.39 1.30 1.34 1.45 1.64 1.71 1.68 1.70 1.95 1.95 1.92 1.96 2.00 1.96 2.16 2.21 2.18 2.00 2.03 2.05 2.48 2.14 1.83 1.86 1.69 1.47 1.38 1.41 1.30 1.18 1.22 0.98 0.81 0.74 0.62 0.58 0.57 0.58 0.60 0.56 0.58 0.56 0.53 0.46 0.42 0.36 0.35 0.33 0.28 0.00 0.00 0.00 0.00 0.00 0.00 0.00 0.00 0.00 0.00
-9999.00 -9999.00 -9999.00 -9999.00 -9999.00 -9999.00 1.34 1.22 1.38 1.39 1.30 1.25 1.25 1.24 1.32 1.28 1.33 1.38 1.42 1.49 1.54 1.57 1.91 1.92 1.90 2.09 2.10 1.87 1.95 2.44 2.22 2.14 2.06 2.12 2.48 2.52 2.00 1.85 1.86 1.66 1.57 1.41 1.31 1.23 1.24 1.15 0.93 0.81 0.69 0.62 0.56 0.55 0.60 0.57 0.58 0.54 0.50 0.43 0.38 0.34 0.33 0.00 0.00 0.00 0.00 0.00 0.00 0.00 0.00 0.00 0.00 0.00 0.00
-9999.00 -9999.00 -9999.00 -9999.00 -9999.00 -9999.00 1.30 1.34 1.30 1.29 1.26 1.25 1.24 1.29 1.26 1.33 1.30 1.35 1.36 1.39 1.43 1.52 1.55 1.95 2.04 2.13 2.05 2.00 2.02 2.63 2.47 2.20 2.21 2.46 2.57 4.01 2.01 1.98 1.87 1.84 1.64 1.55 1.54 1.35 1.40 1.08 0.97 0.83 0.74 0.64 0.60 0.54 0.57 0.55 0.53 0.51 0.47 0.41 0.35 0.29 0.00 0.00 0.00 0.00 0.00 0.00 0.00 0.00 0.00 0.00 0.00 0.00 0.00
-9999.00 -9999.00 -9999.00 -9999.00 -9999.00 -9999.00 1.46 1.59 1.55 1.33 1.16 1.28 1.29 1.29 1.25 1.27 1.23 1.21 1.29 1.35 1.45 1.53 1.54 1.85 1.99 2.03 1.92 1.95 2.08 2.62 2.55 2.34 2.18 2.52 2.50 4.05 2.34 2.12 1.96 1.91 1.73 1.62 1.54 1.46 1.25 1.16 1.02 0.89 0.78 0.67 0.60 0.56 0.55 0.53 0.52 0.48 0.44 0.41 0.34 0.00 0.00 0.00 0.00 0.00 0.00 0.00 0.00 0.00 0.00 0.00 0.00 0.00 0.00
-9999.00 -9999.00 -9999.00 -9999.00 -9999.00 -9999.00 1.46 1.64 1.47 1.41 1.18 1.31 1.31 1.26 1.19 1.18 1.21 1.17 1.25 1.30 1.37 1.49 1.54 1.83 1.92 1.93 1.94 2.21 2.03 1.99 2.45 2.40 2.32 2.53 2.46 2.85 2.83 2.31 2.09 1.99 1.80 1.60 1.51 1.33 1.13 1.14 1.01 0.90 0.80 0.68 0.62 0.56 0.55 0.51 0.49 0.45 0.39 0.34 0.26 0.25 0.00 0.00 0.00 0.00 0.00 0.00 0.00 0.00 0.00 0.00 0.00 0.00 0.00
-9999.00 -9999.00 -9999.00 1.52 1.57 1.48 1.57 1.72 1.49 1.42 1.34 1.18 1.27 1.22 1.13 1.13 1.17 1.19 1.25 1.33 1.39 1.49 1.55 1.66 1.91 1.87 1.83 1.97 1.91 1.96 2.20 2.29 2.47 2.47 2.43 2.51 2.43 2.23 2.13 1.97 1.66 1.61 1.45 1.41 1.15 1.16 1.08 0.98 0.82 0.68 0.62 0.58 0.53 0.52 0.47 0.41 0.37 0.33 0.25 0.00 0.00 0.00 0.00 0.00 0.00 0.00 0.00 0.00 0.00 0.00 0.00 0.00 0.00
-9999.00 -9999.00 1.61 1.61 1.78 1.70 1.52 1.55 1.49 1.36 1.17 1.23 1.17 1.14 1.14 1.19 1.29 1.25 1.34 1.40 1.54 1.41 1.54 1.78 1.72 1.79 1.89 1.93 1.85 2.13 2.12 2.16 2.14 2.12 2.19 2.32 2.27 2.01 1.81 1.58 1.42 1.31 1.25 1.07 1.15 1.08 1.01 0.83 0.72 0.71 0.61 0.53 0.49 0.43 0.37 0.33 0.31 0.24 0.00 0.00 0.00 0.00 0.00 0.00 0.00 0.00 0.00 0.00 0.00 0.00 0.00 0.00 0.00
-9999.00 1.88 1.62 1.66 1.89 1.79 1.55 1.66 1.58 1.56 1.39 1.11 1.17 1.15 1.17 1.23 1.29 1.28 1.24 1.26 1.34 1.43 1.55 1.71 1.73 1.76 1.82 1.88 1.81 1.75 1.95 1.91 1.84 1.89 1.91 2.04 2.06 1.95 1.78 1.38 1.26 1.25 1.11 1.05 0.99 1.10 1.04 0.89 0.77 0.69 0.59 0.50 0.45 0.39 0.35 0.33 0.31 0.25 0.00 0.00 0.00 0.00 0.00 0.00 0.00 0.00 0.00 0.00 0.00 0.00 0.00 0.00 0.00
1.77 1.94 1.96 1.90 1.93 1.74 1.74 1.63 1.77 1.60 1.40 1.09 1.13 1.16 1.18 1.15 1.20 1.19 1.22 1.23 1.30 1.42 1.51 1.53 1.67 1.66 1.73 1.75 1.68 1.58 1.73 1.71 1.75 1.85 1.96 1.95 2.02 1.80 1.58 1.39 1.30 1.11 1.09 1.02 0.98 1.06 1.05 0.89 0.74 0.62 0.53 0.48 0.41 0.36 0.33 0.33 0.28 0.24 0.00 0.00 0.00 0.00 0.00 0.00 0.00 0.00 0.00 0.00 0.00 0.00 0.00 0.00 0.00
1.77 1.76 2.08 2.03 1.95 1.90 1.95 1.85 1.79 1.55 1.29 1.04 1.01 1.05 1.10 1.13 1.17 1.22 1.17 1.20 1.27 1.40 1.43 1.46 1.60 1.59 1.63 1.62 1.62 1.47 1.67 1.64 1.70 1.79 1.79 1.92 1.84 1.55 1.42 1.30 1.18 1.11 1.10 1.01 0.98 1.02 1.00 0.83 0.72 0.58 0.46 0.44 0.36 0.34 0.33 0.31 0.27 0.25 0.00 0.00 0.00 0.00 0.00 0.00 0.00 0.00 0.00 0.00 0.00 0.00 0.00 0.00 0.00
1.69 1.80 2.03 2.23 1.95 1.95 1.93 1.76 1.60 1.38 1.18 1.03 0.96 1.04 1.09 1.11 1.15 1.15 1.06 1.14 1.20 1.29 1.29 1.33 1.56 1.57 1.52 1.50 1.47 1.34 1.56 1.58 1.70 1.75 1.74 1.81 1.84 1.47 1.32 1.24 1.16 1.10 1.05 0.99 0.95 1.03 0.95 0.81 0.62 0.54 0.45 0.38 0.35 0.32 0.33 0.32 0.28 0.26 0.00 0.00 0.00 0.00 0.00 0.00 0.00 0.00 0.00 0.00 0.00 0.00 0.00 0.00 0.00
1.87 1.75 1.91 2.01 1.97 1.93 1.69 1.53 1.31 1.21 1.08 0.97 0.92 0.97 0.97 0.99 1.02 1.00 1.01 1.11 1.18 1.18 1.21 1.29 1.52 1.48 1.45 1.38 1.35 1.27 1.32 1.53 1.63 1.70 1.71 1.76 1.71 1.47 1.32 1.21 1.14 1.08 1.03 0.95 0.78 0.71 0.65 0.58 0.47 0.40 0.34 0.40 0.29 0.28 0.27 0.26 0.24 0.00 0.00 0.00 0.00 0.00 0.00 0.00 0.00 0.00 0.00 0.00 0.00 0.00 0.00 0.00 0.00
2.01 1.81 1.81 1.79 1.81 1.77 1.53 1.36 1.22 1.14 0.97 0.89 0.85 0.82 0.86 0.92 0.88 0.90 0.94 1.01 1.10 1.10 1.19 1.26 1.34 1.50 1.44 1.41 1.32 1.21 1.27 1.51 1.60 1.67 1.65 1.61 1.69 1.17 1.09 1.02 0.99 0.90 0.84 0.78 0.70 0.65 0.58 0.46 0.39 0.35 0.31 0.28 0.26 0.26 0.24 0.26 0.24 0.00 0.00 0.00 0.00 0.00 0.00 0.00 0.00 0.00 0.00 0.00 0.00 0.00 0.00 0.00 0.00
1.93 1.84 1.75 1.74 1.40 1.42 1.37 1.24 1.11 1.02 0.88 0.80 0.78 0.72 0.73 0.79 0.82 0.79 0.92 0.98 1.02 1.07 1.21 1.28 1.31 1.46 1.41 1.35 1.30 1.26 1.16 1.33 1.33 1.34 1.32 1.33 1.17 1.00 0.97 0.94 0.88 0.81 0.77 0.74 0.64 0.64 0.53 0.45 0.34 0.32 0.28 0.26 0.25 0.27 0.26 0.27 0.25 0.00 0.00 0.00 0.00 0.00 0.00 0.00 0.00 0.00 0.00 0.00 0.00 0.00 0.00 0.00 0.00
1.92 1.90 1.75 1.70 1.49 1.05 0.96 1.07 1.07 0.89 0.75 0.72 0.68 0.61 0.68 0.72 0.69 0.74 0.85 0.89 0.97 1.03 1.15 1.19 1.08 1.30 1.26 1.12 1.10 1.22 1.06 1.18 1.19 1.17 1.15 1.17 1.10 0.99 0.92 0.87 0.88 0.83 0.77 0.71 0.63 0.55 0.52 0.41 0.33 0.32 0.27 0.25 0.24 0.25 0.26 0.29 0.27 0.00 0.00 0.00 0.00 0.00 0.00 0.00 0.00 0.00 0.00 0.00 0.00 0.00 0.00 0.00 0.00
1.87 1.97 1.72 1.66 1.48 1.14 1.10 0.86 0.84 0.75 0.68 0.62 0.57 0.51 0.56 0.57 0.58 0.65 0.73 0.80 0.73 0.81 0.89 0.94 0.90 1.21 1.16 1.01 1.02 1.11 1.22 1.11 1.09 1.06 1.07 1.03 0.99 0.96 0.91 0.90 0.88 0.84 0.81 0.68 0.58 0.49 0.44 0.37 0.29 0.28 0.24 0.25 0.23 0.25 0.25 0.27 0.24 0.00 0.00 0.00 0.00 0.00 0.00 0.00 0.00 0.00 0.00 0.00 0.00 0.00 0.00 0.00 0.00
