dati/cumulata_oraria_prisma_2018052804.txt
ncols        251
nrows        249
xllcorner         436000.00000
yllcorner        4918000.00000
cellsize           1000.00000
NODATA_value          -9999.00000
[rows 32 to 63 of 249, columns 73 to 145 of 251]
-9999.00 -9999.00 -9999.00 -9999.00 -9999.00 -9999.00 -9999.00 -9999.00 -9999.00 -9999.00 -9999.00 -9999.00 -9999.00 0.00 0.00 0.00 0.00 0.00 0.00 0.00 0.00 0.45 0.41 0.38 0.37 0.37 0.38 0.40 0.43 0.48 0.53 -9999.00 -9999.00 -9999.00 -9999.00 -9999.00 -9999.00 -9999.00 -9999.00 -9999.00 -9999.00 -9999.00 -9999.00 -9999.00 -9999.00 -9999.00 -9999.00 -9999.00 -9999.00 -9999.00 -9999.00 -9999.00 -9999.00 -9999.00 0.78 0.72 0.67 0.61 0.56 0.50 0.46 0.41 0.37 0.33 0.29 0.26 0.22 0.19 -9999.00 -9999.00 -9999.00 -9999.00 -9999.00
-9999.00 -9999.00 -9999.00 -9999.00 -9999.00 -9999.00 -9999.00 -9999.00 -9999.00 -9999.00 -9999.00 -9999.00 -9999.00 -9999.00 0.00 0.00 0.00 0.00 0.00 0.00 0.00 0.50 0.45 0.42 0.40 0.40 0.40 0.42 0.46 0.50 0.55 -9999.00 -9999.00 -9999.00 -9999.00 -9999.00 -9999.00 -9999.00 -9999.00 -9999.00 -9999.00 -9999.00 -9999.00 -9999.00 -9999.00 -9999.00 -9999.00 1.16 1.27 1.27 -9999.00 -9999.00 0.92 0.87 0.81 0.75 0.69 0.64 0.58 0.53 0.48 0.43 0.39 0.35 0.31 0.27 0.24 0.21 -9999.00 -9999.00 -9999.00 -9999.00 -9999.00
-9999.00 -9999.00 -9999.00 -9999.00 -9999.00 -9999.00 -9999.00 -9999.00 -9999.00 -9999.00 -9999.00 -9999.00 -9999.00 -9999.00 0.00 0.00 0.00 0.00 0.00 0.00 0.60 0.54 0.49 0.45 0.43 0.42 0.43 0.45 0.48 0.52 0.57 -9999.00 -9999.00 -9999.00 -9999.00 -9999.00 -9999.00 -9999.00 -9999.00 -9999.00 -9999.00 -9999.00 -9999.00 -9999.00 -9999.00 -9999.00 -9999.00 1.28 1.43 1.44 1.36 1.16 1.06 0.89 0.83 0.77 0.71 0.65 0.60 0.55 0.50 0.45 0.40 0.36 0.32 0.28 0.25 0.21 -9999.00 -9999.00 -9999.00 -9999.00 -9999.00
-9999.00 -9999.00 -9999.00 -9999.00 -9999.00 -9999.00 -9999.00 -9999.00 -9999.00 -9999.00 -9999.00 -9999.00 -9999.00 -9999.00 0.00 0.00 0.00 0.00 0.00 0.72 0.64 0.58 0.53 0.49 0.46 0.45 0.45 0.47 0.50 0.54 0.70 0.80 -9999.00 -9999.00 -9999.00 -9999.00 -9999.00 -9999.00 -9999.00 -9999.00 -9999.00 -9999.00 -9999.00 -9999.00 -9999.00 -9999.00 1.34 1.36 1.49 1.48 1.37 1.26 1.16 1.06 1.00 0.78 0.72 0.67 0.61 0.56 0.51 0.46 0.41 0.37 0.33 0.29 0.25 0.22 -9999.00 -9999.00 -9999.00 -9999.00 -9999.00
-9999.00 -9999.00 -9999.00 -9999.00 -9999.00 -9999.00 -9999.00 -9999.00 -9999.00 -9999.00 -9999.00 -9999.00 -9999.00 -9999.00 0.00 0.00 1.05 0.95 0.85 0.76 0.68 0.62 0.56 0.52 0.49 0.48 0.48 0.49 0.52 0.68 0.79 0.87 0.98 -9999.00 -9999.00 -9999.00 -9999.00 -9999.00 -9999.00 -9999.00 -9999.00 -9999.00 -9999.00 -9999.00 -9999.00 -9999.00 1.38 1.39 1.51 1.51 1.48 1.36 1.30 1.14 1.10 0.96 0.86 0.77 0.74 0.68 0.51 0.47 0.42 0.37 0.33 0.29 0.25 0.22 0.19 -9999.00 -9999.00 -9999.00 -9999.00
-9999.00 -9999.00 -9999.00 -9999.00 -9999.00 -9999.00 -9999.00 -9999.00 -9999.00 -9999.00 -9999.00 -9999.00 -9999.00 1.43 1.32 1.21 1.10 1.00 0.90 0.81 0.72 0.65 0.59 0.55 0.52 0.50 0.50 0.51 0.53 0.73 0.85 0.97 1.06 1.14 -9999.00 -9999.00 -9999.00 -9999.00 -9999.00 -9999.00 -9999.00 -9999.00 -9999.00 -9999.00 -9999.00 -9999.00 -9999.00 1.39 1.52 1.54 1.52 1.42 1.38 1.25 1.16 1.04 0.95 0.85 0.75 0.72 0.66 0.47 0.42 0.37 0.33 0.29 0.25 0.21 0.18 -9999.00 -9999.00 -9999.00 -9999.00
-9999.00 -9999.00 -9999.00 -9999.00 -9999.00 -9999.00 -9999.00 -9999.00 -9999.00 -9999.00 -9999.00 -9999.00 -9999.00 1.48 1.37 1.26 1.14 1.04 0.94 0.84 0.76 0.68 0.62 0.57 0.54 0.52 0.51 0.52 0.65 0.77 0.89 1.04 1.15 1.30 1.27 1.32 -9999.00 -9999.00 -9999.00 -9999.00 -9999.00 -9999.00 1.68 1.71 -9999.00 -9999.00 1.44 1.43 1.57 1.54 1.51 1.49 1.41 1.29 1.24 1.11 0.98 0.90 0.81 0.74 0.66 0.59 0.41 0.37 0.32 0.28 0.24 0.20 0.17 -9999.00 -9999.00 -9999.00 -9999.00
-9999.00 -9999.00 -9999.00 -9999.00 -9999.00 -9999.00 -9999.00 -9999.00 -9999.00 -9999.00 -9999.00 -9999.00 1.62 1.51 1.40 1.29 1.18 1.07 0.97 0.87 0.78 0.71 0.64 0.59 0.56 0.53 0.53 0.53 0.72 0.83 0.97 1.14 1.40 1.45 1.49 1.52 1.81 1.68 1.64 1.69 -9999.00 1.75 1.98 1.91 1.78 1.65 1.52 1.45 1.58 1.55 1.62 1.54 1.51 1.41 1.31 1.17 1.09 0.95 0.87 0.82 0.73 0.60 0.51 0.36 0.31 0.27 0.23 0.19 0.00 -9999.00 -9999.00 -9999.00 -9999.00
-9999.00 -9999.00 -9999.00 -9999.00 -9999.00 -9999.00 -9999.00 -9999.00 -9999.00 -9999.00 -9999.00 -9999.00 1.65 1.54 1.43 1.32 1.20 1.09 0.99 0.89 0.80 0.73 0.66 0.61 0.57 0.54 0.53 0.53 0.75 0.89 1.23 1.36 1.58 1.71 1.63 1.65 1.90 1.76 1.73 1.73 1.87 1.79 1.87 1.94 1.88 1.72 1.66 1.57 1.59 1.57 1.58 1.56 1.54 1.44 1.35 1.22 1.11 1.00 0.89 0.82 0.77 0.67 0.57 0.44 0.30 0.25 0.21 0.17 0.00 0.00 0.00 -9999.00 -9999.00
-9999.00 -9999.00 -9999.00 -9999.00 -9999.00 -9999.00 -9999.00 -9999.00 -9999.00 -9999.00 -9999.00 1.75 1.66 1.55 1.44 1.33 1.22 1.11 1.00 0.90 0.82 0.74 0.67 0.62 0.58 0.55 0.54 0.53 0.84 0.95 1.30 1.55 1.82 1.93 1.67 1.71 1.93 1.87 1.72 1.78 1.93 1.96 2.05 2.03 1.93 1.90 1.75 1.67 1.76 1.59 1.64 1.61 1.56 1.45 1.43 1.28 1.14 1.06 0.95 0.88 0.81 0.68 0.65 0.50 0.39 0.24 0.19 0.00 0.00 0.00 0.00 0.00 0.00
-9999.00 -9999.00 -9999.00 -9999.00 -9999.00 -9999.00 -9999.00 -9999.00 -9999.00 -9999.00 1.83 1.75 1.65 1.55 1.44 1.33 1.22 1.11 1.01 0.91 0.82 0.74 0.67 0.62 0.58 0.55 0.53 0.69 0.85 1.05 1.39 1.65 1.67 1.69 1.69 1.77 1.76 1.71 1.78 1.85 1.87 2.13 2.05 2.05 2.10 1.98 1.84 1.69 1.74 1.59 1.69 1.69 1.67 1.52 1.52 1.36 1.25 1.09 0.96 0.94 0.95 0.80 0.66 0.49 0.39 0.21 0.17 0.00 0.00 0.00 0.00 0.00 0.00
-9999.00 -9999.00 -9999.00 -9999.00 -9999.00 -9999.00 -9999.00 -9999.00 -9999.00 -9999.00 1.81 1.72 1.63 1.53 1.43 1.32 1.21 1.10 1.00 0.90 0.81 0.74 0.67 0.61 0.57 0.54 0.65 0.72 0.86 1.04 1.36 1.65 1.71 1.76 1.73 1.81 1.76 1.72 1.74 1.81 1.96 2.10 2.14 2.14 2.17 2.08 1.88 1.84 1.75 1.80 1.74 1.71 1.73 1.67 1.62 1.46 1.32 1.22 1.06 0.96 0.89 0.77 0.68 0.51 0.40 0.19 0.00 0.00 0.00 0.00 0.00 0.00 0.00
-9999.00 -9999.00 -9999.00 -9999.00 -9999.00 -9999.00 -9999.00 -9999.00 -9999.00 -9999.00 1.77 1.69 1.71 1.62 1.52 1.44 1.30 1.08 0.98 0.89 0.80 0.84 0.79 0.74 0.69 0.65 0.66 0.78 0.85 1.05 1.27 1.50 1.62 1.71 1.80 1.98 1.83 1.75 1.83 1.84 1.97 2.03 2.24 2.28 2.24 2.22 2.04 2.00 1.95 1.85 1.84 1.90 1.91 1.89 1.79 1.64 1.44 1.21 0.99 0.93 0.89 0.75 0.66 0.56 0.46 0.33 0.00 0.00 0.00 0.00 0.00 0.00 0.00
-9999.00 -9999.00 -9999.00 -9999.00 -9999.00 -9999.00 -9999.00 -9999.00 -9999.00 -9999.00 1.71 1.76 1.66 1.61 1.55 1.46 1.34 1.20 1.08 0.97 0.90 0.86 0.81 0.78 0.74 0.71 0.69 0.79 0.87 1.04 1.20 1.40 1.60 1.73 1.88 2.03 1.88 1.83 1.79 2.00 2.07 2.12 2.23 2.57 2.34 2.43 2.19 2.01 2.03 2.07 2.25 1.85 2.08 1.92 1.79 1.65 1.45 1.26 1.02 0.95 0.97 0.84 0.73 0.60 0.47 0.39 0.30 0.00 0.00 0.00 0.00 0.00 0.00
-9999.00 -9999.00 -9999.00 -9999.00 -9999.00 -9999.00 -9999.00 -9999.00 1.86 1.84 1.84 1.74 1.61 1.55 1.55 1.46 1.38 1.25 1.15 1.02 0.94 0.90 0.83 0.83 0.79 0.76 0.73 0.80 0.87 1.07 1.16 1.41 1.52 1.77 2.12 1.96 2.13 2.20 2.16 2.17 2.32 2.31 2.34 2.64 2.33 2.36 2.24 2.10 2.12 1.96 1.95 1.89 2.01 2.00 1.89 1.74 1.54 1.33 1.13 0.98 0.94 0.96 0.81 0.79 0.59 0.42 0.29 0.00 0.00 0.00 0.00 0.00 0.00
-9999.00 -9999.00 -9999.00 -9999.00 -9999.00 -9999.00 -9999.00 -9999.00 1.77 1.97 1.90 1.74 1.62 1.53 1.54 1.51 1.43 1.31 1.25 1.10 0.99 0.91 0.86 0.83 0.85 0.83 0.78 0.78 0.89 1.18 1.29 1.52 1.67 1.70 3.03 2.34 2.23 2.53 2.55 2.46 2.47 2.44 2.35 2.49 2.23 2.43 2.33 2.26 2.29 2.25 2.11 1.97 2.27 2.19 2.21 1.90 1.79 1.56 1.41 1.19 1.12 1.08 0.83 0.72 0.58 0.37 0.27 0.00 0.00 0.00 0.00 0.00 0.00
-9999.00 -9999.00 -9999.00 -9999.00 -9999.00 -9999.00 -9999.00 1.73 1.71 1.95 1.87 1.74 1.65 1.54 1.51 1.53 1.49 1.44 1.39 1.21 1.05 0.94 0.88 0.85 0.85 0.84 0.84 0.79 0.95 1.33 1.39 1.56 1.69 1.71 2.60 2.83 2.71 3.00 2.86 2.73 3.00 3.25 2.99 2.84 2.71 2.69 2.83 2.99 3.23 2.60 2.54 2.30 2.49 2.30 2.61 2.17 2.05 1.75 1.57 1.14 1.06 0.92 0.79 0.69 0.55 0.41 0.28 0.19 0.00 0.00 0.00 0.00 0.00
-9999.00 -9999.00 -9999.00 -9999.00 -9999.00 -9999.00 1.71 1.65 1.84 1.84 1.79 1.72 1.70 1.60 1.57 1.60 1.58 1.52 1.42 1.27 1.05 0.96 0.91 0.88 0.91 0.90 0.84 0.79 0.88 1.33 1.43 1.46 1.74 1.84 2.27 2.69 3.18 3.28 3.83 3.74 3.88 3.56 3.61 3.44 3.49 3.60 3.70 4.23 4.26 3.87 3.07 2.46 3.02 3.32 3.18 2.51 1.99 1.52 1.33 1.09 0.96 0.93 0.80 0.72 0.56 0.43 0.31 0.21 0.00 0.00 0.00 0.00 0.00
-9999.00 -9999.00 -9999.00 -9999.00 -9999.00 -9999.00 1.61 1.66 1.86 1.74 1.80 1.77 1.71 1.77 1.62 1.61 1.64 1.51 1.36 1.29 1.12 0.95 0.96 0.94 0.97 0.93 0.89 0.81 0.86 1.38 1.46 1.52 1.91 2.21 2.57 4.13 3.42 3.78 4.01 4.71 4.77 5.05 4.31 4.52 4.57 4.31 4.51 4.78 4.62 3.90 3.08 2.55 2.74 2.64 2.57 2.24 1.89 1.48 1.25 1.07 0.98 0.96 0.85 0.74 0.64 0.47 0.36 0.22 0.00 0.00 0.00 0.00 0.00
-9999.00 -9999.00 -9999.00 -9999.00 -9999.00 -9999.00 1.64 1.89 1.88 1.71 1.67 1.73 1.70 1.74 1.68 1.66 1.65 1.53 1.36 1.31 1.19 1.04 1.00 0.97 0.99 0.97 0.94 0.89 0.91 1.53 1.62 1.68 2.48 3.33 3.39 4.34 3.63 3.95 4.88 6.13 5.95 6.25 5.95 5.24 4.85 4.61 4.18 4.46 4.54 3.75 3.06 2.59 2.44 2.38 2.32 2.14 1.99 1.63 1.31 1.11 1.06 0.98 0.89 0.77 0.67 0.51 0.41 0.32 0.17 0.00 0.00 0.00 0.00
-9999.00 -9999.00 -9999.00 -9999.00 -9999.00 -9999.00 1.78 1.88 1.84 1.88 1.79 1.75 1.66 1.60 1.62 1.70 1.65 1.57 1.47 1.30 1.18 1.09 1.04 0.98 1.04 1.04 1.04 1.04 0.96 1.50 1.96 2.04 2.57 3.65 3.88 4.13 4.10 4.48 5.18 6.63 6.85 6.81 6.55 5.52 4.70 4.51 4.05 4.59 4.67 4.09 3.33 2.74 2.57 2.40 2.28 2.15 2.00 1.56 1.31 1.15 1.11 1.25 1.13 0.95 0.90 0.75 0.55 0.40 0.27 0.19 0.00 0.00 0.00
-9999.00 -9999.00 -9999.00 1.76 1.71 1.65 1.88 2.01 1.84 1.86 1.90 1.87 1.71 1.64 1.70 1.75 1.74 1.68 1.51 1.24 1.14 1.13 1.14 1.15 1.13 1.15 1.15 1.14 1.22 1.65 1.99 2.41 3.50 4.14 4.59 4.20 4.26 4.68 5.34 6.66 6.78 6.74 6.86 6.13 5.45 5.26 4.46 4.50 4.52 3.94 3.27 3.00 2.65 2.41 2.28 2.18 2.10 1.82 1.67 1.52 1.48 1.55 1.30 1.11 1.06 0.93 0.71 0.57 0.49 0.31 0.00 0.00 0.00
-9999.00 -9999.00 1.54 1.74 2.20 2.18 2.12 2.24 2.28 2.07 1.98 2.07 1.73 1.85 2.01 2.03 1.85 1.67 1.49 1.24 1.26 1.24 1.30 1.23 1.25 1.33 1.39 1.60 2.03 2.39 2.85 3.86 4.70 5.04 5.14 4.82 4.80 5.52 6.50 6.79 6.75 6.96 6.43 5.40 5.02 4.70 5.30 5.51 5.15 4.62 3.88 2.92 2.59 2.52 2.56 2.44 2.12 2.04 1.87 1.93 2.50 1.92 1.63 1.34 1.15 0.88 0.71 0.65 0.50 0.40 0.20 0.00 0.00
-9999.00 1.52 1.56 1.98 2.55 2.42 2.32 2.44 2.57 2.78 2.75 2.13 2.20 2.07 2.24 2.19 2.11 1.83 1.54 1.30 1.22 1.31 1.50 1.41 1.41 1.59 1.71 2.00 2.45 2.74 3.39 4.33 4.91 5.51 5.77 5.79 5.40 6.02 6.47 6.43 6.48 6.95 6.68 6.32 6.22 6.19 5.75 6.39 6.43 5.47 4.99 3.25 3.14 2.78 2.75 2.72 2.60 2.59 2.24 2.01 2.64 2.37 1.89 1.51 1.23 0.98 0.76 0.79 0.59 0.49 0.25 0.00 0.00
1.55 1.58 1.66 2.37 2.65 2.43 2.49 2.74 3.21 3.52 3.39 2.76 2.68 2.65 2.53 2.48 2.24 1.93 1.70 1.57 1.34 1.48 1.64 1.73 1.79 1.73 2.01 2.41 3.02 3.39 4.23 5.31 5.48 5.98 6.08 6.35 6.13 6.00 6.54 6.26 6.81 6.79 6.69 6.76 6.34 6.65 6.56 6.72 6.61 6.26 5.04 4.06 3.60 3.28 2.99 3.00 2.85 2.78 2.67 2.63 2.88 2.57 2.12 1.60 1.31 1.11 0.86 0.68 0.56 0.44 0.24 0.00 0.00
1.59 1.69 2.05 2.40 2.80 2.76 2.79 2.94 3.42 4.01 3.91 3.43 3.00 2.89 2.96 2.87 2.69 2.25 2.12 1.88 1.63 1.73 1.87 1.86 2.16 1.99 2.32 3.07 3.27 3.71 5.31 5.97 5.88 6.05 6.49 6.34 6.70 6.66 6.79 6.43 6.66 6.81 6.89 6.80 6.63 7.46 7.21 6.97 6.68 6.59 5.15 4.32 3.33 3.38 3.03 3.11 2.93 2.87 2.74 2.67 2.35 2.21 1.87 1.59 1.36 1.20 1.03 0.75 0.55 0.45 0.35 0.26 0.17
1.58 1.96 2.26 2.52 2.88 3.08 3.11 2.98 2.96 3.58 3.81 3.80 3.13 3.16 3.40 3.43 3.15 2.54 2.21 2.20 2.01 1.89 1.94 2.15 2.77 2.50 2.95 3.69 3.89 4.05 6.07 6.31 6.05 6.23 6.74 6.76 7.05 7.34 6.97 6.70 7.02 7.43 7.43 6.85 6.61 7.04 7.21 6.47 4.23 4.38 4.02 4.44 3.32 3.36 2.79 2.84 2.71 2.70 2.62 2.50 2.21 2.08 1.80 1.49 1.33 1.20 1.04 0.80 0.69 0.59 0.48 0.38 0.29
1.69 2.13 2.38 2.51 3.06 3.44 3.13 3.06 2.89 3.60 3.77 3.81 3.35 3.50 3.82 3.93 3.52 2.97 2.67 2.57 2.25 2.16 2.14 2.47 2.91 3.20 3.42 4.28 4.36 4.58 6.34 7.08 6.91 6.83 7.18 7.29 7.15 7.20 7.00 6.81 6.81 7.14 4.23 4.25 3.50 3.73 3.72 3.37 3.23 3.18 2.88 3.67 2.95 2.60 2.58 2.54 2.47 2.38 2.33 2.28 2.27 2.17 1.91 1.67 1.50 1.35 1.07 0.96 0.85 0.74 0.63 0.52 0.42
1.78 2.06 2.53 2.61 2.66 3.56 3.36 3.61 3.28 3.63 4.06 4.31 3.65 4.09 4.03 4.00 4.12 3.25 3.01 3.18 3.26 2.57 2.61 2.76 3.39 3.85 3.63 4.35 5.24 5.48 7.14 8.13 7.45 7.21 7.89 7.41 5.45 4.58 4.21 4.45 4.28 3.95 3.54 2.87 2.92 3.03 3.84 3.35 3.46 3.55 3.61 2.97 2.84 2.64 2.59 2.68 2.63 2.59 2.54 2.53 2.59 2.51 2.22 1.90 1.69 1.49 1.25 1.13 1.01 0.90 0.78 0.67 0.56
2.29 2.27 2.63 3.12 2.57 3.28 3.53 3.63 3.61 3.88 4.05 4.23 4.42 4.28 4.48 4.29 4.72 4.13 3.55 3.73 3.71 2.98 2.76 3.28 3.78 4.34 4.12 4.74 5.72 6.31 5.97 6.54 6.17 6.02 5.86 5.22 4.41 4.30 4.19 4.34 4.60 4.53 4.30 4.08 4.41 4.70 4.93 4.52 4.13 4.20 4.34 3.64 3.65 3.28 3.03 2.94 2.86 2.80 2.78 2.76 2.80 2.70 2.43 2.12 1.90 1.66 1.43 1.31 1.19 1.06 0.94 0.83 0.72
2.43 2.74 3.11 3.60 3.69 3.34 2.93 3.31 3.47 3.54 4.24 4.29 4.33 4.22 4.36 4.39 4.99 4.50 4.07 4.11 4.13 3.27 2.46 3.47 3.96 4.07 4.06 4.33 5.07 6.32 5.66 6.16 5.97 5.51 5.70 4.97 5.17 5.13 5.27 5.18 5.43 5.54 5.23 4.85 4.87 4.43 5.39 4.82 4.46 4.38 4.44 4.41 4.01 3.64 3.47 3.32 3.14 3.08 3.02 2.93 2.89 2.86 2.62 2.40 2.12 1.88 1.61 1.48 1.36 1.24 1.11 0.99 0.87
2.69 3.29 3.93 4.13 4.03 3.62 3.79 3.35 3.33 3.56 4.18 4.28 4.23 4.34 4.25 4.72 5.03 4.96 4.47 4.74 3.67 3.53 3.12 3.11 3.34 3.74 3.84 4.11 4.98 6.19 6.36 6.07 6.26 5.87 5.71 5.32 5.77 5.98 5.79 5.37 5.44 5.47 5.17 5.04 4.92 4.46 5.35 4.86 4.37 4.10 4.15 4.51 4.19 3.84 3.68 3.46 3.31 3.22 3.20 3.12 2.95 2.87 2.75 2.47 2.32 2.12 1.78 1.66 1.53 1.41 1.28 1.16 1.04
