dati/cumulata_oraria_prisma_2018052719.txt
ncols        251
nrows        249
xllcorner         436000.00000
yllcorner        4918000.00000
cellsize           1000.00000
NODATA_value          -9999.00000
[rows 64 to 95 of 249, columns 146 to 218 of 251]
4.22 4.31 4.32 4.38 4.47 4.55 4.66 4.73 4.89 5.01 5.16 5.22 5.28 5.44 5.61 5.82 6.02 6.27 6.40 6.66 6.92 7.10 7.49 7.67 7.86 8.01 8.14 8.37 8.37 8.42 8.40 8.22 8.10 7.88 -9999.00 -9999.00 -9999.00 -9999.00 -9999.00 -9999.00 -9999.00 -9999.00 -9999.00 -9999.00 -9999.00 -9999.00 -9999.00 -9999.00 -9999.00 -9999.00 -9999.00 -9999.00 -9999.00 -9999.00 -9999.00 -9999.00 -9999.00 -9999.00 -9999.00 -9999.00 -9999.00 -9999.00 -9999.00 -9999.00 -9999.00 -9999.00 -9999.00 -9999.00 -9999.00 -9999.00 -9999.00 -9999.00 -9999.00
4.17 4.22 4.18 4.26 4.34 4.40 4.52 4.63 4.75 4.85 5.02 5.08 5.14 5.25 5.39 5.65 5.86 6.06 6.20 6.46 6.75 6.95 7.33 7.52 7.73 7.93 8.05 8.18 8.36 8.41 8.35 8.23 8.10 7.97 -9999.00 -9999.00 -9999.00 -9999.00 -9999.00 -9999.00 -9999.00 -9999.00 -9999.00 -9999.00 -9999.00 -9999.00 -9999.00 -9999.00 -9999.00 -9999.00 -9999.00 -9999.00 -9999.00 -9999.00 -9999.00 -9999.00 -9999.00 -9999.00 -9999.00 -9999.00 -9999.00 -9999.00 -9999.00 -9999.00 -9999.00 -9999.00 -9999.00 -9999.00 -9999.00 -9999.00 -9999.00 -9999.00 -9999.00
4.06 4.05 4.06 4.10 4.21 4.22 4.30 4.41 4.52 4.62 4.78 4.85 4.94 5.01 5.21 5.42 5.68 5.89 6.11 6.32 6.53 6.82 7.13 7.42 7.63 7.80 7.96 8.08 8.23 8.27 8.26 8.18 8.04 7.92 -9999.00 -9999.00 -9999.00 -9999.00 -9999.00 -9999.00 -9999.00 -9999.00 -9999.00 -9999.00 -9999.00 -9999.00 -9999.00 -9999.00 -9999.00 -9999.00 -9999.00 -9999.00 -9999.00 -9999.00 -9999.00 -9999.00 -9999.00 -9999.00 -9999.00 -9999.00 -9999.00 -9999.00 -9999.00 -9999.00 -9999.00 -9999.00 -9999.00 -9999.00 -9999.00 -9999.00 -9999.00 -9999.00 -9999.00
3.95 3.90 3.89 3.92 3.94 3.97 4.10 4.20 4.26 4.39 4.54 4.65 4.67 4.81 4.97 5.17 5.44 5.67 5.90 6.09 6.31 6.63 6.94 7.25 7.46 7.62 7.80 7.95 8.02 8.22 8.23 8.12 8.04 7.81 -9999.00 -9999.00 -9999.00 -9999.00 -9999.00 -9999.00 -9999.00 -9999.00 -9999.00 -9999.00 -9999.00 -9999.00 -9999.00 -9999.00 -9999.00 -9999.00 -9999.00 -9999.00 -9999.00 -9999.00 -9999.00 -9999.00 -9999.00 -9999.00 -9999.00 -9999.00 -9999.00 -9999.00 -9999.00 -9999.00 -9999.00 -9999.00 -9999.00 -9999.00 -9999.00 -9999.00 -9999.00 -9999.00 -9999.00
3.69 3.68 3.71 3.72 3.74 3.77 3.84 3.89 3.92 3.94 4.05 4.15 4.27 4.43 4.63 4.82 5.09 5.30 5.53 5.78 6.01 6.20 6.59 6.87 7.18 7.38 7.56 7.71 7.87 8.06 8.05 7.98 7.89 7.70 -9999.00 -9999.00 -9999.00 -9999.00 -9999.00 -9999.00 -9999.00 -9999.00 -9999.00 -9999.00 -9999.00 -9999.00 -9999.00 -9999.00 -9999.00 -9999.00 -9999.00 -9999.00 -9999.00 -9999.00 -9999.00 -9999.00 -9999.00 -9999.00 -9999.00 -9999.00 -9999.00 -9999.00 -9999.00 -9999.00 -9999.00 -9999.00 -9999.00 -9999.00 -9999.00 -9999.00 -9999.00 -9999.00 -9999.00
3.46 3.45 3.47 3.53 3.50 3.52 3.53 3.62 3.61 3.72 3.83 3.91 4.03 4.19 4.39 4.58 4.82 5.06 5.27 5.53 5.75 5.95 6.34 6.62 6.95 7.17 7.34 7.49 7.60 7.64 7.76 7.68 7.66 -9999.00 -9999.00 -9999.00 -9999.00 -9999.00 -9999.00 -9999.00 -9999.00 -9999.00 -9999.00 -9999.00 -9999.00 -9999.00 -9999.00 -9999.00 -9999.00 -9999.00 -9999.00 -9999.00 -9999.00 -9999.00 -9999.00 -9999.00 -9999.00 -9999.00 -9999.00 -9999.00 -9999.00 -9999.00 -9999.00 -9999.00 -9999.00 -9999.00 -9999.00 -9999.00 -9999.00 -9999.00 -9999.00 -9999.00 -9999.00
3.54 3.52 3.48 3.52 3.49 3.43 3.37 3.32 3.35 3.44 3.56 3.68 3.85 3.98 4.17 4.37 4.59 4.86 5.15 5.37 5.60 5.77 6.07 6.40 6.69 7.00 7.19 7.31 7.37 7.42 7.56 7.51 -9999.00 -9999.00 -9999.00 -9999.00 -9999.00 -9999.00 -9999.00 -9999.00 -9999.00 -9999.00 -9999.00 -9999.00 -9999.00 -9999.00 -9999.00 -9999.00 -9999.00 -9999.00 -9999.00 -9999.00 -9999.00 -9999.00 -9999.00 -9999.00 -9999.00 -9999.00 -9999.00 -9999.00 -9999.00 -9999.00 -9999.00 -9999.00 -9999.00 -9999.00 -9999.00 -9999.00 -9999.00 -9999.00 -9999.00 -9999.00 -9999.00
3.39 3.38 3.30 3.36 3.31 3.29 3.28 3.21 3.23 3.30 3.36 3.45 3.61 3.74 3.90 4.11 4.33 4.62 4.90 5.12 5.36 5.50 5.81 6.15 6.41 6.73 6.92 7.06 7.19 7.20 7.24 7.31 -9999.00 -9999.00 -9999.00 -9999.00 -9999.00 -9999.00 -9999.00 -9999.00 -9999.00 -9999.00 -9999.00 -9999.00 -9999.00 -9999.00 -9999.00 -9999.00 -9999.00 -9999.00 -9999.00 -9999.00 -9999.00 -9999.00 -9999.00 -9999.00 -9999.00 -9999.00 -9999.00 -9999.00 -9999.00 -9999.00 -9999.00 -9999.00 -9999.00 -9999.00 -9999.00 -9999.00 -9999.00 -9999.00 -9999.00 -9999.00 -9999.00
3.37 3.31 3.24 3.32 3.30 3.15 3.11 2.99 2.95 3.01 3.17 3.27 3.45 3.62 3.71 3.92 4.10 4.35 4.61 4.89 5.14 5.32 5.57 5.83 6.17 6.39 6.66 6.88 6.91 6.94 7.00 6.96 -9999.00 -9999.00 -9999.00 -9999.00 -9999.00 -9999.00 -9999.00 -9999.00 -9999.00 -9999.00 -9999.00 -9999.00 -9999.00 -9999.00 -9999.00 -9999.00 -9999.00 -9999.00 -9999.00 -9999.00 -9999.00 -9999.00 -9999.00 -9999.00 -9999.00 -9999.00 -9999.00 -9999.00 -9999.00 -9999.00 -9999.00 -9999.00 -9999.00 -9999.00 -9999.00 -9999.00 -9999.00 -9999.00 -9999.00 -9999.00 -9999.00
3.09 3.08 3.15 3.13 3.16 2.99 2.94 2.82 2.77 2.82 2.95 3.08 3.24 3.40 3.49 3.71 3.94 4.18 4.42 4.71 4.96 5.19 5.30 5.55 5.87 6.10 6.39 6.61 6.68 6.76 6.80 6.73 -9999.00 -9999.00 -9999.00 -9999.00 -9999.00 -9999.00 -9999.00 -9999.00 -9999.00 -9999.00 -9999.00 -9999.00 -9999.00 -9999.00 -9999.00 -9999.00 -9999.00 -9999.00 -9999.00 -9999.00 -9999.00 -9999.00 -9999.00 -9999.00 -9999.00 -9999.00 -9999.00 -9999.00 -9999.00 -9999.00 -9999.00 -9999.00 -9999.00 -9999.00 -9999.00 -9999.00 -9999.00 -9999.00 -9999.00 -9999.00 -9999.00
2.77 2.73 2.75 2.67 2.63 2.56 2.54 2.49 2.47 2.52 2.60 2.70 2.86 2.99 3.11 3.24 3.46 3.70 3.93 4.19 4.50 4.72 4.99 5.20 5.42 5.70 5.84 6.34 6.40 6.47 6.52 6.43 6.38 6.42 -9999.00 -9999.00 -9999.00 -9999.00 -9999.00 -9999.00 -9999.00 -9999.00 -9999.00 -9999.00 -9999.00 -9999.00 -9999.00 -9999.00 -9999.00 -9999.00 -9999.00 -9999.00 -9999.00 -9999.00 -9999.00 -9999.00 -9999.00 -9999.00 -9999.00 -9999.00 -9999.00 -9999.00 -9999.00 -9999.00 -9999.00 -9999.00 -9999.00 -9999.00 -9999.00 -9999.00 -9999.00 -9999.00 -9999.00
3.19 3.18 3.06 2.87 2.85 2.66 2.47 2.37 2.33 2.38 2.46 2.56 2.70 2.83 2.94 3.08 3.26 3.49 3.71 3.97 4.25 4.46 4.70 4.93 5.19 5.39 5.56 5.83 6.15 6.16 6.26 6.16 6.10 6.14 -9999.00 -9999.00 -9999.00 -9999.00 -9999.00 -9999.00 -9999.00 -9999.00 -9999.00 -9999.00 -9999.00 -9999.00 -9999.00 -9999.00 -9999.00 -9999.00 -9999.00 -9999.00 -9999.00 -9999.00 -9999.00 -9999.00 -9999.00 -9999.00 -9999.00 -9999.00 -9999.00 -9999.00 -9999.00 -9999.00 -9999.00 -9999.00 -9999.00 -9999.00 -9999.00 -9999.00 -9999.00 -9999.00 -9999.00
3.13 3.09 2.96 2.90 2.85 2.74 2.61 2.54 2.46 2.45 2.52 2.57 2.69 2.77 2.89 3.02 3.19 3.42 3.65 3.90 4.16 4.41 4.59 4.86 4.89 5.07 5.27 5.46 5.63 5.72 5.78 5.79 5.76 5.57 -9999.00 -9999.00 -9999.00 -9999.00 -9999.00 -9999.00 -9999.00 -9999.00 -9999.00 -9999.00 -9999.00 -9999.00 -9999.00 -9999.00 -9999.00 -9999.00 -9999.00 -9999.00 -9999.00 -9999.00 -9999.00 -9999.00 -9999.00 -9999.00 -9999.00 -9999.00 -9999.00 -9999.00 -9999.00 -9999.00 -9999.00 -9999.00 -9999.00 -9999.00 -9999.00 -9999.00 -9999.00 -9999.00 -9999.00
3.19 3.25 3.15 3.11 3.00 2.94 2.82 2.70 2.58 2.46 2.42 2.45 2.57 2.65 2.77 2.87 3.05 3.24 3.45 3.67 3.94 4.15 4.39 4.60 4.72 4.86 5.15 5.27 5.33 5.40 5.47 5.48 5.44 5.40 5.32 -9999.00 -9999.00 -9999.00 -9999.00 -9999.00 -9999.00 -9999.00 -9999.00 -9999.00 -9999.00 -9999.00 -9999.00 -9999.00 -9999.00 -9999.00 -9999.00 -9999.00 -9999.00 -9999.00 -9999.00 -9999.00 -9999.00 -9999.00 -9999.00 -9999.00 -9999.00 -9999.00 -9999.00 -9999.00 -9999.00 -9999.00 -9999.00 -9999.00 -9999.00 -9999.00 -9999.00 -9999.00 -9999.00
3.18 3.20 3.09 3.05 2.94 2.88 2.82 2.71 2.69 2.61 2.59 2.56 2.58 2.61 2.77 2.87 3.01 3.19 3.36 3.55 3.77 3.98 4.25 4.31 4.46 4.61 4.76 4.98 5.18 5.29 5.38 5.32 5.34 5.23 5.15 -9999.00 -9999.00 -9999.00 -9999.00 -9999.00 -9999.00 -9999.00 -9999.00 -9999.00 -9999.00 -9999.00 -9999.00 -9999.00 -9999.00 -9999.00 -9999.00 -9999.00 -9999.00 -9999.00 -9999.00 -9999.00 -9999.00 -9999.00 -9999.00 -9999.00 -9999.00 -9999.00 -9999.00 -9999.00 -9999.00 -9999.00 -9999.00 -9999.00 -9999.00 -9999.00 -9999.00 -9999.00 -9999.00
3.20 3.14 2.93 2.91 2.89 2.85 2.79 2.76 2.76 2.84 2.74 2.51 2.51 2.51 2.66 2.78 2.90 3.04 3.20 3.36 3.58 3.76 4.03 4.17 4.30 4.40 4.56 4.76 4.78 4.98 5.08 5.02 4.99 4.92 4.83 4.75 -9999.00 -9999.00 -9999.00 -9999.00 -9999.00 -9999.00 -9999.00 -9999.00 -9999.00 -9999.00 -9999.00 -9999.00 -9999.00 -9999.00 -9999.00 -9999.00 -9999.00 -9999.00 -9999.00 -9999.00 -9999.00 -9999.00 -9999.00 -9999.00 -9999.00 -9999.00 -9999.00 -9999.00 -9999.00 -9999.00 -9999.00 -9999.00 -9999.00 -9999.00 -9999.00 -9999.00 -9999.00
3.25 3.30 3.08 2.88 2.85 2.80 2.75 2.74 2.74 2.81 2.83 2.85 2.76 2.79 2.79 2.88 2.96 3.06 3.23 3.39 3.47 3.66 3.78 3.93 4.04 4.20 4.25 4.40 4.59 4.78 4.84 4.78 4.78 4.70 4.55 4.50 -9999.00 -9999.00 -9999.00 -9999.00 -9999.00 -9999.00 -9999.00 -9999.00 -9999.00 -9999.00 -9999.00 -9999.00 -9999.00 -9999.00 -9999.00 -9999.00 -9999.00 -9999.00 -9999.00 -9999.00 -9999.00 -9999.00 -9999.00 -9999.00 -9999.00 -9999.00 -9999.00 -9999.00 -9999.00 -9999.00 -9999.00 -9999.00 -9999.00 -9999.00 -9999.00 -9999.00 -9999.00
3.32 3.45 2.89 2.96 2.86 2.80 2.75 2.81 2.73 2.88 2.89 3.34 2.85 2.75 2.73 2.79 2.87 2.95 3.12 3.24 3.29 3.45 3.48 3.56 3.70 3.86 3.90 4.01 4.29 4.37 4.46 4.48 4.42 4.33 4.31 4.18 -9999.00 -9999.00 -9999.00 -9999.00 -9999.00 -9999.00 -9999.00 -9999.00 -9999.00 -9999.00 -9999.00 -9999.00 -9999.00 -9999.00 -9999.00 -9999.00 -9999.00 -9999.00 -9999.00 -9999.00 -9999.00 -9999.00 -9999.00 -9999.00 -9999.00 -9999.00 -9999.00 -9999.00 -9999.00 -9999.00 -9999.00 -9999.00 -9999.00 -9999.00 -9999.00 -9999.00 -9999.00
3.10 3.04 2.83 2.76 2.76 2.82 2.75 2.81 2.74 2.89 2.88 3.33 2.97 3.17 3.40 3.98 4.18 4.23 4.38 4.55 4.29 4.19 3.25 3.36 3.51 3.58 3.65 3.73 3.87 3.93 3.93 4.04 4.00 3.91 4.02 3.89 -9999.00 -9999.00 -9999.00 -9999.00 -9999.00 -9999.00 -9999.00 -9999.00 -9999.00 -9999.00 -9999.00 -9999.00 -9999.00 -9999.00 -9999.00 -9999.00 -9999.00 -9999.00 -9999.00 -9999.00 -9999.00 -9999.00 -9999.00 -9999.00 -9999.00 -9999.00 -9999.00 -9999.00 -9999.00 -9999.00 -9999.00 -9999.00 -9999.00 -9999.00 -9999.00 -9999.00 -9999.00
3.13 3.08 2.87 2.79 2.81 2.80 2.72 2.63 2.59 2.71 2.81 3.05 2.96 3.13 3.46 3.94 4.12 4.15 4.29 4.43 4.32 4.11 3.98 4.01 4.22 4.41 4.65 4.74 3.55 3.62 3.62 3.74 3.70 3.60 3.55 -9999.00 -9999.00 -9999.00 -9999.00 -9999.00 -9999.00 -9999.00 -9999.00 -9999.00 -9999.00 -9999.00 -9999.00 -9999.00 -9999.00 -9999.00 -9999.00 -9999.00 -9999.00 -9999.00 -9999.00 -9999.00 -9999.00 -9999.00 -9999.00 -9999.00 -9999.00 -9999.00 -9999.00 -9999.00 -9999.00 -9999.00 -9999.00 -9999.00 -9999.00 -9999.00 -9999.00 -9999.00 -9999.00
2.97 2.81 2.70 2.57 2.50 2.47 2.52 2.67 2.73 2.82 2.88 2.83 2.96 2.92 3.24 3.54 3.49 3.43 3.79 3.42 3.45 3.89 3.81 3.91 4.01 4.28 4.41 4.52 4.40 4.54 4.66 3.42 3.41 3.34 3.26 3.18 -9999.00 -9999.00 -9999.00 -9999.00 -9999.00 -9999.00 -9999.00 -9999.00 -9999.00 -9999.00 -9999.00 -9999.00 -9999.00 -9999.00 -9999.00 -9999.00 -9999.00 -9999.00 -9999.00 -9999.00 -9999.00 -9999.00 -9999.00 -9999.00 -9999.00 -9999.00 -9999.00 -9999.00 -9999.00 -9999.00 -9999.00 -9999.00 -9999.00 -9999.00 -9999.00 -9999.00 -9999.00
2.94 2.81 2.77 2.61 2.55 2.51 2.45 2.41 2.45 2.52 2.69 2.62 2.66 2.79 3.13 3.52 3.38 3.56 3.88 3.32 3.32 3.35 3.39 3.49 3.58 3.60 3.67 3.71 4.15 4.30 4.31 4.41 4.41 4.56 4.68 4.19 -9999.00 -9999.00 -9999.00 -9999.00 -9999.00 -9999.00 -9999.00 -9999.00 -9999.00 -9999.00 -9999.00 -9999.00 -9999.00 -9999.00 -9999.00 -9999.00 -9999.00 -9999.00 -9999.00 -9999.00 -9999.00 -9999.00 -9999.00 -9999.00 -9999.00 -9999.00 -9999.00 -9999.00 -9999.00 -9999.00 -9999.00 -9999.00 -9999.00 -9999.00 -9999.00 -9999.00 -9999.00
2.97 2.77 2.67 2.55 2.43 2.40 2.33 2.42 2.52 2.58 2.73 2.66 2.70 2.73 2.84 2.87 2.88 2.88 2.88 2.81 2.68 3.23 3.24 3.32 3.39 3.49 3.46 3.39 3.41 4.08 4.06 4.07 4.15 4.30 4.51 3.94 -9999.00 -9999.00 -9999.00 -9999.00 -9999.00 -9999.00 -9999.00 -9999.00 -9999.00 -9999.00 -9999.00 -9999.00 -9999.00 -9999.00 -9999.00 -9999.00 -9999.00 -9999.00 -9999.00 -9999.00 -9999.00 -9999.00 -9999.00 -9999.00 -9999.00 -9999.00 -9999.00 -9999.00 -9999.00 -9999.00 -9999.00 -9999.00 -9999.00 -9999.00 -9999.00 -9999.00 -9999.00
2.88 2.73 2.67 2.59 2.47 2.47 2.43 2.42 2.37 2.36 2.43 2.54 2.59 2.68 2.87 2.86 2.86 2.84 2.83 2.74 2.62 2.76 2.64 2.61 2.64 2.69 2.67 2.71 3.21 3.25 3.20 3.28 3.27 3.35 3.39 3.18 -9999.00 -9999.00 -9999.00 -9999.00 -9999.00 -9999.00 -9999.00 -9999.00 -9999.00 -9999.00 -9999.00 -9999.00 -9999.00 -9999.00 -9999.00 -9999.00 -9999.00 -9999.00 -9999.00 -9999.00 -9999.00 -9999.00 -9999.00 -9999.00 -9999.00 -9999.00 -9999.00 -9999.00 -9999.00 -9999.00 -9999.00 -9999.00 -9999.00 -9999.00 -9999.00 -9999.00 -9999.00
2.91 2.76 2.65 2.53 2.38 2.40 2.36 2.31 2.36 2.52 2.53 2.62 2.67 2.76 2.84 2.79 2.69 2.62 2.53 2.42 2.66 2.65 2.53 2.45 2.46 2.51 2.48 2.47 2.97 2.98 2.98 3.06 3.04 3.05 3.15 2.97 -9999.00 -9999.00 -9999.00 -9999.00 -9999.00 -9999.00 -9999.00 -9999.00 -9999.00 -9999.00 -9999.00 -9999.00 -9999.00 -9999.00 1.56 1.46 1.36 1.28 1.17 1.16 1.16 1.13 -9999.00 1.06 1.04 -9999.00 -9999.00 -9999.00 -9999.00 -9999.00 -9999.00 -9999.00 -9999.00 -9999.00 -9999.00 -9999.00 -9999.00
2.41 2.36 2.31 2.43 2.42 2.45 2.43 2.37 2.41 2.38 2.38 2.39 2.44 2.40 2.87 2.81 2.69 2.60 2.46 2.36 2.42 2.36 2.28 2.19 2.21 2.19 2.19 2.32 2.29 2.29 2.17 2.17 2.17 2.14 2.33 2.73 -9999.00 -9999.00 -9999.00 -9999.00 -9999.00 -9999.00 -9999.00 -9999.00 -9999.00 -9999.00 -9999.00 1.77 1.71 1.68 1.59 1.56 1.45 1.42 1.16 1.13 1.14 1.09 1.06 1.04 1.03 1.01 -9999.00 -9999.00 -9999.00 -9999.00 -9999.00 -9999.00 -9999.00 -9999.00 -9999.00 -9999.00 -9999.00
2.41 2.38 2.36 2.41 2.41 2.34 2.27 2.27 2.26 2.45 2.42 2.51 2.51 2.43 2.37 2.32 2.30 2.26 2.20 2.04 2.36 2.28 2.18 2.11 2.08 2.05 2.04 2.05 2.12 2.05 1.98 1.97 1.97 1.96 1.90 1.93 1.88 1.84 -9999.00 -9999.00 -9999.00 -9999.00 -9999.00 -9999.00 -9999.00 -9999.00 1.73 1.73 1.63 1.62 1.53 1.48 1.43 1.44 1.40 1.39 1.42 1.40 1.40 1.37 1.41 1.38 -9999.00 -9999.00 -9999.00 -9999.00 -9999.00 -9999.00 -9999.00 -9999.00 -9999.00 -9999.00 -9999.00
2.42 2.45 2.37 2.57 2.52 2.40 2.29 2.30 2.31 2.27 2.30 2.26 2.14 2.07 2.40 2.33 2.29 2.23 2.10 2.03 2.12 2.07 1.95 1.92 1.87 1.91 1.92 1.91 1.87 1.82 1.72 1.65 1.67 1.79 1.76 1.78 1.73 1.72 1.69 -9999.00 -9999.00 -9999.00 -9999.00 -9999.00 -9999.00 -9999.00 1.51 1.50 1.44 1.60 1.50 1.45 1.39 1.36 1.40 1.38 1.36 1.40 1.38 1.43 1.38 -9999.00 -9999.00 -9999.00 -9999.00 -9999.00 -9999.00 -9999.00 -9999.00 -9999.00 -9999.00 -9999.00 -9999.00
2.49 2.57 2.53 2.60 2.68 2.54 2.42 2.41 2.34 2.31 2.34 2.29 2.16 2.10 2.06 2.00 1.92 1.89 1.83 1.96 2.06 2.02 1.86 1.85 1.79 1.79 1.76 1.79 1.76 1.67 1.62 1.51 1.49 1.51 1.47 1.45 1.50 1.51 1.53 -9999.00 -9999.00 -9999.00 -9999.00 1.32 1.41 1.37 1.43 1.45 1.42 1.36 1.36 1.34 1.28 1.26 1.24 1.25 1.34 1.32 1.36 1.38 1.38 -9999.00 -9999.00 -9999.00 -9999.00 -9999.00 -9999.00 -9999.00 -9999.00 -9999.00 -9999.00 -9999.00 -9999.00
2.51 2.82 3.06 3.19 3.41 3.07 2.44 2.46 2.38 2.40 2.60 2.23 2.05 2.01 2.05 1.99 1.91 1.88 1.80 1.73 1.75 1.71 1.65 1.61 1.57 1.67 1.66 1.68 1.65 1.54 1.50 1.41 1.39 1.35 1.32 1.32 1.40 1.40 -9999.00 -9999.00 -9999.00 1.32 1.25 1.23 1.31 1.27 1.34 1.39 1.37 1.42 1.32 1.31 1.26 1.25 1.21 1.25 1.22 1.24 1.25 1.26 -9999.00 -9999.00 -9999.00 -9999.00 -9999.00 -9999.00 -9999.00 -9999.00 -9999.00 -9999.00 -9999.00 -9999.00 -9999.00
2.81 3.96 3.78 3.23 3.42 3.18 2.91 2.81 2.87 3.01 2.61 2.24 2.05 1.98 1.88 1.82 1.75 1.68 1.57 1.79 1.71 1.67 1.61 1.54 1.50 1.44 1.39 1.35 1.54 1.46 1.38 1.33 1.20 1.18 1.22 1.23 1.22 1.33 1.33 -9999.00 1.26 1.23 1.19 1.17 1.16 1.25 1.27 1.32 1.31 1.34 1.27 1.27 1.28 1.22 1.18 1.18 1.23 1.23 1.23 -9999.00 -9999.00 -9999.00 -9999.00 -9999.00 -9999.00 -9999.00 -9999.00 -9999.00 -9999.00 -9999.00 -9999.00 -9999.00 -9999.00
2.81 4.05 4.21 4.30 4.41 4.50 3.69 2.82 2.92 3.02 2.62 2.26 2.19 2.08 1.88 1.81 1.74 1.67 1.54 1.59 1.50 1.44 1.39 1.31 1.43 1.39 1.33 1.27 1.25 1.20 1.31 1.23 1.13 1.09 1.07 1.15 1.14 1.25 1.29 1.27 1.24 1.20 1.22 1.12 1.10 1.20 1.23 1.24 1.28 1.30 1.31 1.21 1.21 1.19 1.16 1.18 1.14 1.19 1.20 -9999.00 -9999.00 -9999.00 -9999.00 -9999.00 -9999.00 -9999.00 -9999.00 -9999.00 -9999.00 -9999.00 -9999.00 -9999.00 -9999.00
