dati/cumulata_oraria_prisma_2018052823.txt
ncols        251
nrows        249
xllcorner         436000.00000
yllcorner        4918000.00000
cellsize           1000.00000
NODATA_value          -9999.00000
[rows 128 to 159 of 249, columns 144 to 215 of 251]
6.59 6.98 7.34 7.61 7.78 8.21 8.53 8.76 9.10 9.49 9.86 10.57 10.90 11.26 11.51 11.72 11.83 12.50 14.20 14.75 13.13 13.01 12.74 12.71 12.51 11.45 11.18 11.01 10.86 10.82 10.76 11.59 11.41 11.20 10.93 9.18 9.09 9.27 9.36 9.54 9.68 9.58 9.59 9.33 9.35 8.99 8.53 7.72 7.09 -9999.00 -9999.00 -9999.00 -9999.00 -9999.00 -9999.00 -9999.00 -9999.00 -9999.00 -9999.00 -9999.00 -9999.00 -9999.00 -9999.00 -9999.00 -9999.00 -9999.00 -9999.00 -9999.00 -9999.00 -9999.00 -9999.00 -9999.00
6.66 6.94 7.34 7.66 7.97 8.15 8.38 8.92 9.38 9.35 9.83 10.17 10.45 11.09 11.27 11.36 11.48 13.03 14.16 14.48 14.51 14.68 12.50 12.36 12.02 11.63 11.43 10.73 10.57 10.45 10.41 11.12 11.03 10.79 10.94 10.94 9.63 8.70 9.14 9.46 9.67 9.84 10.19 9.20 9.51 8.38 7.96 7.10 6.22 -9999.00 -9999.00 -9999.00 -9999.00 -9999.00 -9999.00 -9999.00 -9999.00 -9999.00 -9999.00 -9999.00 -9999.00 -9999.00 -9999.00 -9999.00 -9999.00 -9999.00 -9999.00 -9999.00 -9999.00 -9999.00 -9999.00 -9999.00
6.69 7.08 7.26 7.55 7.95 8.37 8.25 8.84 9.14 9.50 9.69 9.97 10.18 10.50 10.61 10.99 11.30 12.05 12.76 14.45 14.54 13.93 13.48 12.99 11.46 11.28 11.07 11.01 10.69 10.47 10.29 9.96 10.09 10.36 10.60 9.42 9.47 9.37 9.23 9.29 9.69 9.61 9.87 10.33 10.06 8.77 7.21 6.73 5.76 -9999.00 -9999.00 -9999.00 -9999.00 -9999.00 -9999.00 -9999.00 -9999.00 -9999.00 -9999.00 -9999.00 -9999.00 -9999.00 -9999.00 -9999.00 -9999.00 -9999.00 -9999.00 -9999.00 -9999.00 -9999.00 -9999.00 -9999.00
6.66 7.20 7.60 8.08 7.92 8.14 8.71 8.96 8.94 9.45 9.61 9.66 9.96 10.09 10.26 10.40 11.17 11.95 12.50 12.96 13.26 13.53 12.79 12.31 12.06 11.76 10.86 10.71 10.30 10.03 9.85 9.66 9.56 9.43 9.36 9.37 9.10 8.82 8.85 8.86 8.59 9.75 9.66 10.02 9.16 8.11 7.53 6.35 5.21 4.80 -9999.00 -9999.00 -9999.00 -9999.00 -9999.00 -9999.00 -9999.00 -9999.00 -9999.00 -9999.00 -9999.00 -9999.00 -9999.00 -9999.00 -9999.00 -9999.00 -9999.00 -9999.00 -9999.00 -9999.00 -9999.00 -9999.00
7.24 7.97 7.52 8.06 8.34 8.63 8.48 8.84 9.22 10.12 9.23 9.27 9.39 9.49 9.91 10.51 10.77 11.20 12.17 12.81 12.58 12.77 12.80 11.90 11.57 11.38 11.58 11.12 9.89 9.66 9.46 9.24 9.20 9.15 8.94 8.28 8.05 8.32 8.33 8.62 8.52 8.69 8.35 8.07 8.36 7.83 6.77 5.71 5.09 4.03 -9999.00 -9999.00 -9999.00 -9999.00 -9999.00 -9999.00 -9999.00 -9999.00 -9999.00 -9999.00 -9999.00 -9999.00 -9999.00 -9999.00 -9999.00 -9999.00 -9999.00 -9999.00 -9999.00 -9999.00 -9999.00 -9999.00
7.29 8.54 8.83 8.10 8.27 8.54 8.71 8.52 9.34 9.38 9.32 8.87 8.95 9.17 9.37 9.64 10.53 10.94 11.39 11.91 12.33 12.52 12.27 11.99 11.70 10.98 10.98 10.27 9.98 9.92 9.06 8.80 8.64 8.59 8.16 7.88 7.51 7.16 6.88 8.32 8.81 8.99 8.31 8.04 8.02 7.56 5.94 5.25 4.46 3.53 -9999.00 -9999.00 -9999.00 -9999.00 -9999.00 -9999.00 -9999.00 -9999.00 -9999.00 -9999.00 -9999.00 -9999.00 -9999.00 -9999.00 -9999.00 -9999.00 -9999.00 -9999.00 -9999.00 -9999.00 -9999.00 -9999.00
8.27 8.51 8.56 8.85 9.41 8.39 8.75 9.20 9.56 8.95 8.93 9.02 9.12 8.80 9.08 9.29 9.52 10.60 11.23 11.60 12.38 12.45 11.79 11.60 11.13 10.95 10.54 9.70 9.56 9.18 8.73 8.36 8.32 8.10 7.86 7.73 7.10 6.92 6.81 6.69 7.34 7.56 8.98 7.70 7.63 7.77 7.60 7.01 3.84 3.32 -9999.00 -9999.00 -9999.00 -9999.00 -9999.00 -9999.00 -9999.00 -9999.00 -9999.00 -9999.00 -9999.00 -9999.00 -9999.00 -9999.00 -9999.00 -9999.00 -9999.00 -9999.00 -9999.00 -9999.00 -9999.00 -9999.00
7.98 8.53 8.70 9.05 9.12 9.11 8.66 8.98 9.07 9.24 8.60 8.62 8.66 8.65 8.93 8.98 9.12 9.29 9.48 11.64 12.06 12.38 12.30 12.58 10.61 10.28 10.01 9.74 9.42 8.62 8.33 8.37 7.89 7.64 7.53 7.24 7.13 6.88 6.68 6.36 7.18 7.24 7.31 7.06 7.42 7.88 7.30 6.72 5.85 3.89 2.82 3.59 2.66 2.39 3.39 -9999.00 -9999.00 -9999.00 -9999.00 -9999.00 -9999.00 -9999.00 -9999.00 -9999.00 -9999.00 -9999.00 -9999.00 -9999.00 -9999.00 -9999.00 -9999.00 -9999.00
9.19 8.36 9.71 9.85 8.91 9.03 9.32 9.91 8.64 8.81 8.82 8.98 8.10 8.47 8.60 8.64 8.71 8.97 9.46 9.66 9.61 12.04 11.69 11.75 10.85 9.74 9.53 9.16 8.84 8.40 7.90 7.75 7.61 7.14 7.19 6.91 6.71 6.56 6.48 6.60 7.38 7.17 7.67 7.89 7.89 8.78 7.66 6.05 5.14 3.56 2.66 2.12 1.81 2.52 2.88 -9999.00 -9999.00 -9999.00 -9999.00 -9999.00 -9999.00 -9999.00 -9999.00 -9999.00 -9999.00 -9999.00 -9999.00 -9999.00 -9999.00 -9999.00 -9999.00 -9999.00
9.17 9.42 9.60 9.70 9.82 10.19 9.44 9.91 11.20 11.34 8.49 8.68 9.22 9.18 8.18 8.18 8.23 8.58 9.14 9.32 9.26 9.66 11.15 10.51 10.54 10.14 9.38 8.59 8.25 7.85 7.60 7.43 7.05 6.68 6.56 6.44 6.35 6.52 6.28 6.58 6.28 6.93 7.47 7.68 8.00 8.51 8.60 9.26 3.62 2.87 2.34 1.86 1.51 0.99 0.65 -9999.00 -9999.00 -9999.00 -9999.00 -9999.00 -9999.00 -9999.00 -9999.00 -9999.00 -9999.00 -9999.00 -9999.00 -9999.00 -9999.00 -9999.00 -9999.00 -9999.00
9.03 10.15 10.70 9.40 9.57 9.58 9.72 10.60 10.93 10.49 10.49 8.19 8.77 8.75 8.82 7.87 7.95 8.24 8.25 8.14 8.72 9.39 9.92 10.47 10.31 9.32 8.99 8.69 8.86 7.23 7.00 6.97 6.48 6.32 6.26 5.89 5.68 5.33 6.19 6.21 6.07 6.55 6.42 6.46 8.33 8.61 10.61 10.13 6.83 5.68 1.84 1.61 1.18 0.74 0.52 -9999.00 -9999.00 -9999.00 -9999.00 -9999.00 -9999.00 -9999.00 -9999.00 -9999.00 -9999.00 -9999.00 -9999.00 -9999.00 -9999.00 -9999.00 -9999.00 -9999.00
13.02 9.63 10.27 10.41 10.49 9.21 9.73 10.32 11.23 10.06 10.00 10.41 10.13 8.36 8.19 8.12 8.16 7.70 7.71 7.84 8.11 9.46 9.66 9.71 9.27 8.81 8.46 8.33 8.31 8.11 8.59 6.53 6.27 6.18 5.94 5.58 5.23 4.93 4.39 4.27 5.55 5.75 6.67 6.63 6.85 7.76 10.22 7.44 6.15 4.87 3.77 2.01 0.76 0.52 0.42 -9999.00 -9999.00 -9999.00 -9999.00 -9999.00 -9999.00 -9999.00 -9999.00 -9999.00 -9999.00 -9999.00 -9999.00 -9999.00 -9999.00 -9999.00 -9999.00 -9999.00
12.20 11.38 11.85 10.08 10.24 10.28 9.96 10.49 10.75 10.82 10.19 9.69 9.72 9.66 7.68 7.47 7.82 8.02 7.18 7.55 7.47 7.60 7.51 8.94 8.56 8.55 8.63 8.50 7.78 7.82 8.15 6.01 6.10 5.84 5.96 5.92 4.83 4.45 4.11 3.90 3.71 3.58 6.25 6.31 5.90 6.11 5.52 3.99 5.69 4.38 2.78 1.62 0.70 0.43 0.33 -9999.00 -9999.00 -9999.00 -9999.00 -9999.00 -9999.00 -9999.00 -9999.00 -9999.00 -9999.00 -9999.00 -9999.00 -9999.00 -9999.00 -9999.00 -9999.00 -9999.00
9.29 11.47 11.69 11.95 10.10 9.46 9.15 9.26 10.42 10.11 10.17 10.19 9.19 9.30 9.40 8.59 7.56 7.62 7.75 8.17 7.08 7.24 7.01 6.80 6.39 8.15 8.23 8.00 8.36 7.96 7.61 7.48 6.77 5.55 5.63 5.53 4.90 4.41 3.89 3.67 3.47 3.28 3.15 2.93 5.40 5.86 4.76 3.65 3.17 2.62 1.82 1.24 0.61 0.34 0.25 -9999.00 -9999.00 -9999.00 -9999.00 -9999.00 -9999.00 -9999.00 -9999.00 -9999.00 -9999.00 -9999.00 -9999.00 -9999.00 -9999.00 -9999.00 -9999.00 -9999.00
9.34 9.86 11.57 11.22 10.82 8.66 8.52 8.83 8.52 10.26 9.87 10.23 10.61 9.15 8.74 8.08 7.54 6.96 7.66 7.82 7.74 7.67 6.49 6.22 6.24 6.60 8.03 7.86 8.33 8.75 8.42 6.74 6.51 5.96 4.81 4.91 4.51 3.93 3.35 3.21 3.24 3.01 2.76 2.56 2.00 1.59 3.79 3.44 2.81 1.94 1.17 0.63 0.53 0.28 0.19 -9999.00 -9999.00 -9999.00 -9999.00 -9999.00 -9999.00 -9999.00 -9999.00 -9999.00 -9999.00 -9999.00 -9999.00 -9999.00 -9999.00 -9999.00 -9999.00 -9999.00
9.42 10.42 11.44 10.79 10.27 9.17 8.86 8.49 8.77 9.16 9.05 10.29 10.23 10.05 9.75 7.52 6.99 7.04 8.01 7.27 7.40 7.26 6.88 5.80 5.99 6.41 6.53 6.45 8.40 8.38 7.88 6.27 5.88 5.22 4.47 4.08 4.08 3.71 3.10 2.59 2.30 2.06 2.46 2.11 1.69 1.35 1.14 1.00 2.55 1.51 0.83 0.56 0.43 -9999.00 -9999.00 -9999.00 -9999.00 -9999.00 -9999.00 -9999.00 -9999.00 -9999.00 -9999.00 -9999.00 -9999.00 -9999.00 -9999.00 -9999.00 -9999.00 -9999.00 -9999.00 -9999.00
4.85 10.66 11.02 11.28 11.52 8.39 7.72 7.30 8.39 8.53 8.79 9.87 9.91 9.07 8.18 7.64 6.69 7.48 8.07 8.12 7.26 6.69 6.25 5.87 5.57 6.27 6.27 5.82 6.03 5.89 7.54 7.41 6.95 4.40 4.24 3.76 3.71 3.44 2.85 2.26 2.13 1.72 1.54 1.39 1.39 1.15 1.02 0.99 0.80 0.65 0.60 0.48 0.25 0.18 0.00 -9999.00 -9999.00 -9999.00 -9999.00 -9999.00 -9999.00 -9999.00 -9999.00 -9999.00 -9999.00 -9999.00 -9999.00 -9999.00 -9999.00 -9999.00 -9999.00 -9999.00
5.12 4.64 10.94 11.03 10.22 9.80 6.95 7.64 7.19 7.17 9.13 9.93 9.96 8.50 7.35 7.09 6.78 6.87 7.26 8.05 8.03 7.90 5.85 5.40 5.01 4.52 5.92 5.96 5.63 5.87 6.22 6.84 6.11 5.00 4.50 3.53 3.71 2.93 2.73 2.41 1.88 1.57 1.40 1.22 0.98 0.87 0.93 0.83 0.73 0.47 0.38 0.29 0.22 0.00 0.00 -9999.00 -9999.00 -9999.00 -9999.00 -9999.00 -9999.00 -9999.00 -9999.00 -9999.00 -9999.00 -9999.00 -9999.00 -9999.00 -9999.00 -9999.00 -9999.00 -9999.00
4.65 5.09 5.93 6.78 9.49 9.54 9.95 6.98 6.62 6.98 7.43 9.64 8.94 8.57 7.79 6.34 6.49 6.92 7.22 8.07 7.60 7.73 7.88 4.91 4.39 4.08 3.91 4.21 5.32 5.70 5.93 6.36 5.29 4.52 4.23 3.52 3.18 2.70 2.55 2.17 1.84 1.38 1.26 1.05 0.89 0.79 0.69 0.59 0.50 0.41 0.33 0.26 0.18 0.00 0.00 0.00 -9999.00 -9999.00 -9999.00 -9999.00 -9999.00 -9999.00 -9999.00 -9999.00 -9999.00 -9999.00 -9999.00 -9999.00 -9999.00 -9999.00 -9999.00 -9999.00
2.95 5.15 5.84 6.34 7.73 9.65 8.74 7.36 6.56 7.04 7.73 8.00 8.28 7.92 6.68 6.18 6.22 6.80 7.45 7.38 8.19 7.61 7.45 7.19 6.37 3.52 3.87 4.00 4.23 4.83 5.75 5.85 6.31 4.09 3.69 3.46 3.46 3.24 2.23 1.93 1.54 1.27 1.22 1.14 0.80 0.71 0.62 0.54 0.45 0.37 0.30 0.23 0.16 0.00 0.00 0.00 0.00 -9999.00 -9999.00 0.00 0.00 0.00 -9999.00 -9999.00 -9999.00 -9999.00 -9999.00 -9999.00 -9999.00 -9999.00 -9999.00 -9999.00
2.66 2.75 2.74 7.52 7.76 10.60 7.56 6.90 6.48 6.61 7.72 7.99 8.96 9.64 5.89 5.58 5.35 5.54 7.12 7.33 7.33 7.84 7.09 6.53 5.61 4.99 3.75 4.05 4.36 4.52 4.53 5.96 5.69 5.42 5.05 3.29 3.25 2.80 2.56 2.40 1.31 1.24 1.14 1.10 1.10 0.65 0.57 0.49 0.41 0.34 0.27 0.20 0.00 0.00 0.00 0.00 0.00 -9999.00 0.00 0.00 0.00 0.00 0.00 -9999.00 -9999.00 -9999.00 -9999.00 -9999.00 -9999.00 -9999.00 -9999.00 -9999.00
2.42 2.45 2.56 2.55 9.77 10.83 8.36 6.29 6.18 6.44 6.67 9.01 8.56 8.10 7.64 4.99 5.08 5.20 4.96 7.84 7.29 7.79 7.87 5.89 4.78 4.25 3.97 4.02 4.54 4.29 5.30 6.01 5.34 5.51 4.62 4.62 2.98 2.52 2.34 2.11 1.80 1.67 1.09 1.09 1.02 0.91 0.52 0.45 0.38 0.31 0.24 0.18 0.00 0.00 0.00 0.00 0.00 0.00 0.00 0.00 0.00 0.00 0.00 0.00 -9999.00 -9999.00 -9999.00 -9999.00 -9999.00 -9999.00 -9999.00 -9999.00
2.01 1.96 2.33 2.54 2.88 8.68 7.90 6.27 5.53 6.44 6.57 6.38 9.49 7.51 6.33 5.48 4.92 4.77 4.79 5.29 5.32 7.60 7.83 7.87 7.21 3.72 3.70 3.47 3.36 3.26 5.33 5.56 5.37 4.78 4.64 4.18 4.27 4.25 2.21 1.90 1.66 1.44 1.40 1.04 0.95 0.86 0.71 0.41 0.35 0.28 0.23 0.00 0.00 0.00 0.00 0.00 0.00 0.00 0.00 0.00 0.00 0.00 0.00 0.00 0.00 -9999.00 -9999.00 -9999.00 -9999.00 -9999.00 -9999.00 -9999.00
1.72 1.75 1.80 2.65 2.70 2.80 6.40 5.16 5.34 5.51 6.18 5.86 5.79 6.62 5.28 4.46 3.88 3.49 4.79 5.31 6.09 6.21 8.10 7.33 6.48 5.66 3.68 3.22 3.28 3.50 3.58 5.08 5.81 6.59 4.16 4.03 3.59 4.05 3.61 3.36 1.63 1.32 1.35 1.11 1.12 0.71 0.67 0.38 0.32 0.26 0.21 0.00 0.00 0.00 0.00 0.00 0.00 0.00 0.00 0.00 0.00 0.00 0.00 0.00 0.00 -9999.00 -9999.00 -9999.00 -9999.00 -9999.00 -9999.00 -9999.00
0.00 1.59 1.63 1.62 2.38 2.96 3.18 2.68 5.07 5.45 5.53 5.18 5.84 6.33 4.88 3.72 3.55 3.22 3.19 5.78 6.09 6.42 5.84 6.17 5.84 4.98 4.10 3.20 3.51 3.20 3.57 6.08 6.44 6.45 6.76 4.04 3.86 3.33 3.05 3.17 1.43 1.25 1.21 1.05 0.91 0.78 0.42 0.35 0.30 0.24 0.00 0.00 0.00 0.00 0.00 0.00 0.00 0.00 0.00 0.00 0.00 0.00 0.00 0.00 0.00 0.00 -9999.00 -9999.00 -9999.00 -9999.00 -9999.00 -9999.00
0.00 1.37 1.46 1.49 2.20 2.93 2.53 3.29 5.14 5.21 5.16 4.71 4.82 4.81 4.37 3.09 2.91 2.84 2.80 3.26 6.14 5.47 5.49 5.75 4.60 3.91 3.82 3.64 3.00 3.21 3.43 3.86 6.04 6.69 6.09 5.36 5.22 3.15 3.05 2.62 1.69 1.63 1.13 0.98 0.83 0.76 0.63 0.32 0.27 0.23 0.00 0.00 0.00 0.00 0.00 0.00 0.00 0.00 0.00 0.00 0.00 0.00 0.00 0.00 0.00 0.00 0.00 0.00 0.00 -9999.00 -9999.00 -9999.00
0.00 0.00 1.31 1.35 1.48 1.98 2.29 2.75 2.81 4.96 4.83 4.55 4.49 4.49 3.87 3.62 3.38 2.69 2.84 2.98 2.88 5.15 5.45 5.30 4.54 3.57 3.68 3.40 3.19 3.41 3.76 3.86 4.51 6.29 5.22 5.26 5.36 5.66 3.07 2.10 1.68 1.52 1.38 1.10 0.76 0.71 0.59 0.49 0.26 0.00 0.00 0.00 0.00 0.00 0.00 0.00 0.00 0.00 0.00 0.00 0.00 0.00 0.00 0.00 0.00 0.00 0.00 0.00 0.00 0.00 -9999.00 -9999.00
0.00 0.00 0.00 1.30 1.35 1.26 1.26 2.68 2.62 2.76 4.51 4.39 4.06 3.80 3.81 3.23 3.47 3.44 3.12 2.88 2.63 2.67 5.26 4.43 3.98 3.58 3.68 2.94 3.19 2.78 1.98 4.22 4.70 4.39 4.43 4.97 5.36 5.26 5.06 4.81 1.52 1.49 1.36 1.09 0.98 0.63 0.53 0.41 0.24 0.00 0.00 0.00 0.00 0.00 0.00 0.00 0.00 0.00 0.00 0.00 0.00 0.00 0.00 0.00 0.00 0.00 0.00 0.00 0.00 0.00 0.00 0.00
0.00 0.00 0.00 0.95 1.11 1.12 1.14 1.13 2.48 2.64 2.83 3.88 3.73 3.55 3.22 3.31 3.23 3.23 2.90 2.65 2.51 2.26 2.12 2.11 3.38 3.52 2.39 2.19 2.97 2.08 1.84 4.84 4.60 4.24 4.22 4.07 5.56 4.86 4.75 4.48 3.61 1.27 1.13 1.04 0.93 0.82 0.75 0.34 0.22 0.00 0.00 0.00 0.00 0.00 0.00 0.00 0.00 0.00 0.00 0.00 0.00 0.00 0.00 0.00 0.00 0.00 0.00 0.00 0.00 0.00 0.00 0.00
0.00 0.00 0.82 0.88 0.87 1.03 1.02 0.98 1.03 2.68 2.69 2.68 3.41 3.12 2.59 2.22 2.15 3.12 2.70 2.40 2.18 2.04 2.00 2.68 2.74 3.50 2.17 1.95 1.68 1.54 1.49 1.47 1.47 4.28 4.07 3.94 4.09 4.77 4.59 3.95 2.98 2.14 1.90 0.95 0.87 0.79 0.64 0.47 0.21 0.00 0.00 0.00 0.00 0.00 0.00 0.00 0.00 0.00 0.00 0.00 0.00 0.00 0.00 0.00 0.00 0.00 0.00 0.00 0.00 0.00 0.00 0.00
0.00 0.00 0.00 0.77 0.77 0.75 0.82 0.81 0.93 0.97 2.64 2.65 2.83 2.30 2.36 2.09 2.13 2.46 2.24 1.99 1.87 1.58 2.33 2.60 2.21 2.20 2.14 1.61 1.51 1.47 1.28 1.29 1.38 1.36 3.76 4.05 4.34 5.47 6.38 3.55 2.74 2.09 1.78 1.49 1.28 0.71 0.59 0.43 0.00 0.00 0.00 0.00 0.00 0.00 0.00 0.00 0.00 0.00 0.00 0.00 0.00 0.00 0.00 0.00 0.00 0.00 0.00 0.00 0.00 0.00 0.00 0.00
0.00 0.00 0.00 0.00 0.69 0.69 0.68 0.66 0.74 1.14 1.16 2.55 2.30 1.80 1.66 2.09 2.15 2.35 2.18 1.67 1.48 1.33 1.14 2.56 2.12 1.85 1.86 1.76 1.34 1.33 1.24 1.27 1.31 1.28 1.46 1.62 5.03 6.11 7.06 7.51 4.42 1.86 1.73 1.47 1.30 1.12 0.47 0.39 0.00 0.00 0.00 0.00 0.00 0.00 0.00 0.00 0.00 0.00 0.00 0.00 0.00 0.00 0.00 0.00 0.00 0.00 0.00 0.00 0.00 0.00 0.00 0.00
