dati/cumulata_oraria_prisma_2018052805.txt
ncols        251
nrows        249
xllcorner         436000.00000
yllcorner        4918000.00000
cellsize           1000.00000
NODATA_value          -9999.00000
[rows 128 to 159 of 249, columns 73 to 145 of 251]
1.23 1.60 2.09 3.58 5.50 6.73 7.60 9.65 9.70 8.37 8.38 7.60 5.88 5.20 6.13 5.52 4.48 3.60 3.50 3.17 3.00 2.94 2.85 2.99 3.13 2.89 2.75 2.53 2.46 2.39 2.31 2.22 2.12 2.02 1.91 1.79 1.67 1.54 1.41 1.28 1.14 1.01 0.87 0.74 0.61 0.49 0.37 0.26 0.00 0.00 0.00 0.00 0.00 0.00 0.00 0.00 0.00 0.00 0.00 0.00 0.00 0.00 0.00 0.00 0.00 0.00 0.00 0.00 0.00 0.00 0.00 0.00 0.00
1.26 1.75 2.47 3.84 5.33 6.85 7.85 8.88 11.24 9.60 8.80 7.28 5.77 5.31 5.60 5.79 5.07 4.04 3.64 3.33 3.20 3.04 2.99 2.89 3.10 2.96 2.77 2.72 2.66 2.59 2.51 2.42 2.33 2.22 2.11 1.99 1.86 1.72 1.58 1.43 1.29 1.14 0.99 0.85 0.71 0.57 0.44 0.32 0.21 0.00 0.00 0.00 0.00 0.00 0.00 0.00 0.00 0.00 0.00 0.00 0.00 0.00 0.00 0.00 0.00 0.00 0.00 0.00 0.00 0.00 0.00 0.00 0.00
1.15 1.37 2.47 3.20 4.89 7.25 8.36 8.20 9.78 10.39 9.18 7.42 6.00 5.73 5.65 5.87 5.47 4.58 3.96 3.50 3.29 3.29 3.17 3.04 3.02 3.00 2.96 2.92 2.87 2.81 2.73 2.65 2.55 2.44 2.33 2.20 2.06 1.91 1.76 1.60 1.44 1.28 1.12 0.96 0.81 0.66 0.52 0.39 0.27 0.16 0.00 0.00 0.00 0.00 0.00 0.00 0.00 0.00 0.00 0.00 0.00 0.00 0.00 0.00 0.00 0.00 0.00 0.00 0.00 0.00 0.00 0.00 0.00
1.16 1.59 2.58 2.79 5.39 9.54 8.70 8.45 9.53 11.74 8.91 7.52 5.84 5.25 5.41 5.87 6.20 5.63 4.67 3.58 3.55 3.44 3.40 3.21 3.21 3.20 3.18 3.14 3.10 3.05 2.98 2.89 2.80 2.69 2.56 2.43 2.28 2.12 1.96 1.79 1.61 1.44 1.26 1.09 0.92 0.76 0.61 0.46 0.33 0.21 0.00 0.00 0.00 0.00 0.00 0.00 0.00 0.00 0.00 0.00 0.00 0.00 0.00 0.00 0.00 0.00 0.00 0.00 0.00 0.00 0.00 0.00 0.00
1.61 1.56 2.31 3.19 4.26 8.65 8.65 7.09 8.58 10.59 9.97 7.16 4.67 5.06 5.70 6.26 6.57 6.20 4.26 3.91 3.72 3.74 3.68 3.49 3.40 3.41 3.40 3.39 3.35 3.30 3.24 3.16 3.06 2.95 2.82 2.67 2.52 2.35 2.17 1.98 1.79 1.60 1.41 1.22 1.04 0.86 0.69 0.54 0.40 0.27 0.00 0.00 0.00 0.00 0.00 0.00 0.00 0.00 0.00 0.00 0.00 0.00 0.00 0.00 0.00 0.00 0.00 0.00 0.00 0.00 0.00 0.00 0.00
1.54 1.36 2.60 2.90 3.86 6.65 7.77 6.06 7.81 9.73 10.45 7.63 5.25 4.69 6.03 6.45 6.47 5.74 4.91 4.08 3.95 3.89 3.77 3.73 3.62 3.64 3.65 3.64 3.62 3.58 3.52 3.44 3.34 3.22 3.09 2.94 2.77 2.58 2.39 2.19 1.98 1.77 1.56 1.36 1.30 1.39 0.89 0.76 0.63 0.32 0.20 0.00 0.00 0.00 0.00 0.00 0.00 0.00 0.00 0.00 0.00 0.00 0.00 0.00 0.00 0.00 0.00 0.00 0.00 0.00 0.00 0.00 0.00
1.48 1.52 2.50 2.49 3.77 5.12 7.32 5.41 7.03 10.10 10.54 7.64 5.39 5.28 5.85 6.65 6.76 6.10 5.35 4.60 4.27 3.98 4.03 3.92 3.84 3.88 3.90 3.91 3.90 3.87 3.81 3.73 3.63 3.51 3.37 3.21 3.03 2.83 2.62 2.40 2.18 1.95 1.73 1.62 2.29 2.11 2.03 1.03 1.06 0.80 0.24 0.00 0.00 0.00 0.00 0.00 0.00 0.00 0.00 0.00 0.00 0.00 0.00 0.00 0.00 0.00 0.00 0.00 0.00 0.00 0.00 0.00 0.00
1.07 1.42 1.87 2.03 2.24 4.12 4.66 5.36 5.14 7.63 8.10 7.17 4.56 5.42 6.81 7.04 6.88 6.86 5.92 5.14 4.35 4.32 4.24 4.24 4.22 4.13 4.17 4.19 4.19 4.16 4.11 4.04 3.94 3.81 3.66 3.49 3.29 3.08 2.86 2.62 2.38 2.14 1.89 2.57 3.70 3.45 2.32 2.03 1.13 0.75 0.50 0.00 0.00 0.00 0.00 0.00 0.00 0.00 0.00 0.00 0.00 0.00 0.00 0.00 0.00 0.00 0.00 0.00 0.00 0.00 0.00 0.00 0.00
1.06 1.98 1.91 2.42 3.22 3.37 3.32 5.29 5.17 5.46 6.63 5.46 4.89 5.48 6.89 7.38 6.47 6.40 6.24 4.91 4.74 4.52 4.57 4.55 4.47 4.38 4.44 4.47 4.48 4.46 4.42 4.34 4.24 4.11 3.95 3.77 3.56 3.34 3.10 2.85 2.58 2.32 2.39 2.76 4.30 5.56 4.68 2.65 2.05 0.80 0.59 0.43 0.18 0.00 0.00 0.00 0.00 0.00 0.00 0.00 0.00 0.00 0.00 0.00 0.00 0.00 0.00 0.00 0.00 0.00 0.00 0.00 0.00
1.06 1.26 2.63 3.75 4.16 3.79 3.52 4.57 4.85 4.50 5.10 4.99 4.64 5.15 6.42 7.35 7.46 6.81 6.19 5.67 4.87 4.97 4.96 4.83 4.96 4.63 4.71 4.75 4.77 4.76 4.72 4.65 4.54 4.41 4.24 4.05 3.83 3.59 3.34 3.06 2.79 2.50 2.38 3.36 7.09 5.37 5.09 3.78 1.89 1.38 0.66 0.53 0.23 0.00 0.00 0.00 0.00 0.00 0.00 0.00 0.00 0.00 0.00 0.00 0.00 0.00 0.00 0.00 0.00 0.00 0.00 0.00 0.00
0.93 1.36 3.44 4.99 6.42 3.92 3.99 4.93 5.12 5.09 4.92 4.77 4.27 4.38 6.27 7.68 8.45 6.56 6.16 6.19 5.74 6.25 5.55 5.88 5.35 5.14 4.97 5.03 5.06 5.05 5.02 4.95 4.84 4.70 4.52 4.32 4.09 3.84 3.56 3.28 2.98 2.68 2.93 3.66 6.64 6.02 4.76 3.68 2.99 1.44 1.06 0.58 0.44 0.00 0.00 0.00 0.00 0.00 0.00 0.00 0.00 0.00 0.00 0.00 0.00 0.00 0.00 0.00 0.00 0.00 0.00 0.00 0.00
1.04 1.56 2.71 5.12 6.14 5.14 5.03 5.93 5.42 5.06 5.34 4.73 4.39 4.19 6.09 7.63 7.68 7.29 6.44 6.36 7.15 8.68 8.29 7.35 6.23 5.53 5.34 5.51 5.47 5.58 5.30 5.23 5.12 4.97 4.79 4.58 4.34 4.07 3.78 3.48 3.16 2.84 3.11 3.91 3.74 8.32 8.83 3.28 2.90 2.25 1.12 0.86 0.47 0.31 0.00 0.00 0.00 0.00 0.00 0.00 0.00 0.00 0.00 0.00 0.00 0.00 0.00 0.00 0.00 0.00 0.00 0.00 0.00
1.21 1.79 2.59 5.84 5.43 4.99 5.29 6.06 6.08 5.72 5.61 5.10 4.44 4.36 4.73 8.93 8.67 8.01 6.74 6.96 8.98 9.67 9.75 7.33 6.54 5.84 6.07 5.78 5.96 5.98 5.83 5.49 5.38 5.23 5.04 4.82 4.56 4.28 3.98 3.66 3.33 2.99 2.66 3.50 5.26 5.39 8.59 7.05 2.51 2.61 2.40 0.87 0.45 0.27 0.00 0.00 0.00 0.00 0.00 0.00 0.00 0.00 0.00 0.00 0.00 0.00 0.00 0.00 0.00 0.00 0.00 0.00 0.00
1.07 1.22 2.06 3.86 4.95 5.28 6.05 6.76 8.21 6.84 6.36 4.77 4.34 4.50 5.07 8.68 9.91 7.31 7.22 7.07 8.61 8.88 8.52 7.82 6.27 6.30 6.31 6.44 6.48 6.33 6.11 5.95 5.61 5.45 5.26 5.03 4.77 4.47 4.16 3.82 3.48 3.13 2.78 3.14 5.17 4.70 5.23 4.71 4.64 2.84 1.77 1.44 0.68 0.22 0.00 0.00 0.00 0.00 0.00 0.00 0.00 0.00 0.00 0.00 0.00 0.00 0.00 0.00 0.00 0.00 0.00 0.00 0.00
0.68 0.97 1.63 2.93 3.86 4.18 5.26 6.49 7.67 6.91 6.17 4.91 5.09 4.95 5.70 6.76 8.32 7.74 7.22 7.27 7.68 8.76 8.54 7.68 7.41 6.70 6.81 7.79 7.47 7.05 6.29 6.19 5.80 5.65 5.45 5.21 4.94 4.63 4.31 3.96 3.60 3.24 2.88 2.52 2.59 5.76 8.28 7.39 4.74 3.16 1.64 1.18 0.56 0.41 0.00 0.00 0.00 0.00 0.00 0.00 0.00 0.00 0.00 0.00 0.29 0.28 0.00 0.00 0.00 0.00 0.00 0.00 0.00
0.61 0.78 0.97 2.38 2.90 3.56 4.69 6.33 6.90 7.12 5.73 5.62 5.29 4.53 5.17 6.66 7.38 7.05 7.03 7.31 7.29 8.10 7.23 7.70 7.50 6.86 7.45 8.59 9.20 7.18 7.20 6.25 5.96 5.80 5.60 5.35 5.07 4.76 4.42 4.07 3.70 3.33 2.95 2.58 2.39 2.97 7.72 6.29 4.77 2.92 2.43 1.18 1.01 0.32 0.19 0.00 0.00 0.00 0.16 0.00 0.24 0.00 0.00 0.23 0.29 0.25 0.00 0.00 0.00 0.00 0.00 0.00 0.00
0.62 0.75 0.98 1.77 2.30 2.68 4.75 5.13 5.98 7.00 6.34 5.80 5.05 5.13 5.38 6.43 6.58 6.47 6.93 7.60 7.40 7.34 7.23 7.27 6.96 7.21 8.31 8.89 9.04 8.60 7.23 6.81 6.07 5.91 5.70 5.45 5.17 4.85 4.51 4.14 3.77 3.38 3.00 2.62 2.26 3.00 2.34 5.06 4.77 3.59 2.44 2.10 1.12 0.70 0.00 0.00 0.00 0.00 0.19 0.19 0.31 0.31 0.17 0.39 0.36 0.00 0.00 0.00 0.00 0.00 0.00 0.00 0.00
0.58 0.66 0.94 1.34 1.83 2.54 3.35 4.38 5.67 6.16 6.23 6.56 6.14 5.49 5.16 5.45 6.12 6.45 6.91 7.34 7.29 6.74 6.47 7.32 7.49 7.24 8.07 10.05 9.90 9.32 7.60 6.95 6.46 6.06 5.88 5.69 5.43 5.06 4.55 4.18 3.80 3.41 3.02 2.64 2.27 4.75 3.75 2.89 3.76 3.34 3.08 1.92 0.83 0.58 0.38 0.00 0.00 0.00 0.27 0.31 0.37 0.37 0.56 0.76 0.26 0.22 0.34 0.00 0.00 0.00 0.00 0.00 0.00
0.54 0.66 0.84 1.13 1.33 2.06 3.12 4.06 5.30 5.36 6.17 6.59 6.29 5.31 5.84 5.87 5.98 6.43 6.79 7.68 7.14 7.11 6.41 7.14 7.59 7.45 7.96 10.43 9.99 9.36 9.70 6.76 6.56 6.16 5.99 5.78 5.81 5.35 4.81 4.18 3.79 3.40 3.01 2.63 2.26 1.90 2.16 2.60 2.23 3.01 2.80 2.68 1.73 0.50 0.27 0.22 0.17 0.23 0.35 0.35 0.60 0.88 0.71 0.79 0.73 0.24 0.19 0.00 0.00 0.00 0.00 0.00 0.00
0.50 0.63 0.74 1.00 1.22 1.42 1.48 2.98 3.62 4.31 6.57 7.01 5.96 5.74 6.31 5.18 5.28 7.20 7.61 8.05 7.67 7.37 6.28 6.64 7.16 7.48 8.19 8.33 10.47 11.29 9.62 9.12 6.39 6.20 6.36 6.84 6.03 5.86 4.63 4.25 3.75 3.36 2.97 2.59 2.22 1.87 1.54 2.28 2.03 1.77 2.81 3.29 1.72 1.05 0.25 0.20 0.18 0.37 0.46 0.65 0.78 1.27 1.82 0.72 0.64 0.95 0.00 0.00 0.00 0.00 0.00 0.00 0.00
0.39 0.55 0.68 0.88 1.03 1.16 1.37 2.52 3.34 4.44 5.70 7.08 5.34 5.01 6.20 5.87 5.33 6.92 8.09 7.68 8.32 6.91 7.13 6.56 7.29 7.50 7.77 9.18 10.91 13.97 11.26 7.99 6.54 6.40 7.26 7.33 6.90 5.58 5.17 4.15 3.81 3.29 2.90 2.53 2.16 1.81 1.48 1.18 1.97 2.33 2.57 2.86 2.01 0.76 0.56 0.24 0.29 0.34 0.76 1.07 1.74 1.71 2.26 2.71 0.93 1.00 0.97 0.00 0.00 0.00 0.00 0.00 0.00
0.38 0.45 0.65 0.85 0.91 0.97 1.44 1.59 3.60 4.57 5.67 5.85 4.96 5.41 5.93 6.08 5.55 6.80 8.02 9.45 10.19 8.16 7.05 6.61 6.66 7.04 7.49 10.55 11.27 15.61 14.03 6.77 6.56 6.88 6.51 7.04 7.31 6.24 4.89 4.52 3.71 3.33 2.80 2.43 2.07 1.73 1.41 1.11 1.06 2.74 2.20 1.97 1.74 1.48 0.48 0.39 0.37 0.54 1.00 1.48 2.69 3.83 2.67 3.23 2.91 0.99 0.88 0.68 0.00 0.00 0.00 0.00 0.00
0.37 0.43 0.50 0.70 0.83 0.89 1.50 2.14 4.37 4.92 5.61 4.81 3.96 5.32 5.69 5.29 6.92 7.81 9.15 10.60 9.30 8.79 6.47 6.54 6.45 6.68 8.05 8.44 12.48 12.97 11.55 10.29 6.24 5.82 6.73 6.59 7.22 6.46 4.70 4.31 3.78 3.21 2.82 2.31 1.97 1.63 1.32 1.04 1.05 0.72 2.43 2.50 2.82 1.68 0.52 0.32 0.57 1.05 1.63 3.85 3.72 5.75 8.00 2.80 2.71 2.95 0.74 0.38 0.40 0.00 0.00 0.00 0.00
0.36 0.41 0.48 0.56 0.65 0.75 0.96 2.57 3.75 5.29 4.52 4.68 3.51 4.60 6.20 5.23 4.79 8.85 10.03 10.72 10.63 7.93 6.98 5.98 6.20 6.47 7.44 8.94 11.70 13.12 10.08 8.31 6.07 5.90 6.39 6.45 6.11 5.84 5.31 4.02 3.78 3.00 2.65 2.17 1.84 1.52 1.22 0.94 0.82 0.82 0.72 3.00 3.15 1.99 1.90 0.50 0.77 1.02 3.17 5.08 9.34 7.98 8.39 8.12 3.05 2.74 2.25 0.41 0.25 0.00 0.00 0.00 0.00
0.35 0.40 0.46 0.53 0.61 0.71 1.01 2.66 3.35 5.63 4.96 3.43 3.85 4.24 5.59 5.10 4.69 7.48 10.22 11.11 11.29 7.45 7.40 5.54 5.71 6.29 7.14 8.81 9.46 11.81 10.02 5.98 5.61 5.72 5.68 6.02 6.20 5.74 4.95 4.52 3.48 3.02 2.44 2.01 1.69 1.38 1.10 0.84 0.60 0.90 0.81 0.89 3.18 3.08 1.26 1.15 1.21 2.35 3.69 8.24 12.85 14.98 8.09 6.48 4.19 1.97 1.28 0.79 0.00 0.00 0.00 0.00 0.00
0.33 0.38 0.43 0.50 0.58 0.66 1.11 2.27 3.03 3.94 4.01 2.79 3.01 4.34 4.42 4.41 4.57 4.76 11.26 11.32 9.44 8.65 5.97 5.95 6.11 6.84 7.59 7.17 7.71 9.20 7.65 6.79 5.06 4.91 5.44 5.63 6.51 6.15 4.57 4.00 3.51 2.76 2.42 1.82 1.52 1.24 0.97 0.72 0.50 1.23 1.25 1.03 3.34 3.30 0.85 0.94 4.29 7.34 10.56 15.23 16.67 14.20 4.89 3.07 1.65 0.67 0.44 0.48 0.00 0.00 0.00 0.00 0.00
0.32 0.36 0.41 0.47 0.54 0.62 1.04 2.48 2.81 3.06 2.75 2.59 4.09 4.17 4.02 4.23 4.27 7.04 7.01 6.70 6.11 5.88 6.40 6.41 6.39 6.91 7.22 6.45 6.33 5.90 5.47 4.81 5.03 5.62 5.58 5.69 5.27 5.04 4.05 3.72 2.80 2.48 2.18 1.63 1.35 1.08 0.83 0.60 0.40 0.22 1.10 1.44 1.83 2.44 1.85 1.14 1.61 10.30 13.66 15.25 14.19 9.62 6.38 1.80 1.45 1.31 0.44 0.46 0.24 0.00 0.00 0.00 0.00
0.30 0.34 0.38 0.43 0.50 0.57 1.12 2.00 2.09 2.16 2.31 2.66 3.18 3.52 3.67 4.13 4.46 5.25 5.24 4.64 4.61 4.68 7.02 5.92 5.12 5.23 5.56 5.41 5.26 5.09 4.43 4.26 5.15 4.89 5.85 5.88 4.92 4.66 4.13 3.10 2.84 2.25 1.92 1.42 1.16 0.91 0.68 0.48 0.29 0.00 0.00 1.79 1.69 1.94 2.03 1.44 2.42 5.21 14.88 18.10 13.52 5.12 2.87 2.47 1.39 1.04 1.06 0.20 0.00 0.00 0.00 0.00 0.00
0.28 0.32 0.35 0.40 0.45 0.52 0.96 0.94 1.62 1.70 1.82 2.42 2.34 3.43 3.60 4.49 5.32 4.91 4.38 3.63 3.76 4.05 5.40 4.95 4.37 4.56 4.84 4.85 4.42 4.27 3.97 3.75 3.63 4.71 4.90 5.37 4.94 3.92 3.51 2.80 2.57 2.27 1.61 1.21 0.97 0.74 0.54 0.35 0.18 0.00 0.00 0.00 2.75 2.14 1.91 1.72 4.34 6.82 10.20 14.66 10.38 4.88 2.46 2.43 2.50 1.02 0.91 0.93 0.00 0.00 0.00 0.00 0.00
0.27 0.29 0.33 0.37 0.41 0.47 0.73 0.79 1.61 1.71 1.68 1.81 2.04 2.54 3.54 4.65 5.29 4.34 4.06 3.04 3.02 3.25 3.18 4.32 4.20 4.25 4.32 4.16 4.05 3.49 3.40 3.37 3.33 4.63 4.65 4.87 4.01 4.04 3.13 2.84 2.13 2.01 1.31 0.99 0.78 0.57 0.39 0.22 0.00 0.00 0.00 0.51 0.76 3.33 5.01 1.57 1.67 10.86 12.04 11.23 5.83 3.76 2.95 2.59 2.50 2.77 0.94 0.70 0.42 0.00 0.00 0.00 0.00
0.25 0.27 0.30 0.33 0.37 0.42 0.47 0.65 1.12 1.31 1.42 1.44 1.97 2.20 4.48 5.39 6.69 5.08 3.53 2.94 2.70 2.60 2.64 3.15 3.36 3.58 4.02 3.86 3.41 3.25 2.87 2.86 2.90 2.86 4.71 4.63 3.87 3.30 2.74 2.53 2.49 1.86 1.40 0.78 0.59 0.41 0.24 0.00 0.00 0.00 0.00 0.59 1.22 4.09 3.32 1.58 2.29 3.67 11.03 7.60 5.72 2.59 3.32 4.18 3.14 2.63 2.38 0.36 0.34 0.00 0.00 0.00 0.00
0.23 0.25 0.27 0.30 0.33 0.37 0.41 0.46 0.65 1.00 1.01 1.14 1.57 2.42 5.60 5.76 6.26 5.75 2.80 2.82 2.18 2.24 2.40 2.42 3.05 3.11 3.55 3.29 2.80 2.78 2.49 2.47 2.59 4.43 5.11 3.38 2.98 2.59 2.31 2.44 2.66 2.60 0.98 0.57 0.40 0.24 0.00 0.00 0.00 0.00 0.00 0.00 1.34 1.30 2.66 1.56 3.20 4.78 6.79 4.71 3.79 2.69 4.73 4.82 4.62 2.41 1.59 1.08 0.00 0.00 0.00 0.00 0.00
