dati/cumulata_oraria_prisma_2018052807.txt
ncols        251
nrows        249
xllcorner         436000.00000
yllcorner        4918000.00000
cellsize           1000.00000
NODATA_value          -9999.00000
[rows 96 to 127 of 249, columns 73 to 145 of 251]
0.39 0.48 0.66 0.85 1.00 1.09 1.23 1.41 1.60 1.73 1.88 2.10 2.14 2.32 2.46 2.59 2.70 2.86 2.96 3.24 3.50 3.83 4.32 4.95 5.77 6.72 9.16 11.23 11.04 12.28 15.89 12.34 11.89 9.47 6.19 3.61 2.85 2.09 1.91 1.79 2.45 3.18 3.50 5.00 6.07 5.16 2.95 2.00 1.66 1.22 0.89 0.73 0.63 0.66 0.70 0.65 0.74 0.73 0.73 0.71 0.62 0.58 0.53 0.62 0.79 0.73 0.58 0.36 0.00 0.00 0.00 0.00 0.00
0.39 0.46 0.60 0.83 0.91 1.01 1.16 1.35 1.53 1.63 1.74 1.86 2.01 2.17 2.28 2.42 2.68 2.80 2.89 3.11 3.45 3.80 4.49 5.13 5.67 6.70 9.04 11.45 13.39 13.74 13.97 10.50 10.08 8.85 7.02 3.84 2.70 1.94 1.55 1.50 2.03 2.22 2.83 3.32 4.21 3.68 2.05 1.30 1.02 0.96 0.66 0.56 0.47 0.39 0.61 0.69 0.58 0.67 0.66 0.65 0.54 0.54 0.52 0.51 0.51 0.65 0.63 0.42 0.24 0.00 0.00 0.00 0.00
0.37 0.43 0.58 0.77 0.79 0.90 1.06 1.24 1.37 1.46 1.58 1.70 1.81 1.98 2.13 2.35 2.58 2.75 2.88 3.04 3.34 3.61 4.31 5.24 5.94 7.19 8.74 10.72 13.30 17.13 14.29 12.58 9.02 7.46 7.76 4.60 2.88 1.82 1.37 1.13 1.43 1.39 1.53 2.69 3.28 1.99 1.53 0.91 0.72 0.53 0.42 0.34 0.28 0.36 0.56 0.55 0.46 0.47 0.51 0.57 0.48 0.58 0.65 0.80 0.58 0.62 0.60 0.42 0.27 0.00 0.00 0.00 0.00
0.35 0.43 0.53 0.62 0.71 0.81 0.92 1.08 1.20 1.30 1.40 1.52 1.71 1.86 1.99 2.20 2.54 2.73 2.90 3.04 3.24 3.60 4.40 5.21 6.86 7.54 9.09 11.55 12.73 16.79 17.16 11.67 7.89 5.55 5.93 3.90 2.91 1.88 1.19 1.02 0.99 0.98 1.31 2.47 2.55 1.43 1.04 0.75 0.53 0.37 0.22 0.00 0.00 0.34 0.49 0.40 0.34 0.40 0.52 0.46 0.49 0.53 0.61 0.68 0.69 0.66 0.67 0.40 0.17 0.00 0.00 0.00 0.00
0.35 0.41 0.49 0.57 0.65 0.75 0.87 0.95 1.07 1.18 1.29 1.41 1.56 1.72 1.93 2.12 2.46 2.70 2.85 3.07 3.28 3.70 4.21 5.23 7.25 8.33 9.08 10.72 12.87 18.31 18.72 10.48 8.57 5.59 4.56 2.91 2.51 1.62 1.12 0.95 0.78 0.84 0.84 1.28 1.89 1.02 0.76 0.60 0.39 0.22 0.00 0.00 0.00 0.00 0.55 0.42 0.31 0.34 0.53 0.48 0.48 0.54 0.55 0.65 0.63 0.60 0.48 0.29 0.00 0.00 0.00 0.00 0.00
0.35 0.41 0.48 0.54 0.62 0.72 0.81 0.92 1.01 1.11 1.23 1.33 1.47 1.66 1.87 2.08 2.36 2.59 2.78 3.03 3.27 3.77 4.37 5.39 6.73 8.57 9.02 10.51 12.42 16.83 18.50 11.69 9.35 6.02 4.82 2.77 2.00 1.50 1.09 0.91 0.74 0.58 0.57 1.01 1.50 1.06 0.52 0.47 0.33 0.00 0.00 0.00 0.00 0.00 0.51 0.56 0.28 0.34 0.40 0.46 0.49 0.55 0.54 0.53 0.58 0.55 0.39 0.29 0.00 0.00 0.00 0.00 0.00
0.35 0.40 0.46 0.53 0.60 0.68 0.79 0.88 0.96 1.07 1.18 1.31 1.45 1.64 1.81 2.02 2.25 2.51 2.72 2.90 3.36 3.83 4.17 5.22 6.81 8.83 9.13 10.10 13.53 14.20 16.94 13.83 9.94 8.37 4.23 2.45 1.75 1.40 1.08 0.90 0.73 0.57 0.42 0.46 0.80 0.73 0.44 0.25 0.21 0.00 0.00 0.00 0.00 0.00 0.79 0.85 0.98 0.61 0.34 0.42 0.49 0.49 0.50 0.47 0.41 0.35 0.28 0.23 0.00 0.00 0.00 0.00 0.00
0.34 0.00 0.00 0.51 0.58 0.69 0.77 0.86 0.95 1.06 1.18 1.31 1.46 1.61 1.79 2.01 2.19 2.40 2.62 2.91 3.20 3.70 4.12 5.48 7.64 9.07 9.17 9.57 11.94 13.03 15.25 14.64 12.36 11.39 4.47 2.33 1.66 1.29 1.10 0.92 0.74 0.58 0.42 0.28 0.51 0.54 0.39 0.25 0.00 0.00 0.00 0.00 0.00 0.41 1.35 2.13 1.69 0.66 0.71 0.72 0.56 0.47 0.45 0.43 0.28 0.27 0.00 0.00 0.00 0.00 0.00 0.00 0.00
0.00 0.00 0.00 0.53 0.60 0.68 0.77 0.85 0.95 1.07 1.21 1.35 1.50 1.66 1.86 2.04 2.22 2.51 2.72 2.93 3.51 4.29 4.90 7.07 8.77 9.50 9.42 10.48 12.00 13.11 17.13 17.35 12.17 4.90 2.34 1.91 1.53 1.34 1.15 0.96 0.78 0.61 0.45 0.31 0.49 0.43 0.35 0.19 0.00 0.00 0.34 0.41 0.30 1.51 2.36 2.31 2.03 1.76 0.68 0.52 0.41 0.35 0.32 0.19 0.00 0.00 0.00 0.00 0.00 0.00 0.00 0.00 0.00
0.00 0.00 0.00 0.00 0.58 0.66 0.76 0.85 0.96 1.09 1.23 1.36 1.51 1.69 1.88 2.05 2.28 2.48 2.70 2.99 3.29 3.79 4.66 6.53 8.50 9.43 9.58 9.26 10.78 12.32 18.88 20.45 12.53 4.89 2.37 1.96 1.60 1.41 1.22 1.03 0.84 0.67 0.51 0.36 0.22 0.42 0.25 0.19 0.00 0.54 0.80 0.83 0.66 1.98 3.36 3.72 2.68 2.58 2.03 0.96 0.45 0.25 0.29 0.22 0.00 0.00 0.00 0.00 0.00 0.00 0.00 0.00 0.00
0.00 0.00 0.00 0.00 0.58 0.67 0.76 0.85 0.95 1.07 1.22 1.37 1.55 1.71 1.88 2.14 2.32 2.50 2.69 3.01 3.22 3.70 4.61 5.43 7.80 8.71 8.79 8.87 9.30 12.35 17.30 17.25 11.69 4.70 2.61 2.09 1.70 1.50 1.31 1.11 0.92 0.75 0.58 0.42 0.29 0.39 0.37 0.30 0.19 0.58 0.97 1.41 0.59 1.03 2.44 3.38 3.16 3.92 2.57 0.80 0.43 0.28 0.28 0.00 0.00 0.00 0.00 0.00 0.00 0.00 0.00 0.00 0.00
0.00 0.00 0.00 0.00 0.58 0.68 0.76 0.85 0.95 1.06 1.19 1.37 1.55 1.71 1.93 2.12 2.36 2.56 2.74 3.00 3.31 3.51 4.18 5.36 6.59 8.16 8.31 8.34 8.23 11.24 16.23 13.70 8.00 3.82 2.56 2.20 1.81 1.61 1.41 1.22 1.02 0.84 0.67 0.51 0.36 0.42 0.37 0.31 0.00 1.05 1.24 1.85 1.29 1.13 1.96 2.48 2.64 3.92 2.74 1.34 0.59 0.29 0.26 0.00 0.00 0.00 0.00 0.00 0.00 0.00 0.00 0.00 0.00
0.00 0.00 0.00 0.00 0.00 0.66 0.74 0.83 0.94 1.05 1.19 1.35 1.52 1.78 1.96 2.16 2.39 2.62 2.81 3.02 3.28 3.72 4.03 4.98 5.76 6.83 8.08 7.43 7.49 7.61 11.38 9.24 5.09 3.30 2.69 2.28 1.93 1.73 1.53 1.33 1.14 0.95 0.77 0.60 0.45 0.32 0.42 0.28 0.18 0.51 1.36 2.16 1.35 0.67 0.82 1.86 1.99 2.53 2.03 1.03 0.66 0.38 0.22 0.00 0.00 0.00 0.00 0.00 0.17 0.19 0.00 0.00 0.00
0.00 0.00 0.00 0.00 0.59 0.66 0.75 0.85 0.93 1.05 1.21 1.36 1.56 1.74 1.97 2.19 2.41 2.65 2.86 3.05 3.20 3.57 4.15 5.04 5.87 6.34 7.29 6.99 6.80 5.89 5.28 5.49 3.80 3.16 2.74 2.40 2.06 1.86 1.66 1.46 1.26 1.07 0.88 0.71 0.55 0.41 0.28 0.17 0.16 0.47 1.85 2.50 1.80 0.95 0.78 1.13 1.37 2.05 1.68 1.25 0.63 0.32 0.18 0.00 0.00 0.00 0.00 0.00 0.22 0.00 0.00 0.00 0.00
0.00 0.00 0.00 0.00 0.00 0.67 0.75 0.84 0.00 0.00 1.19 1.36 1.53 1.71 1.90 2.19 2.47 2.65 2.85 3.04 3.23 3.45 4.25 5.07 5.58 6.28 6.61 6.45 6.07 5.37 3.78 3.94 3.40 2.99 2.79 2.38 2.19 1.99 1.79 1.58 1.38 1.19 1.00 0.82 0.66 0.51 0.38 0.26 0.00 0.48 0.96 2.75 2.23 0.51 0.41 0.73 1.42 1.43 1.44 0.91 0.52 0.32 0.00 0.00 0.00 0.00 0.00 0.00 0.27 0.17 0.00 0.00 0.00
0.00 0.00 0.00 0.00 0.00 0.00 0.00 0.00 0.00 0.00 0.00 1.33 1.51 1.70 1.94 2.14 2.41 2.66 2.85 3.01 3.23 3.50 3.89 4.66 5.18 6.01 6.36 6.16 5.92 5.27 3.85 3.34 3.17 2.97 2.78 2.50 2.31 2.12 1.91 1.71 1.51 1.31 1.26 1.04 0.77 0.61 0.47 0.35 0.24 0.28 1.21 2.82 2.31 1.17 0.50 0.65 0.93 1.08 1.41 1.01 0.88 0.38 0.00 0.00 0.00 0.21 0.16 0.25 0.28 0.00 0.00 0.00 0.22
0.00 0.00 0.00 0.00 0.00 0.00 0.00 0.00 0.00 0.00 0.00 1.33 1.49 1.64 1.87 2.15 2.39 2.63 2.83 2.98 3.17 3.53 3.77 4.16 4.88 5.06 5.61 5.31 5.35 4.48 3.75 3.38 3.23 3.05 2.79 2.62 2.43 2.24 2.03 1.83 1.62 1.54 1.40 1.19 1.00 0.87 0.57 0.44 0.32 0.59 0.98 2.43 2.94 1.28 0.40 0.35 1.14 1.09 1.03 1.21 0.68 0.35 0.19 0.00 0.23 0.54 0.60 0.38 0.30 0.22 0.28 0.47 0.27
0.00 0.00 0.00 0.00 0.00 0.00 0.00 0.00 0.00 0.00 0.00 0.00 1.48 1.65 1.84 2.09 2.39 2.64 2.83 3.01 3.21 3.45 3.64 3.88 4.21 4.44 4.39 4.72 4.86 4.21 3.69 3.49 3.33 3.16 2.88 2.72 2.53 2.34 2.14 1.93 1.85 1.72 1.56 1.36 1.21 0.99 0.80 0.52 0.47 0.54 1.66 1.91 2.12 1.19 0.51 0.54 0.93 0.94 1.07 1.29 0.96 0.79 0.00 0.21 0.46 0.66 0.61 0.47 0.48 0.35 0.32 0.40 0.46
0.00 0.00 0.00 0.00 0.00 0.00 0.00 0.00 0.00 0.00 0.00 0.00 0.00 1.64 1.82 2.00 2.32 2.58 2.77 3.00 3.27 3.25 3.41 3.64 3.71 3.85 3.81 4.13 4.23 4.00 3.63 3.55 3.41 3.23 3.05 2.80 2.62 2.43 2.23 2.17 2.01 1.87 1.70 1.57 1.35 1.14 0.94 0.74 0.66 0.70 0.77 0.65 1.34 0.95 0.37 0.43 1.00 0.93 0.87 1.49 0.76 0.49 0.23 0.36 0.65 0.98 1.76 1.63 0.56 0.32 0.00 0.00 0.36
0.00 0.00 0.00 0.00 0.00 0.00 0.00 0.00 0.00 0.00 0.00 0.00 0.00 0.00 0.00 1.99 2.20 2.43 2.69 2.98 3.03 3.20 3.34 3.47 3.62 3.71 3.83 3.85 3.90 3.78 3.69 3.57 3.48 3.32 3.16 2.99 2.78 2.61 2.45 2.27 2.15 2.02 1.83 1.68 1.47 1.28 1.08 0.99 0.83 0.78 0.65 0.68 0.96 0.88 0.39 0.45 0.92 0.89 1.05 1.29 0.80 0.54 0.23 0.42 0.48 0.70 1.81 2.00 1.95 1.45 0.00 0.00 0.00
0.00 0.00 0.00 0.00 0.00 0.00 0.00 0.00 0.00 0.00 0.00 0.00 0.00 0.00 0.00 0.00 0.00 2.34 2.53 2.79 2.96 3.12 3.26 3.38 3.55 3.67 3.79 3.86 3.86 3.78 3.77 3.63 3.48 3.35 3.21 3.03 2.86 2.68 2.55 2.36 2.20 2.05 1.89 1.79 1.58 1.42 1.31 1.07 1.03 0.96 0.65 0.57 0.66 0.51 0.38 0.38 0.47 0.73 0.86 0.87 0.72 0.48 0.40 0.26 0.62 0.80 1.40 3.10 1.72 1.05 0.49 0.00 0.23
0.00 0.00 0.00 0.00 0.00 0.00 0.00 0.00 0.00 0.00 0.00 0.00 0.00 0.00 0.00 0.00 0.00 0.00 2.47 2.69 2.86 3.04 3.18 3.35 3.47 3.62 3.78 3.84 3.82 3.79 3.73 3.61 3.48 3.37 3.23 3.09 2.92 2.74 2.59 2.38 2.23 2.13 2.00 1.81 1.69 1.55 1.38 1.27 1.19 1.04 0.98 0.70 0.60 0.54 0.51 0.44 0.57 0.55 0.63 0.80 0.63 0.64 0.40 0.33 0.61 1.22 2.27 3.42 3.24 2.66 0.45 0.16 0.00
0.00 0.00 0.00 0.00 0.00 0.00 0.00 0.00 0.00 0.00 0.00 0.00 0.00 0.00 0.00 0.00 0.00 0.00 0.00 0.00 2.76 2.94 3.11 3.25 3.40 3.54 3.67 3.75 3.78 3.73 3.65 3.55 3.46 3.36 3.25 3.11 2.92 2.78 2.63 2.39 2.29 2.16 1.99 1.83 1.76 1.67 1.54 1.43 1.28 1.29 0.99 1.00 0.70 0.72 0.58 0.49 0.52 0.47 0.62 0.73 0.82 0.50 0.41 0.37 0.73 1.23 1.54 2.11 2.84 2.46 1.21 0.50 0.00
0.00 0.00 0.00 0.00 0.00 0.00 0.00 0.00 0.00 0.00 0.00 0.00 0.00 0.00 0.00 0.00 0.00 0.00 0.00 0.00 0.00 2.84 3.00 3.14 3.28 3.44 3.58 3.62 3.67 3.65 3.56 3.48 3.40 3.34 3.24 3.10 2.92 2.81 2.64 2.38 2.26 2.17 2.04 1.91 1.82 1.78 1.60 1.51 1.42 1.39 1.38 1.20 0.97 0.87 0.82 0.68 0.54 0.51 0.64 0.80 0.73 0.67 0.52 0.53 0.68 1.20 1.91 2.70 2.94 2.17 0.74 0.36 0.00
0.00 0.00 0.00 0.00 0.00 0.00 0.00 0.00 0.00 0.00 0.00 0.00 0.00 0.00 0.00 0.00 0.00 0.00 0.00 0.00 0.00 2.70 2.83 2.99 3.14 3.32 3.41 3.42 3.50 3.54 3.45 3.41 3.35 3.25 3.17 3.04 2.95 2.81 2.56 2.43 2.27 2.13 2.00 1.92 1.81 1.83 1.66 1.60 1.65 1.68 1.57 1.44 1.17 1.20 0.95 0.64 0.65 0.64 0.79 1.04 0.98 0.68 0.66 0.76 0.94 1.60 2.40 3.09 2.65 1.97 1.01 0.64 0.00
0.00 0.00 0.00 0.00 0.00 0.00 0.00 0.00 0.00 0.00 0.00 0.00 0.00 0.00 0.00 0.00 0.00 0.00 0.00 0.00 0.00 2.56 2.69 2.83 2.98 3.12 3.20 3.27 3.31 3.34 3.32 3.33 3.23 3.13 3.03 2.99 2.90 2.72 2.53 2.35 2.23 2.09 1.98 1.95 1.88 1.85 1.78 1.66 2.05 1.89 2.07 1.90 1.70 1.16 0.96 0.78 0.79 0.90 1.10 1.13 1.22 1.20 0.81 0.87 0.97 1.14 2.79 3.37 3.05 1.38 0.81 0.52 0.33
0.00 0.00 0.00 0.00 0.00 0.00 0.00 0.00 0.00 0.00 0.00 0.00 0.00 0.00 0.00 0.00 0.00 0.00 0.00 0.00 0.00 2.29 2.51 2.65 2.81 2.91 2.98 3.10 3.15 3.17 3.14 3.13 3.07 3.01 2.90 2.92 2.82 2.66 2.42 2.28 2.15 2.06 2.01 1.96 1.93 1.95 1.87 2.02 2.13 2.31 2.23 2.15 1.69 1.40 1.01 1.01 1.07 1.13 1.29 1.57 1.43 1.17 1.05 1.14 1.06 1.33 2.20 3.16 2.62 1.46 0.57 0.48 0.25
0.00 0.00 0.00 0.00 0.00 0.00 0.00 0.00 0.00 0.00 0.00 0.00 0.00 0.00 0.00 0.00 0.00 0.00 0.00 0.00 0.00 2.15 2.27 2.49 2.63 2.72 2.81 2.88 2.94 2.96 2.98 2.96 2.91 2.86 2.81 2.78 2.70 2.48 2.35 2.23 2.14 2.03 1.96 1.90 1.95 1.90 1.91 2.28 2.29 2.43 2.41 2.52 2.16 1.26 1.07 1.11 1.16 1.45 1.57 1.69 1.65 1.43 1.13 1.23 1.33 1.56 2.63 3.54 3.60 1.02 0.44 0.28 0.24
0.00 0.00 0.00 0.00 0.00 0.00 0.00 0.00 0.00 0.00 0.00 0.00 0.00 0.00 0.00 0.00 0.00 0.00 0.00 0.00 0.00 1.99 2.10 2.31 2.43 2.54 2.62 2.66 2.73 2.75 2.76 2.73 2.70 2.68 2.66 2.65 2.49 2.32 2.19 2.08 2.01 1.93 1.90 2.00 1.95 2.09 2.02 2.31 2.44 2.58 2.52 2.54 1.95 1.65 1.31 1.20 1.44 1.41 1.80 1.83 1.68 1.38 1.29 1.38 1.47 1.56 2.12 3.73 3.11 1.49 0.53 0.26 0.00
0.00 0.00 0.00 0.00 0.00 0.00 0.00 0.00 0.00 0.00 0.00 0.00 0.00 0.00 0.00 0.00 0.00 0.00 0.00 0.00 0.00 1.83 1.93 2.13 2.24 2.33 2.41 2.46 2.50 2.51 2.51 2.50 2.50 2.49 2.44 2.41 2.30 2.13 1.98 1.95 1.89 1.86 1.87 1.81 1.99 2.06 2.20 2.38 2.37 2.65 2.65 2.41 2.27 1.58 1.34 1.47 1.57 1.75 1.87 1.89 1.85 1.79 1.34 1.46 1.73 1.81 2.75 4.03 4.58 0.97 0.41 0.16 0.00
0.00 0.00 0.00 0.00 0.00 0.00 0.00 0.00 0.00 0.00 0.00 0.00 0.00 0.00 0.00 0.00 0.00 0.00 0.00 0.00 1.56 1.66 1.75 1.84 2.05 2.14 2.18 2.24 2.27 2.30 2.28 2.25 2.26 2.22 2.23 2.18 2.05 1.92 1.83 1.74 1.77 1.81 1.85 1.90 2.06 2.11 2.30 2.35 2.41 2.29 2.53 2.57 2.31 2.00 1.55 1.46 1.50 1.78 1.91 1.84 1.87 1.82 1.80 1.67 1.93 1.91 1.91 4.37 3.87 1.79 0.50 0.18 0.17
0.00 0.00 0.00 0.00 0.00 0.00 0.00 0.00 0.00 0.00 0.00 0.00 0.00 0.00 0.00 0.00 0.00 0.00 0.00 0.00 1.40 1.49 1.57 1.65 1.83 1.90 1.97 2.02 2.04 2.05 2.02 2.02 2.00 2.01 1.97 1.92 1.87 1.74 1.66 1.62 1.60 1.71 1.84 1.83 2.16 2.35 2.42 2.16 2.12 2.14 2.02 2.31 2.45 1.88 1.62 1.42 1.61 1.64 1.75 1.90 2.00 2.07 1.77 1.74 2.00 1.95 2.35 3.24 3.71 1.05 0.48 0.19 0.18
