dati/cumulata_oraria_prisma_2018052806.txt
ncols        251
nrows        249
xllcorner         436000.00000
yllcorner        4918000.00000
cellsize           1000.00000
NODATA_value          -9999.00000
[rows 32 to 63 of 249, columns 73 to 145 of 251]
-9999.00 -9999.00 -9999.00 -9999.00 -9999.00 -9999.00 -9999.00 -9999.00 -9999.00 -9999.00 -9999.00 -9999.00 -9999.00 0.66 1.01 1.11 1.56 1.59 2.20 2.07 1.58 1.48 1.19 1.09 0.90 0.87 0.87 0.92 0.96 0.96 0.95 -9999.00 -9999.00 -9999.00 -9999.00 -9999.00 -9999.00 -9999.00 -9999.00 -9999.00 -9999.00 -9999.00 -9999.00 -9999.00 -9999.00 -9999.00 -9999.00 -9999.00 -9999.00 -9999.00 -9999.00 -9999.00 -9999.00 -9999.00 0.57 0.59 0.62 0.64 0.67 0.69 0.71 0.72 0.74 0.75 0.75 0.75 0.75 0.74 -9999.00 -9999.00 -9999.00 -9999.00 -9999.00
-9999.00 -9999.00 -9999.00 -9999.00 -9999.00 -9999.00 -9999.00 -9999.00 -9999.00 -9999.00 -9999.00 -9999.00 -9999.00 -9999.00 1.19 1.61 1.68 1.38 2.22 2.15 1.68 1.62 1.43 1.17 1.00 0.95 0.94 0.97 1.01 1.02 1.03 -9999.00 -9999.00 -9999.00 -9999.00 -9999.00 -9999.00 -9999.00 -9999.00 -9999.00 -9999.00 -9999.00 -9999.00 -9999.00 -9999.00 -9999.00 -9999.00 0.46 0.47 0.47 -9999.00 -9999.00 0.51 0.53 0.55 0.57 0.60 0.62 0.64 0.66 0.68 0.69 0.71 0.71 0.72 0.72 0.72 0.71 -9999.00 -9999.00 -9999.00 -9999.00 -9999.00
-9999.00 -9999.00 -9999.00 -9999.00 -9999.00 -9999.00 -9999.00 -9999.00 -9999.00 -9999.00 -9999.00 -9999.00 -9999.00 -9999.00 1.51 1.65 1.71 2.11 1.98 1.76 1.97 1.70 1.47 1.23 1.15 1.01 0.99 1.01 1.04 1.07 1.11 -9999.00 -9999.00 -9999.00 -9999.00 -9999.00 -9999.00 -9999.00 -9999.00 -9999.00 -9999.00 -9999.00 -9999.00 -9999.00 -9999.00 -9999.00 -9999.00 0.48 0.48 0.48 0.49 0.49 0.51 0.52 0.53 0.55 0.57 0.59 0.61 0.63 0.64 0.66 0.67 0.68 0.68 0.68 0.68 0.67 -9999.00 -9999.00 -9999.00 -9999.00 -9999.00
-9999.00 -9999.00 -9999.00 -9999.00 -9999.00 -9999.00 -9999.00 -9999.00 -9999.00 -9999.00 -9999.00 -9999.00 -9999.00 -9999.00 1.44 1.84 2.15 2.42 2.11 1.86 1.93 1.76 1.58 1.63 1.32 1.13 1.10 1.09 1.15 1.16 1.22 1.23 -9999.00 -9999.00 -9999.00 -9999.00 -9999.00 -9999.00 -9999.00 -9999.00 -9999.00 -9999.00 -9999.00 -9999.00 -9999.00 -9999.00 0.50 0.49 0.49 0.48 0.48 0.49 0.49 0.50 0.51 0.53 0.54 0.56 0.57 0.59 0.60 0.62 0.63 0.63 0.64 0.64 0.64 0.63 -9999.00 -9999.00 -9999.00 -9999.00 -9999.00
-9999.00 -9999.00 -9999.00 -9999.00 -9999.00 -9999.00 -9999.00 -9999.00 -9999.00 -9999.00 -9999.00 -9999.00 -9999.00 -9999.00 2.07 1.80 2.30 2.32 2.00 1.89 1.84 1.94 1.81 1.69 1.43 1.30 1.21 1.20 1.24 1.27 1.29 1.29 1.34 -9999.00 -9999.00 -9999.00 -9999.00 -9999.00 -9999.00 -9999.00 -9999.00 -9999.00 -9999.00 -9999.00 -9999.00 -9999.00 0.52 0.50 0.49 0.49 0.48 0.48 0.48 0.49 0.49 0.62 0.67 0.67 0.69 0.70 0.56 0.57 0.58 0.59 0.59 0.59 0.59 0.59 0.58 -9999.00 -9999.00 -9999.00 -9999.00
-9999.00 -9999.00 -9999.00 -9999.00 -9999.00 -9999.00 -9999.00 -9999.00 -9999.00 -9999.00 -9999.00 -9999.00 -9999.00 1.53 2.09 2.30 2.44 2.19 2.07 2.16 2.31 2.13 1.96 1.80 1.54 1.55 1.38 1.37 1.36 1.41 1.39 1.33 1.29 1.18 -9999.00 -9999.00 -9999.00 -9999.00 -9999.00 -9999.00 -9999.00 -9999.00 -9999.00 -9999.00 -9999.00 -9999.00 -9999.00 0.52 0.50 0.49 0.48 0.47 0.47 0.47 0.57 0.60 0.64 0.70 0.70 0.72 0.69 0.65 0.53 0.54 0.54 0.55 0.54 0.54 0.54 -9999.00 -9999.00 -9999.00 -9999.00
-9999.00 -9999.00 -9999.00 -9999.00 -9999.00 -9999.00 -9999.00 -9999.00 -9999.00 -9999.00 -9999.00 -9999.00 -9999.00 1.66 1.45 2.34 2.44 2.21 2.17 2.52 2.53 2.12 2.01 1.96 1.95 1.71 1.56 1.53 1.44 1.41 1.39 1.39 1.39 1.30 1.15 1.09 -9999.00 -9999.00 -9999.00 -9999.00 -9999.00 -9999.00 0.89 0.85 -9999.00 -9999.00 0.55 0.53 0.51 0.49 0.48 0.47 0.46 0.54 0.58 0.58 0.62 0.67 0.71 0.71 0.66 0.65 0.62 0.49 0.49 0.49 0.49 0.49 0.49 -9999.00 -9999.00 -9999.00 -9999.00
-9999.00 -9999.00 -9999.00 -9999.00 -9999.00 -9999.00 -9999.00 -9999.00 -9999.00 -9999.00 -9999.00 -9999.00 1.90 1.59 2.00 1.99 2.27 2.33 2.70 2.70 2.60 2.48 2.27 2.17 2.31 1.94 1.79 1.69 1.50 1.44 1.46 1.49 1.50 1.43 1.35 1.28 1.33 1.14 1.11 1.07 -9999.00 0.99 1.02 0.98 0.86 0.75 0.56 0.54 0.51 0.49 0.47 0.46 0.55 0.56 0.57 0.55 0.60 0.64 0.67 0.72 0.71 0.64 0.60 0.44 0.44 0.44 0.44 0.44 0.44 -9999.00 -9999.00 -9999.00 -9999.00
-9999.00 -9999.00 -9999.00 -9999.00 -9999.00 -9999.00 -9999.00 -9999.00 -9999.00 -9999.00 -9999.00 -9999.00 2.07 2.30 2.16 2.06 2.14 2.62 2.64 2.76 2.71 3.01 2.48 2.33 2.58 2.25 1.80 1.66 1.57 1.54 1.59 1.59 1.70 1.58 1.52 1.41 1.54 1.26 1.29 1.18 1.17 1.10 1.06 0.99 0.94 0.82 0.72 0.54 0.52 0.49 0.47 0.57 0.56 0.56 0.55 0.54 0.58 0.59 0.61 0.64 0.67 0.63 0.57 0.52 0.39 0.39 0.39 0.39 0.39 0.38 0.38 -9999.00 -9999.00
-9999.00 -9999.00 -9999.00 -9999.00 -9999.00 -9999.00 -9999.00 -9999.00 -9999.00 -9999.00 -9999.00 3.66 1.99 2.41 2.08 2.25 2.07 2.58 2.98 3.49 3.54 3.37 3.15 2.66 2.27 2.22 1.96 1.79 1.98 1.79 1.76 1.83 1.83 1.70 1.52 1.42 1.59 1.57 1.44 1.36 1.28 1.23 1.14 1.08 0.97 0.87 0.76 0.68 0.63 0.59 0.59 0.61 0.59 0.59 0.61 0.57 0.59 0.59 0.59 0.61 0.63 0.61 0.57 0.52 0.48 0.35 0.34 0.34 0.34 0.34 0.33 0.33 0.32
-9999.00 -9999.00 -9999.00 -9999.00 -9999.00 -9999.00 -9999.00 -9999.00 -9999.00 -9999.00 2.91 4.86 4.85 2.31 2.16 2.22 2.19 2.40 3.53 3.86 4.07 3.85 3.18 2.65 2.31 2.31 2.47 2.32 2.53 2.22 2.07 1.94 1.84 1.62 1.51 1.52 1.53 1.44 1.48 1.46 1.36 1.35 1.23 1.15 0.98 0.91 0.83 0.74 0.68 0.61 0.60 0.62 0.64 0.62 0.62 0.61 0.60 0.62 0.57 0.60 0.63 0.63 0.57 0.51 0.46 0.44 0.30 0.30 0.30 0.29 0.29 0.28 0.28
-9999.00 -9999.00 -9999.00 -9999.00 -9999.00 -9999.00 -9999.00 -9999.00 -9999.00 -9999.00 3.05 4.07 3.82 2.68 2.18 2.24 2.35 2.61 3.04 4.26 4.63 3.19 2.88 2.96 2.91 2.92 3.41 3.07 3.01 2.45 2.16 1.94 1.84 1.63 1.49 1.51 1.48 1.46 1.42 1.45 1.38 1.34 1.29 1.17 1.07 0.93 0.84 0.77 0.72 0.65 0.60 0.61 0.63 0.64 0.64 0.62 0.62 0.70 0.66 0.60 0.57 0.58 0.59 0.51 0.48 0.42 0.42 0.39 0.35 0.25 0.25 0.24 0.24
-9999.00 -9999.00 -9999.00 -9999.00 -9999.00 -9999.00 -9999.00 -9999.00 -9999.00 -9999.00 2.76 3.43 2.95 2.55 2.46 2.53 2.81 2.84 3.34 3.90 3.46 3.65 3.51 4.25 4.33 3.99 3.85 3.43 3.06 2.56 2.18 1.84 1.72 1.59 1.52 1.59 1.55 1.51 1.49 1.52 1.43 1.38 1.35 1.21 1.08 0.95 0.86 0.78 0.74 0.71 0.58 0.61 0.60 0.61 0.62 0.67 0.66 0.64 0.65 0.61 0.56 0.60 0.61 0.60 0.57 0.52 0.43 0.38 0.39 0.37 0.34 0.21 0.20
-9999.00 -9999.00 -9999.00 -9999.00 -9999.00 -9999.00 -9999.00 -9999.00 -9999.00 -9999.00 2.33 2.83 2.68 2.52 2.78 2.54 2.96 2.82 2.65 2.97 3.63 5.42 5.24 5.79 5.25 4.18 3.78 3.37 2.95 2.37 2.12 1.92 1.71 1.54 1.58 1.62 1.62 1.54 1.49 1.50 1.44 1.38 1.30 1.25 1.11 1.02 0.88 0.80 0.76 0.72 0.62 0.61 0.59 0.59 0.56 0.59 0.63 0.63 0.65 0.63 0.65 0.67 0.69 0.63 0.64 0.56 0.50 0.48 0.44 0.36 0.33 0.32 0.31
-9999.00 -9999.00 -9999.00 -9999.00 -9999.00 -9999.00 -9999.00 -9999.00 1.66 1.93 2.55 2.72 2.64 2.75 3.02 3.39 2.77 2.90 3.08 3.88 4.35 6.89 6.58 6.62 5.65 4.83 3.73 3.22 2.86 2.59 2.31 2.04 1.73 1.65 1.93 1.73 1.70 1.60 1.50 1.48 1.48 1.43 1.30 1.30 1.17 1.07 0.91 0.82 0.73 0.70 0.65 0.61 0.57 0.55 0.53 0.57 0.63 0.65 0.73 0.73 0.75 0.75 0.84 0.85 0.69 0.63 0.59 0.52 0.44 0.35 0.30 0.33 0.30
-9999.00 -9999.00 -9999.00 -9999.00 -9999.00 -9999.00 -9999.00 -9999.00 1.77 2.12 2.61 2.48 2.49 2.95 3.02 3.08 3.16 3.21 3.92 4.88 5.29 7.33 6.57 6.10 5.37 4.36 3.65 3.02 2.99 2.76 2.46 2.18 1.94 1.66 2.29 1.87 1.74 1.67 1.56 1.51 1.49 1.43 1.33 1.32 1.18 1.05 0.93 0.87 0.77 0.73 0.69 0.63 0.59 0.56 0.55 0.55 0.60 0.70 0.78 0.83 0.86 0.89 0.93 0.85 0.67 0.62 0.55 0.53 0.44 0.36 0.27 0.26 0.25
-9999.00 -9999.00 -9999.00 -9999.00 -9999.00 -9999.00 -9999.00 1.52 1.66 2.10 2.32 2.69 2.54 2.66 3.22 3.42 4.00 3.78 4.43 4.88 5.03 5.01 5.70 5.15 5.00 4.67 4.18 3.40 3.33 3.30 2.66 2.29 2.17 1.89 2.40 2.30 1.89 1.75 1.64 1.51 1.49 1.47 1.35 1.23 1.31 1.17 1.03 0.95 0.87 0.78 0.74 0.68 0.63 0.59 0.57 0.58 0.64 0.78 0.91 0.84 0.85 0.84 0.88 0.92 0.74 0.63 0.53 0.51 0.45 0.36 0.26 0.24 0.23
-9999.00 -9999.00 -9999.00 -9999.00 -9999.00 -9999.00 1.83 1.74 1.87 1.85 2.15 2.44 2.64 2.98 3.72 4.17 4.57 5.14 4.52 4.72 4.46 4.27 5.84 5.61 5.63 5.48 4.74 4.16 3.63 3.90 3.35 2.61 2.32 2.30 2.51 2.50 2.21 1.85 2.14 1.89 1.67 1.48 1.41 1.34 1.42 1.39 1.26 1.11 1.00 0.89 0.80 0.72 0.70 0.64 0.60 0.59 0.61 0.70 0.80 0.86 0.92 0.88 0.96 0.95 0.79 0.64 0.51 0.51 0.45 0.37 0.26 0.21 0.20
-9999.00 -9999.00 -9999.00 -9999.00 -9999.00 -9999.00 1.58 1.80 1.87 1.66 1.88 2.38 2.72 3.55 4.11 4.09 4.78 4.82 4.44 4.24 4.04 4.26 4.80 6.16 6.42 6.52 5.86 4.37 4.28 4.61 4.17 3.31 3.04 3.11 3.13 5.45 3.05 2.82 2.45 2.44 1.95 1.67 1.51 1.40 1.56 1.48 1.37 1.20 1.09 0.91 0.83 0.76 0.75 0.69 0.56 0.54 0.66 0.70 0.81 0.84 0.91 0.95 0.98 1.02 0.93 0.74 0.59 0.50 0.47 0.36 0.26 0.21 0.00
-9999.00 -9999.00 -9999.00 -9999.00 -9999.00 -9999.00 1.65 1.69 1.70 1.58 1.75 2.57 3.19 3.75 4.36 4.28 4.60 4.80 5.27 4.65 4.70 4.66 5.11 6.79 7.30 7.23 6.82 6.15 4.70 5.26 4.76 3.96 5.34 5.16 4.53 5.73 4.15 3.37 2.96 3.15 2.27 1.85 1.66 1.54 1.29 1.40 1.36 1.19 1.12 0.95 0.90 0.85 0.82 0.74 0.63 0.61 0.59 0.69 0.81 0.87 0.95 1.01 1.04 1.14 0.97 0.78 0.64 0.51 0.45 0.38 0.31 0.23 0.00
-9999.00 -9999.00 -9999.00 -9999.00 -9999.00 -9999.00 1.43 1.73 1.54 1.68 1.80 2.54 3.77 4.06 4.29 4.19 4.23 4.89 5.62 4.89 4.84 5.05 5.49 7.25 7.76 7.69 7.53 7.09 5.14 5.59 6.48 6.21 5.66 5.59 4.91 5.21 5.23 5.12 4.61 3.86 2.75 2.00 1.66 1.34 1.22 1.33 1.35 1.23 1.16 1.02 0.97 0.89 0.87 0.81 0.70 0.69 0.67 0.65 0.79 0.90 0.97 1.02 1.07 1.09 1.08 0.99 0.79 0.56 0.49 0.42 0.35 0.25 0.00
-9999.00 -9999.00 -9999.00 1.15 1.20 1.19 1.33 1.54 1.52 1.70 1.76 2.36 3.62 4.13 4.22 4.36 4.43 5.08 5.72 5.00 5.10 5.28 5.88 5.97 7.73 8.07 8.07 7.57 6.16 5.62 6.24 6.37 6.68 6.46 6.08 5.55 5.50 5.36 4.67 3.52 2.47 1.97 1.67 1.41 1.22 1.28 1.29 1.38 1.22 1.15 1.08 0.97 0.93 0.93 0.78 0.77 0.76 0.74 0.84 0.93 1.04 1.11 1.10 1.25 1.13 1.03 0.94 0.65 0.53 0.47 0.40 0.28 0.00
-9999.00 -9999.00 1.12 1.14 1.23 1.29 1.37 1.53 1.71 1.80 2.18 3.96 4.54 4.38 3.98 4.18 5.02 5.69 6.38 5.31 5.83 6.68 7.10 7.86 7.87 8.29 7.95 7.86 5.92 6.10 6.41 6.53 6.12 5.84 5.50 5.02 5.06 4.57 3.69 2.65 1.76 1.55 1.36 1.17 1.23 1.30 1.45 1.36 1.30 1.23 1.16 1.07 1.06 1.00 0.97 0.87 0.86 0.84 1.02 1.14 1.15 1.16 1.23 1.22 1.14 1.07 0.88 0.64 0.55 0.48 0.41 0.18 0.00
-9999.00 0.95 1.05 1.24 1.29 1.27 1.28 1.52 1.63 1.92 2.34 3.15 4.58 4.27 3.79 4.01 5.04 5.76 6.12 5.86 6.44 7.14 7.49 7.93 8.27 8.69 8.28 8.11 6.36 5.86 5.95 6.26 5.82 5.43 5.13 4.76 4.63 4.42 3.48 2.27 1.70 1.58 1.38 1.26 1.24 1.43 1.44 1.57 1.56 1.50 1.50 1.21 1.28 1.17 1.15 1.12 0.96 0.94 1.03 1.14 1.20 1.13 1.14 1.14 1.15 1.26 0.97 0.69 0.61 0.53 0.43 0.22 0.18
0.77 0.91 1.00 1.23 1.27 1.17 1.25 1.34 1.74 1.84 2.19 2.94 4.16 3.86 3.88 4.15 4.83 5.54 6.31 7.24 6.49 7.08 7.77 8.04 8.89 8.84 8.52 8.03 6.29 5.45 5.65 5.98 5.40 5.11 4.82 4.65 4.40 4.53 4.19 2.61 2.03 1.69 1.69 1.43 1.32 1.54 1.70 1.76 1.73 1.75 1.74 1.53 1.46 1.36 1.32 1.29 1.07 1.05 1.03 1.15 1.20 1.20 1.18 1.21 1.17 1.19 0.93 0.79 0.71 0.60 0.47 0.26 0.22
0.72 0.81 0.95 1.08 1.21 1.12 1.19 1.29 1.66 1.84 2.04 2.94 3.29 3.57 3.94 4.41 4.96 5.35 6.38 6.80 6.49 7.17 7.94 7.86 8.83 8.95 8.37 7.54 7.04 5.39 6.40 5.47 5.21 4.71 4.53 4.34 4.59 4.43 4.01 2.59 2.08 1.77 1.77 1.63 1.48 1.64 1.83 1.87 1.88 1.94 1.96 1.77 1.83 1.64 1.51 1.41 1.28 1.16 1.14 1.22 1.26 1.32 1.29 1.33 1.23 1.24 1.00 0.73 0.68 0.58 0.37 0.31 0.26
0.64 0.81 0.93 1.02 1.04 1.07 1.20 1.23 1.43 1.68 1.74 2.29 2.86 2.85 3.88 4.92 4.95 5.00 6.02 6.72 5.96 6.93 7.76 7.70 8.62 8.30 7.80 7.40 6.90 5.39 5.95 5.32 5.21 4.86 4.95 4.50 4.80 4.64 3.68 2.96 2.39 2.12 1.96 1.95 1.72 1.75 1.80 1.90 1.68 1.74 1.82 1.97 1.90 1.78 1.62 1.53 1.41 1.28 1.25 1.22 1.28 1.29 1.23 1.17 1.13 1.04 0.87 0.77 0.70 0.50 0.43 0.37 0.31
0.64 0.72 0.89 0.93 0.98 1.00 1.03 1.17 1.37 1.74 1.79 2.10 2.41 2.44 2.82 3.65 4.09 4.56 5.69 6.21 5.75 6.79 7.47 7.08 8.13 7.80 7.67 7.04 6.37 5.78 5.94 5.67 5.20 5.16 5.14 4.92 4.96 4.86 3.86 3.06 2.74 2.14 1.73 1.74 1.54 1.62 1.57 1.57 1.57 1.60 1.61 1.89 1.70 1.72 1.67 1.56 1.49 1.39 1.36 1.33 1.28 1.34 1.29 1.23 1.20 1.11 0.92 0.73 0.64 0.56 0.49 0.43 0.37
0.61 0.69 0.72 0.80 0.80 0.88 0.93 1.07 1.28 1.64 1.80 1.97 2.16 2.27 2.55 3.16 3.69 4.30 4.89 5.50 6.23 6.01 6.90 6.86 7.15 7.71 7.44 7.36 6.62 5.79 6.36 6.35 5.58 5.42 5.52 4.95 3.36 3.13 2.54 2.27 2.11 2.00 1.81 1.69 1.56 1.63 1.79 1.73 1.70 1.76 1.85 1.74 1.72 1.79 1.73 1.71 1.66 1.49 1.47 1.43 1.38 1.32 1.24 1.31 1.24 1.17 0.90 0.81 0.72 0.64 0.56 0.49 0.42
0.61 0.64 0.63 0.73 0.67 0.78 0.91 1.06 1.22 1.56 1.69 1.89 1.96 2.08 2.33 2.83 3.62 4.24 4.42 4.96 5.69 5.92 6.72 7.62 7.93 7.98 7.54 7.22 6.40 5.64 4.80 4.70 4.34 4.04 3.81 3.46 2.90 3.01 2.79 2.39 2.39 2.31 2.33 2.10 2.18 2.34 2.17 2.10 2.00 2.03 2.13 2.00 2.11 2.15 2.03 1.94 1.86 1.71 1.57 1.53 1.48 1.42 1.34 1.26 1.17 1.07 0.98 0.89 0.79 0.71 0.63 0.55 0.48
0.62 0.64 0.64 0.68 0.69 0.67 0.64 0.90 1.12 1.25 1.60 1.90 2.02 2.08 2.60 3.01 3.57 4.34 4.19 4.91 5.38 5.31 5.79 7.17 6.20 6.87 6.40 6.01 5.36 6.45 4.85 5.01 4.24 3.86 3.72 3.62 3.61 3.74 3.60 3.32 2.90 2.75 2.79 2.65 2.55 2.35 2.90 2.48 2.24 2.20 2.27 2.25 2.30 2.37 2.28 2.18 2.09 1.97 1.81 1.62 1.57 1.50 1.43 1.34 1.25 1.16 1.06 0.96 0.87 0.78 0.69 0.62 0.55
0.70 0.61 0.62 0.67 0.69 0.66 0.67 0.78 1.05 1.20 1.56 1.86 2.12 2.18 2.68 2.93 3.43 4.21 4.29 4.69 4.36 4.37 4.06 4.33 5.16 6.64 6.50 6.29 5.43 7.61 7.19 5.51 4.83 4.30 4.34 4.06 4.04 4.10 3.94 3.77 3.20 3.00 2.98 3.11 2.89 2.64 2.92 2.61 2.55 2.38 2.44 2.43 2.47 2.56 2.48 2.33 2.28 2.10 1.96 1.70 1.65 1.59 1.51 1.42 1.33 1.23 1.13 1.04 0.94 0.85 0.76 0.69 0.61
