dati/cumulata_oraria_prisma_2018052807.txt
ncols        251
nrows        249
xllcorner         436000.00000
yllcorner        4918000.00000
cellsize           1000.00000
NODATA_value          -9999.00000
[rows 64 to 95 of 249, columns 73 to 145 of 251]
1.76 2.03 1.79 1.93 1.98 2.20 2.26 2.47 3.03 3.65 4.67 4.52 4.46 3.66 3.97 4.45 4.95 5.20 4.90 4.65 4.41 3.71 3.35 2.73 2.53 2.32 2.38 2.58 2.59 2.97 2.85 2.74 2.46 2.13 1.87 1.70 1.47 1.36 1.29 1.25 1.02 0.92 0.85 0.77 0.67 0.66 0.85 0.82 0.76 0.86 0.72 0.46 0.47 0.54 0.58 0.58 0.42 0.36 0.40 0.39 0.38 0.32 0.38 0.44 0.50 0.55 0.60 0.64 0.67 0.70 0.72 0.74 0.75
1.53 2.04 1.90 1.87 2.04 2.13 2.19 2.38 2.96 3.43 4.14 4.58 4.35 3.97 4.03 4.31 4.84 5.09 5.18 4.92 4.78 4.16 3.94 3.13 2.72 2.46 2.41 2.59 2.68 2.65 2.76 2.95 2.75 2.33 2.05 1.86 1.69 1.58 1.50 1.48 1.19 1.06 1.01 0.90 0.78 0.81 1.03 0.91 0.80 0.87 0.83 0.80 0.77 1.00 0.97 0.75 0.60 0.52 0.53 0.55 0.52 0.49 0.55 0.48 0.53 0.58 0.63 0.67 0.70 0.72 0.74 0.76 0.76
1.55 1.73 1.73 1.77 2.03 2.14 2.47 2.86 3.43 3.73 4.28 4.50 4.69 4.27 4.24 4.64 5.16 5.16 5.57 5.54 5.09 4.66 4.55 4.25 3.33 3.49 3.15 2.76 2.73 2.72 2.92 3.07 2.88 2.64 2.25 2.03 1.87 1.80 1.69 1.63 1.40 1.19 1.12 1.04 0.89 0.94 1.11 0.98 0.75 0.88 0.84 0.80 0.78 1.01 1.20 1.15 1.01 0.74 0.72 0.77 0.69 0.67 0.66 0.72 0.56 0.61 0.65 0.69 0.72 0.74 0.76 0.77 0.78
1.70 1.69 1.91 2.05 2.26 2.39 3.04 3.35 3.63 3.91 4.48 4.66 4.44 4.46 4.62 4.70 4.84 4.06 4.72 5.49 5.32 4.71 4.54 4.23 3.93 3.72 3.58 3.02 2.99 2.83 2.92 3.13 3.04 2.77 2.47 2.25 2.08 2.01 1.93 1.79 1.59 1.36 1.21 1.18 1.02 1.03 1.14 0.95 0.79 0.92 1.02 0.93 0.73 1.10 1.22 1.26 1.05 0.85 0.74 0.84 0.79 0.94 0.78 0.80 0.76 0.64 0.68 0.71 0.74 0.76 0.78 0.78 0.79
1.76 1.90 1.93 2.09 2.35 2.61 3.23 3.62 3.81 4.15 4.61 4.71 4.32 4.12 4.36 4.86 4.82 3.72 4.40 5.02 4.92 4.42 4.45 4.52 4.31 3.74 3.82 3.26 3.17 2.98 3.00 3.21 3.18 3.03 2.69 2.44 2.27 2.18 2.11 1.93 1.77 1.50 1.32 1.30 1.14 1.03 1.05 0.98 0.70 0.71 0.74 0.97 0.76 1.07 1.26 1.47 1.34 0.89 0.89 0.90 0.87 1.00 0.84 0.83 0.77 0.67 0.71 0.74 0.76 0.78 0.79 0.79 0.79
1.70 1.95 2.07 2.10 2.33 2.66 3.16 3.55 3.89 4.16 4.81 4.76 4.64 4.10 4.45 4.55 4.81 4.73 4.96 5.14 4.79 4.24 3.99 4.67 4.72 3.86 4.02 3.93 3.43 3.21 3.00 3.39 3.38 3.35 2.95 2.71 2.54 2.40 2.36 2.17 1.93 1.72 1.45 1.41 1.30 1.11 1.28 1.06 0.75 0.75 0.70 0.71 0.69 0.79 0.99 1.11 1.02 0.83 0.83 0.88 0.97 1.16 0.86 0.88 0.80 0.81 0.73 0.76 0.78 0.79 0.80 0.80 0.79
1.71 2.04 2.19 2.22 2.30 2.63 3.32 3.69 3.92 4.30 4.94 4.89 4.69 4.34 4.53 4.64 4.80 4.94 4.98 5.10 4.66 3.95 3.69 4.57 4.73 4.07 4.15 4.23 3.99 3.59 3.24 3.46 3.83 3.82 3.30 3.01 2.74 2.61 2.61 2.49 2.16 1.96 1.62 1.56 1.45 1.23 1.30 1.17 0.82 0.70 0.62 0.79 0.77 0.77 0.88 0.99 1.04 0.87 0.86 0.99 0.91 0.91 0.91 1.02 0.93 0.92 0.87 0.78 0.79 0.80 0.80 0.80 0.79
1.92 2.16 2.13 2.34 2.61 2.96 3.38 3.68 3.92 4.20 4.65 4.97 4.78 4.38 4.49 4.84 4.93 5.03 4.85 4.92 4.80 4.05 3.69 3.92 4.79 4.40 4.48 4.46 4.19 4.18 3.50 3.68 4.01 4.01 3.50 3.27 2.99 2.73 2.77 2.74 2.31 2.14 1.84 1.64 1.56 1.36 1.32 1.28 0.93 0.78 0.70 0.73 0.71 0.83 0.84 0.94 1.04 0.91 0.92 1.03 1.05 0.94 0.93 1.04 0.99 0.91 0.89 0.79 0.80 0.81 0.80 0.80 0.79
2.02 2.29 1.82 2.75 3.07 3.15 3.51 3.49 3.74 4.27 4.64 5.07 4.94 4.32 4.38 4.73 5.16 5.35 4.70 4.71 4.80 4.70 4.14 3.94 4.71 4.46 4.79 4.83 4.20 4.49 4.03 4.27 4.33 4.26 3.83 3.50 3.20 2.88 2.84 2.83 2.53 2.28 2.07 1.73 1.59 1.45 1.35 1.35 1.00 0.84 0.76 0.80 0.79 0.91 0.89 0.98 0.99 0.90 0.99 1.18 1.11 0.97 0.95 1.03 1.09 1.02 0.96 0.81 0.81 0.81 0.81 0.79 0.78
2.05 2.10 2.00 2.92 3.18 3.05 3.50 3.57 3.75 4.10 4.57 4.70 4.76 4.36 4.53 4.43 4.65 5.14 4.59 4.58 4.93 4.78 4.81 4.89 5.05 4.92 5.25 5.05 4.31 4.53 4.71 4.73 4.64 4.60 4.13 3.80 3.48 3.12 2.96 2.94 2.86 2.56 2.28 1.95 1.73 1.56 1.51 1.47 1.12 0.93 0.84 0.85 0.84 0.84 0.83 0.84 0.85 0.89 0.95 0.99 0.99 0.95 0.91 1.02 1.02 0.99 0.82 0.82 0.82 0.81 0.80 0.79 0.77
2.04 2.03 2.58 3.04 3.33 3.62 3.77 3.70 3.79 4.00 4.56 4.57 4.46 4.33 4.32 4.49 4.50 4.56 4.46 4.52 4.73 4.70 4.83 4.93 5.17 5.38 5.68 5.57 4.57 4.98 5.17 5.14 4.92 4.66 4.37 4.05 3.72 3.34 3.04 2.89 2.89 2.74 2.38 2.10 1.83 1.64 1.59 1.63 1.29 1.10 0.98 0.95 0.93 0.94 0.92 0.92 0.91 0.93 1.00 1.04 1.05 1.04 0.97 1.02 1.07 0.98 0.84 0.84 0.83 0.82 0.80 0.78 0.76
2.23 2.36 2.62 3.06 3.50 3.68 4.11 3.88 3.67 3.87 4.61 4.47 4.52 4.24 4.37 4.35 4.08 4.18 4.19 4.28 4.64 4.58 4.78 4.85 5.12 5.41 5.79 5.77 5.19 5.49 5.90 5.86 5.67 4.90 4.75 4.37 4.08 3.69 3.28 2.98 3.00 2.94 2.61 2.23 1.98 1.76 1.59 1.57 1.40 1.25 1.10 1.08 1.04 1.01 0.97 0.96 0.94 0.97 1.04 1.08 1.10 1.08 1.05 1.05 1.06 0.87 0.86 0.85 0.83 0.81 0.79 0.77 0.74
2.28 2.41 2.78 3.22 3.44 3.84 4.23 4.08 4.03 4.07 4.68 4.64 4.35 4.25 4.36 4.41 4.15 3.96 3.85 4.38 4.37 4.67 4.83 4.90 4.97 5.40 5.73 6.00 6.11 5.97 6.13 6.09 6.07 5.29 4.97 4.71 4.33 3.85 3.43 3.12 2.98 3.14 3.06 2.50 2.21 1.95 1.74 1.55 1.56 1.39 1.24 1.14 1.15 1.07 1.05 0.93 0.93 0.92 0.92 1.05 1.08 1.09 1.06 0.91 0.90 0.89 0.87 0.86 0.83 0.81 0.78 0.75 0.72
2.13 2.28 2.68 3.03 3.33 3.88 3.99 4.11 4.13 4.49 4.58 4.47 3.98 4.29 4.24 4.09 4.20 3.72 3.85 4.23 3.80 4.29 4.83 4.92 5.01 5.30 5.79 6.07 6.28 6.70 5.81 6.01 6.89 5.51 5.18 4.87 4.53 4.13 3.56 3.20 3.03 3.11 3.15 2.73 2.66 2.46 1.96 1.74 1.68 1.50 1.34 1.24 1.10 1.07 1.05 1.03 1.02 1.01 1.00 0.99 0.98 0.97 0.96 0.95 0.93 0.91 0.89 0.86 0.83 0.80 0.77 0.74 0.70
2.09 2.16 2.68 3.01 3.33 3.81 4.00 4.10 4.17 4.31 4.34 4.38 4.05 4.22 4.15 4.19 3.84 3.99 4.27 3.84 3.80 4.53 4.70 4.85 5.09 5.37 5.59 6.00 6.49 6.85 7.11 6.36 6.71 5.57 5.29 4.82 4.57 4.26 3.65 3.29 3.03 3.13 3.24 3.06 3.25 3.16 2.27 1.84 1.75 1.84 1.57 1.26 1.21 1.17 1.14 1.12 1.10 1.08 1.07 1.05 1.04 1.02 1.00 0.98 0.95 0.92 0.89 0.86 0.83 0.79 0.76 0.72 0.68
2.06 2.28 2.47 2.73 3.13 3.41 3.84 4.00 4.09 4.29 4.28 4.49 4.06 3.95 3.98 3.97 3.93 4.17 4.22 4.10 3.75 4.51 4.76 4.87 5.17 5.38 5.62 5.98 6.37 6.96 6.95 6.38 6.06 5.71 5.41 5.01 4.51 4.36 3.74 3.28 3.09 3.06 3.16 3.25 3.73 3.52 2.51 1.92 1.89 1.86 1.74 1.36 1.30 1.26 1.23 1.20 1.17 1.15 1.13 1.10 1.08 1.06 1.03 1.00 0.97 0.93 0.90 0.86 0.82 0.78 0.74 0.70 0.66
1.91 2.04 2.38 2.56 2.88 3.18 3.32 3.76 4.13 4.35 4.31 4.42 4.25 4.07 3.89 3.99 4.05 4.09 4.17 4.05 4.11 4.60 4.75 4.95 5.31 5.54 5.67 5.99 6.32 6.65 6.68 6.32 5.88 5.60 5.42 5.05 4.52 4.26 3.76 3.31 3.05 3.02 3.20 3.54 4.38 3.73 2.85 2.08 1.98 1.84 1.66 1.44 1.38 1.34 1.30 1.26 1.23 1.20 1.18 1.15 1.12 1.09 1.05 1.02 0.98 0.94 0.89 0.85 0.81 0.76 0.72 0.68 0.00
1.68 1.81 2.15 2.29 2.37 2.74 2.99 3.43 4.15 4.10 4.12 4.05 4.11 3.92 3.84 3.84 3.86 4.16 4.19 4.22 4.09 4.77 5.07 5.27 5.73 5.76 5.82 6.14 6.34 6.43 6.65 6.35 5.96 5.57 5.22 4.99 4.65 4.04 3.71 3.43 3.13 3.01 3.07 3.40 4.18 3.96 2.99 2.56 2.18 1.95 1.68 1.50 1.44 1.40 1.35 1.32 1.28 1.25 1.21 1.18 1.14 1.11 1.07 1.02 0.98 0.93 0.89 0.84 0.79 0.74 0.70 0.65 0.00
1.59 1.53 2.01 2.23 2.08 1.98 2.41 2.99 3.50 3.82 4.02 3.87 4.17 4.02 3.85 3.83 3.88 3.97 4.06 3.82 4.06 4.83 5.04 5.44 5.84 6.21 6.05 6.38 6.58 6.59 6.76 6.70 6.74 5.65 5.33 5.33 4.84 3.97 3.75 3.60 3.26 3.09 2.99 2.96 3.71 4.09 3.45 2.84 2.43 2.13 1.81 1.55 1.49 1.44 1.39 1.35 1.31 1.27 1.24 1.20 1.16 1.11 1.07 1.02 0.97 0.92 0.87 0.82 0.77 0.72 0.67 0.62 0.00
1.25 1.36 1.72 1.89 1.82 1.96 2.11 2.97 2.96 3.65 3.75 3.98 4.17 4.01 3.75 3.75 3.90 3.91 4.09 4.14 4.31 4.65 5.18 5.69 6.28 6.68 6.37 6.52 6.60 6.79 6.95 7.01 7.33 6.46 5.69 5.42 4.99 4.26 3.97 3.95 3.64 3.17 2.97 3.04 3.53 4.01 3.71 2.88 2.47 2.26 1.95 1.79 1.51 1.46 1.41 1.37 1.33 1.29 1.25 1.20 1.16 1.11 1.06 1.01 0.96 0.91 0.85 0.80 0.74 0.69 0.64 0.59 0.00
1.20 1.15 1.40 1.45 1.48 1.63 1.73 2.28 2.69 3.47 3.54 3.76 3.78 3.86 3.74 3.72 3.73 3.98 4.05 4.16 4.13 4.77 5.29 5.91 6.60 7.17 7.15 6.51 6.66 6.79 6.90 7.02 7.30 7.20 6.08 5.36 4.97 4.31 4.13 4.30 4.20 3.35 3.14 2.97 3.38 4.01 4.05 3.64 2.84 2.41 2.29 1.80 1.64 1.46 1.41 1.37 1.32 1.28 1.24 1.19 1.15 1.10 1.05 0.99 0.94 0.88 0.83 0.77 0.71 0.66 0.61 0.56 0.00
1.06 1.12 1.23 1.25 1.28 1.44 1.63 1.90 2.43 2.76 3.11 3.36 3.32 3.54 3.68 3.70 3.85 3.76 3.97 4.11 3.99 4.55 5.13 5.84 7.28 8.51 8.17 7.29 7.33 7.21 6.67 6.55 6.74 7.13 6.29 5.38 5.03 4.43 4.34 4.78 4.47 3.57 3.37 3.21 3.49 4.83 5.27 4.50 3.54 2.94 2.42 2.31 1.65 1.51 1.39 1.35 1.30 1.26 1.22 1.17 1.12 1.07 1.02 0.96 0.91 0.85 0.79 0.74 0.68 0.62 0.57 0.52 0.00
0.82 0.86 1.08 1.08 1.13 1.35 1.47 1.57 2.08 2.61 3.04 3.21 3.15 3.34 3.54 3.68 3.77 3.72 3.91 4.09 3.99 4.52 5.03 5.95 8.44 9.50 8.89 8.52 8.58 8.09 7.05 6.93 6.65 6.73 6.26 5.59 4.81 4.43 4.40 4.82 5.20 4.19 3.71 3.35 3.47 4.50 5.27 5.08 4.40 3.24 2.97 2.41 1.90 1.57 1.47 1.43 1.36 1.35 1.35 1.24 1.08 1.03 0.98 0.92 0.87 0.81 0.75 0.70 0.64 0.59 0.53 0.49 0.00
0.65 0.74 0.95 0.97 1.05 1.17 1.31 1.57 1.87 2.06 2.47 2.94 3.16 3.26 3.44 3.41 3.56 3.60 3.82 4.00 4.21 4.53 4.97 5.92 7.96 9.26 9.26 9.06 9.35 9.27 8.67 7.73 7.04 6.61 6.66 5.81 4.74 4.22 4.36 5.27 5.36 4.74 4.07 3.80 3.66 4.13 5.06 5.48 5.16 4.33 3.61 2.70 1.88 1.63 1.49 1.54 1.42 1.31 1.34 1.22 1.13 1.10 0.93 0.88 0.82 0.76 0.71 0.65 0.60 0.54 0.49 0.45 0.40
0.59 0.64 0.82 0.90 0.99 1.10 1.26 1.49 1.70 1.97 2.36 2.67 3.00 3.08 3.23 3.46 3.50 3.49 3.75 3.93 4.14 4.55 5.09 5.65 6.96 8.81 7.87 8.72 9.76 9.95 9.33 8.69 8.09 6.32 6.31 5.56 4.50 4.08 4.23 5.03 5.80 6.80 5.11 5.04 3.64 3.76 4.75 5.96 5.85 4.59 3.71 2.36 1.93 1.76 1.65 1.74 1.51 1.35 1.34 1.21 1.22 1.16 1.08 0.82 0.77 0.71 0.66 0.60 0.55 0.50 0.45 0.41 0.36
0.51 0.56 0.70 0.81 0.93 1.06 1.25 1.37 1.69 1.90 2.14 2.49 2.85 3.12 3.20 3.41 3.37 3.57 3.63 3.84 4.06 4.48 4.95 5.65 7.56 9.40 8.16 8.51 9.19 9.44 9.30 8.90 8.03 5.93 5.36 4.84 4.27 4.01 4.09 4.75 6.41 7.17 6.63 6.82 4.93 3.39 3.44 5.16 5.30 5.01 4.19 3.25 1.72 1.56 1.57 1.63 1.59 1.38 1.39 1.34 1.32 1.30 1.02 0.88 0.71 0.66 0.60 0.55 0.50 0.45 0.41 0.37 0.33
0.45 0.50 0.66 0.78 0.93 1.09 1.21 1.34 1.62 1.80 2.05 2.25 2.61 2.86 3.10 3.36 3.38 3.58 3.58 3.78 4.05 4.36 4.75 5.60 7.24 8.36 9.13 7.57 9.73 9.19 9.41 9.08 7.32 6.09 4.88 4.55 4.31 3.80 3.77 5.05 6.62 7.54 7.22 8.51 6.78 4.50 4.10 3.64 3.98 4.56 3.97 2.58 1.73 1.50 1.51 1.71 1.55 1.51 1.49 1.50 1.42 1.42 1.13 1.03 0.94 0.83 0.55 0.50 0.45 0.41 0.36 0.33 0.29
0.41 0.49 0.63 0.73 0.93 1.05 1.24 1.46 1.59 1.77 2.07 2.27 2.72 2.92 3.14 3.19 3.28 3.39 3.52 3.71 4.00 4.26 4.68 5.40 6.58 8.33 8.99 10.28 11.95 10.01 10.20 9.71 7.65 5.98 4.44 4.24 4.34 3.84 3.49 3.85 5.97 7.06 9.18 9.66 8.13 6.00 4.26 3.72 3.23 3.21 3.32 2.34 1.49 1.29 1.36 1.72 1.54 1.59 1.60 1.70 1.84 1.81 1.33 1.07 0.85 0.97 0.75 0.44 0.40 0.36 0.32 0.28 0.25
0.40 0.46 0.57 0.74 0.89 1.09 1.27 1.43 1.63 1.95 2.19 2.45 2.70 2.88 3.08 3.02 3.23 3.26 3.46 3.72 3.92 4.19 4.53 5.35 6.23 7.67 9.14 10.84 11.56 11.27 11.36 10.87 8.81 7.05 4.52 3.98 4.41 4.04 3.21 3.54 4.64 6.59 8.96 10.38 9.34 8.14 5.55 4.16 3.07 2.69 2.43 1.82 1.51 1.17 1.21 1.47 1.52 1.53 1.83 2.19 2.16 2.09 1.35 1.19 1.32 1.27 0.79 0.39 0.35 0.31 0.28 0.24 0.21
0.35 0.49 0.60 0.74 0.92 1.14 1.30 1.45 1.83 1.96 2.12 2.46 2.53 2.71 2.87 2.95 3.02 3.16 3.36 3.61 3.88 4.19 4.49 5.13 5.99 7.33 9.15 10.50 11.19 11.18 11.17 11.23 10.20 7.93 4.91 4.11 4.07 3.96 3.12 2.97 4.22 6.18 8.47 9.80 10.48 9.24 6.06 4.60 3.03 2.28 1.82 1.50 1.13 1.06 1.07 1.22 1.25 1.32 1.64 1.96 2.25 1.94 1.68 1.65 1.43 1.05 0.61 0.33 0.30 0.26 0.23 0.20 0.18
0.37 0.47 0.62 0.78 0.98 1.11 1.27 1.48 1.72 1.94 2.22 2.37 2.47 2.66 2.74 2.90 2.90 3.03 3.28 3.50 3.69 4.07 4.41 4.76 5.61 6.81 9.02 11.65 12.33 10.20 11.73 11.41 11.15 7.63 5.67 4.34 3.83 3.59 2.58 2.69 2.92 3.95 5.34 8.55 9.94 7.53 5.32 4.04 3.16 2.11 1.55 1.05 1.00 0.95 0.84 0.83 0.95 1.08 1.40 1.54 1.51 1.28 1.49 1.49 1.29 1.21 0.62 0.27 0.25 0.22 0.19 0.17 0.00
0.37 0.48 0.63 0.85 0.99 1.13 1.29 1.47 1.66 1.97 2.16 2.23 2.33 2.41 2.61 2.73 2.76 2.97 3.12 3.39 3.56 3.99 4.28 4.95 5.77 6.56 8.95 11.57 12.00 9.56 14.27 12.29 11.46 8.27 5.21 4.17 3.46 2.85 2.14 2.20 2.47 3.48 5.02 6.11 7.90 6.59 4.49 3.64 2.31 1.86 1.21 0.85 0.79 0.89 0.80 0.78 0.83 0.83 0.82 0.81 1.00 1.20 0.86 0.71 0.87 0.81 0.52 0.22 0.20 0.17 0.00 0.00 0.00
