dati/cumulata_oraria_prisma_2018052818.txt
ncols        251
nrows        249
xllcorner         436000.00000
yllcorner        4918000.00000
cellsize           1000.00000
NODATA_value          -9999.00000
[rows 160 to 191 of 249, columns 146 to 218 of 251]
0.25 0.25 0.25 0.25 0.24 0.24 0.23 0.22 0.00 0.00 0.00 0.00 0.00 0.37 0.41 0.40 0.43 0.41 0.27 0.26 0.37 0.00 0.00 0.00 0.00 0.00 0.00 0.00 0.00 0.00 0.00 0.00 0.00 0.00 0.00 0.00 0.00 0.00 0.00 0.00 0.00 0.00 0.00 0.00 0.00 0.00 0.00 0.00 0.00 0.00 0.00 0.00 0.00 0.00 0.00 0.00 0.00 0.00 0.00 0.00 0.00 0.00 0.00 0.00 0.00 0.00 0.00 0.00 0.00 0.00 0.00 0.00 0.00
0.26 0.26 0.26 0.25 0.25 0.24 0.24 0.23 0.34 0.00 0.00 0.35 0.39 0.39 0.42 0.45 0.43 0.37 0.35 0.32 0.34 0.00 0.00 0.00 0.00 0.00 0.00 0.00 0.00 0.00 0.00 0.00 0.00 0.00 0.00 0.00 0.00 0.00 0.00 0.00 0.00 0.00 0.00 0.00 0.00 0.00 0.00 0.00 0.00 0.00 0.00 0.00 0.00 0.00 0.00 0.00 0.00 0.00 0.00 0.00 0.00 0.00 0.00 0.00 0.00 0.00 0.00 0.00 0.00 0.00 0.00 0.00 0.00
0.26 0.26 0.26 0.26 0.25 0.25 0.24 0.37 0.39 0.00 0.00 0.37 0.48 0.42 0.49 0.51 0.51 0.38 0.35 0.30 0.26 0.00 0.00 0.00 0.00 0.00 0.00 0.00 0.00 0.00 0.00 0.30 0.55 0.00 0.00 0.00 0.00 0.00 0.00 0.00 0.00 0.00 0.00 0.00 0.00 0.00 0.00 0.00 0.00 0.00 0.00 0.00 0.00 0.00 0.00 0.00 0.00 0.00 0.00 0.00 0.00 0.00 0.00 0.00 0.00 0.00 0.00 0.00 0.00 0.00 0.00 0.00 0.00
0.26 0.27 0.26 0.26 0.26 0.25 0.24 0.40 0.42 0.46 0.38 0.47 0.52 0.57 0.51 0.51 0.51 0.44 0.32 0.30 0.28 0.31 0.00 0.00 0.00 0.00 0.00 0.00 0.00 0.00 0.22 0.56 0.47 0.22 0.00 0.00 0.00 0.00 0.00 0.00 0.00 0.00 0.00 0.00 0.00 0.00 0.00 0.00 0.00 0.00 0.00 0.00 0.00 0.00 0.00 0.00 0.00 0.00 0.00 0.00 0.00 0.00 0.00 0.00 0.00 0.00 0.00 0.00 0.00 0.00 0.00 0.00 0.00
0.27 0.27 0.27 0.26 0.26 0.25 0.37 0.44 0.47 0.52 0.55 0.54 0.65 0.64 0.67 0.54 0.44 0.42 0.38 0.29 0.31 0.00 0.00 0.00 0.00 0.00 0.00 0.00 0.28 0.00 0.34 0.73 0.26 0.22 0.22 0.22 0.00 0.00 0.00 0.00 0.00 0.00 0.00 0.00 0.00 0.00 0.00 0.00 0.00 0.00 0.00 0.00 0.00 0.00 0.00 0.00 0.00 0.00 0.00 0.00 0.00 0.00 0.00 0.00 0.00 0.00 0.00 0.00 0.00 0.00 0.00 0.00 0.00
0.27 0.27 0.27 0.26 0.26 0.25 0.39 0.44 0.47 0.55 0.61 0.65 0.99 0.69 0.74 0.68 0.51 0.39 0.37 0.35 0.40 0.00 0.00 0.00 0.00 0.00 0.00 0.00 0.20 0.25 0.57 0.72 0.92 0.22 0.22 0.24 0.00 0.00 0.00 0.00 0.00 0.00 0.00 0.00 0.00 0.00 0.00 0.00 0.00 0.00 0.00 0.00 0.00 0.00 0.00 0.00 0.00 0.00 0.00 0.00 0.00 0.00 0.00 0.00 0.00 0.00 0.00 0.00 0.00 0.00 0.00 0.00 0.00
0.27 0.27 0.27 0.26 0.26 0.25 0.43 0.48 0.57 0.80 0.72 0.87 0.88 1.03 0.68 0.69 0.78 0.70 0.39 0.34 0.31 0.33 0.00 0.00 0.00 0.00 0.25 0.00 0.24 0.48 0.70 0.99 0.83 0.40 0.22 0.00 0.00 0.00 0.00 0.00 0.00 0.00 0.00 0.00 0.00 0.00 0.00 0.00 0.00 0.00 0.00 0.00 0.00 0.00 0.00 0.00 0.00 0.00 0.00 0.00 0.00 0.00 0.00 0.00 0.00 0.00 0.00 0.00 0.00 0.00 0.00 0.00 0.00
0.26 0.26 0.26 0.26 0.26 0.42 0.49 0.57 0.63 0.82 0.77 0.95 0.96 0.92 1.04 0.77 0.76 0.68 0.65 0.39 0.35 0.33 0.30 0.00 0.00 0.21 0.23 0.27 0.43 0.45 0.70 1.00 0.74 0.52 0.59 0.00 0.00 0.00 0.00 0.00 0.00 0.00 0.00 0.00 0.00 0.00 0.00 0.00 0.00 0.00 0.00 0.00 0.00 0.00 0.00 0.00 0.00 0.00 0.00 0.00 0.00 0.00 0.00 0.00 0.00 0.00 0.00 0.00 0.00 0.00 0.00 0.00 0.00
0.26 0.26 0.26 0.26 0.25 0.49 0.58 0.71 0.82 0.81 0.86 0.98 0.89 0.94 1.15 1.14 0.76 0.76 0.63 0.70 0.38 0.24 0.23 0.22 0.00 0.24 0.26 0.34 0.33 0.71 0.76 1.18 0.52 0.60 0.60 0.70 0.72 0.00 0.00 0.00 0.32 0.42 0.00 0.00 0.00 0.00 0.00 0.00 0.00 0.00 0.00 0.00 0.00 0.00 0.00 0.00 0.00 0.00 0.00 0.00 0.00 0.00 0.00 0.00 0.00 0.00 0.00 0.00 0.00 0.00 0.00 0.00 0.00
0.25 0.25 0.25 0.25 0.45 0.47 0.69 0.86 0.95 1.01 0.97 1.06 0.98 1.06 1.06 1.03 1.06 0.70 0.72 0.54 0.44 0.23 0.25 0.24 0.22 0.27 0.34 0.35 0.52 0.84 0.92 1.10 1.17 0.49 0.70 0.76 0.96 1.27 0.00 0.32 0.33 0.42 0.42 0.00 0.00 0.00 0.00 0.00 0.00 0.00 0.00 0.00 0.00 0.00 0.00 0.00 0.00 0.00 0.00 0.00 0.00 0.00 0.00 0.00 0.00 0.00 0.00 0.00 0.00 0.00 0.49 0.68 0.72
0.24 0.25 0.24 0.37 0.46 0.53 0.73 1.00 1.07 1.18 1.19 1.00 1.01 0.84 1.13 1.07 1.04 0.84 0.59 0.53 0.41 0.41 0.24 0.23 0.25 0.31 0.36 0.45 0.67 0.69 1.08 1.23 2.01 2.75 3.18 1.07 1.09 1.32 1.30 1.16 0.40 0.43 0.49 0.62 1.69 0.00 0.00 0.00 0.00 0.00 0.00 0.00 0.00 0.00 0.00 0.00 0.00 0.00 0.00 0.00 0.00 0.00 0.00 0.00 0.00 0.00 0.00 0.00 0.00 0.50 0.63 0.76 0.85
0.40 0.30 0.40 0.47 0.51 0.73 0.82 1.09 1.18 1.39 1.32 1.35 0.87 0.88 0.77 1.02 0.86 0.84 0.82 0.45 0.42 0.45 0.26 0.31 0.32 0.41 0.40 0.63 0.78 0.76 1.27 2.18 2.50 3.57 4.02 7.71 1.36 1.46 1.57 1.47 2.20 0.57 0.61 0.82 1.27 1.33 0.00 0.00 0.00 0.00 0.00 0.00 0.00 0.00 0.00 0.00 0.00 0.00 0.00 0.00 0.00 0.00 0.00 0.00 0.00 0.00 0.00 0.00 0.00 0.59 0.80 0.87 0.91
0.42 0.40 0.39 0.49 0.68 0.87 1.08 1.14 1.36 1.32 1.30 1.14 1.20 0.81 0.88 0.74 0.76 0.96 0.69 0.62 0.55 0.28 0.23 0.23 0.22 0.36 0.41 0.58 0.85 1.17 1.60 3.51 6.26 4.52 7.12 8.72 10.73 1.17 1.52 2.16 3.14 3.84 0.66 1.19 1.30 1.21 0.00 0.00 0.00 0.00 0.00 0.00 0.00 0.00 0.00 0.00 0.00 0.00 0.00 0.00 0.00 0.00 0.00 0.00 0.00 0.00 0.00 0.00 0.70 0.84 0.94 0.95 0.84
0.47 0.47 0.48 0.56 0.76 1.09 1.14 1.30 1.41 1.56 1.18 1.02 0.93 0.86 0.77 0.76 0.66 0.58 0.64 0.57 0.44 0.52 0.24 0.23 0.37 0.41 0.49 0.76 1.34 1.52 3.50 4.80 7.43 9.78 8.54 10.15 11.50 9.75 8.00 2.79 3.60 4.20 8.14 6.75 1.12 0.80 0.00 0.00 0.00 0.53 0.56 0.58 0.61 0.63 0.65 0.00 0.00 0.00 0.00 0.00 0.00 0.00 0.00 0.00 0.00 0.00 0.00 0.00 0.91 0.92 1.15 1.24 1.89
0.44 0.54 0.66 0.73 1.12 1.19 1.52 1.54 1.54 1.61 1.66 0.97 0.85 0.78 0.88 0.71 0.59 0.58 0.64 0.45 0.45 0.54 0.41 0.21 0.36 0.40 0.60 1.21 1.72 1.97 4.87 7.10 11.61 15.37 19.47 10.99 10.24 9.28 10.66 12.32 4.23 7.22 6.50 4.95 3.07 0.60 0.47 0.50 0.54 0.57 0.61 0.64 0.66 0.68 0.70 0.72 0.73 0.73 0.73 0.73 0.72 0.00 0.00 0.00 0.00 0.00 0.78 0.97 0.98 1.31 1.25 1.52 2.03
0.59 0.60 0.81 1.12 1.19 1.41 1.55 1.64 1.54 1.53 1.36 1.38 0.86 0.83 0.78 0.84 0.73 0.68 0.51 0.65 0.53 0.42 0.32 0.28 0.35 0.61 0.72 1.10 2.28 3.21 4.14 6.85 14.27 19.30 22.19 28.17 8.69 10.65 12.33 11.72 11.19 9.07 5.11 2.89 2.18 1.13 0.50 0.54 0.58 0.62 0.65 0.69 0.71 0.74 0.76 0.77 0.78 0.79 0.79 0.78 0.77 0.76 0.90 0.88 0.00 0.86 0.95 0.93 1.04 1.03 1.37 1.93 2.15
0.90 0.96 1.03 1.25 1.56 1.58 1.63 1.73 1.77 1.45 1.33 1.24 0.92 0.77 0.81 0.79 0.69 0.64 0.66 0.65 0.57 0.41 0.30 0.22 0.31 0.69 1.19 1.56 1.92 4.23 5.09 9.02 13.21 21.91 27.74 28.77 29.29 30.23 11.77 11.66 11.32 7.09 4.47 1.42 1.29 0.50 0.54 0.58 0.62 0.66 0.70 0.73 0.77 0.79 0.81 0.83 0.84 0.85 0.85 0.84 0.83 0.93 0.95 0.93 0.90 1.18 1.01 0.98 1.05 1.15 1.29 2.09 2.09
-9999.00 1.23 1.29 1.59 1.65 1.79 1.97 1.77 1.85 1.87 1.25 0.96 0.95 0.86 0.93 0.72 0.55 0.53 0.63 0.52 0.37 0.50 0.00 0.21 0.42 0.46 1.60 1.84 2.41 2.68 8.31 11.61 20.88 24.32 28.25 29.44 31.55 31.08 30.86 11.63 10.02 4.18 2.66 1.09 0.48 0.53 0.57 0.62 0.66 0.71 0.75 0.78 0.81 0.84 0.87 0.88 0.90 0.90 0.90 0.89 0.88 1.03 1.01 0.98 1.07 1.20 1.15 1.16 1.10 1.32 1.58 1.93 2.02
-9999.00 1.40 1.61 1.80 1.97 2.03 2.04 2.42 1.87 1.75 1.48 0.94 0.86 0.81 0.73 0.62 0.53 0.59 0.53 0.45 0.33 0.31 0.33 0.50 0.52 1.08 1.52 2.67 3.26 3.43 4.50 21.11 24.89 32.66 36.26 30.20 31.39 28.84 32.04 19.57 4.26 2.72 1.10 0.81 0.51 0.56 0.61 0.65 0.70 0.75 0.79 0.83 0.86 0.89 0.92 0.93 0.95 0.95 0.95 0.94 0.93 0.91 1.05 1.14 1.26 1.18 1.18 1.09 1.24 1.70 2.16 2.33 2.45
-9999.00 -9999.00 -9999.00 1.83 1.97 2.12 2.47 2.43 1.99 -9999.00 -9999.00 1.04 0.87 0.74 0.73 0.70 0.66 0.50 0.36 0.35 0.33 0.31 0.28 0.36 0.93 1.44 1.68 2.43 3.08 4.62 5.56 9.54 27.31 38.83 43.43 50.13 42.32 33.52 21.50 15.00 7.88 1.76 0.73 0.62 0.54 0.59 0.64 0.69 0.74 0.78 0.83 0.87 0.90 0.93 0.96 0.98 0.99 1.00 1.00 0.99 0.98 0.96 1.00 1.40 1.30 1.28 1.16 1.17 1.06 1.33 2.44 2.56 2.46
-9999.00 -9999.00 -9999.00 -9999.00 2.00 2.13 2.43 -9999.00 -9999.00 -9999.00 -9999.00 -9999.00 -9999.00 -9999.00 -9999.00 0.70 0.70 0.45 0.40 0.28 0.28 0.29 0.27 0.36 0.51 1.26 2.26 2.67 4.30 5.48 8.36 10.63 13.90 41.51 50.19 47.39 40.19 40.03 16.81 9.85 2.88 1.05 0.73 0.51 0.56 0.61 0.66 0.72 0.77 0.82 0.86 0.90 0.94 0.97 1.00 1.02 1.04 1.04 1.04 1.03 1.02 1.00 1.08 1.25 1.32 1.31 1.28 1.15 1.30 1.43 1.91 2.73 2.53
-9999.00 -9999.00 -9999.00 -9999.00 -9999.00 -9999.00 -9999.00 -9999.00 -9999.00 -9999.00 -9999.00 -9999.00 -9999.00 -9999.00 -9999.00 -9999.00 -9999.00 0.51 0.42 0.29 0.32 0.00 0.23 0.59 0.83 2.12 3.75 3.51 5.66 9.01 10.20 12.13 16.49 20.34 47.53 40.83 43.59 32.20 32.17 1.91 1.38 0.83 0.69 0.53 0.58 0.63 0.69 0.74 0.79 0.84 0.89 0.94 0.97 1.01 1.04 1.06 1.07 1.08 1.08 1.07 1.05 1.17 1.30 1.39 1.39 1.52 1.32 1.18 1.44 1.76 2.13 2.66 3.06
-9999.00 -9999.00 -9999.00 -9999.00 -9999.00 -9999.00 -9999.00 -9999.00 -9999.00 -9999.00 -9999.00 -9999.00 -9999.00 -9999.00 -9999.00 -9999.00 -9999.00 -9999.00 0.42 0.33 0.00 0.00 0.00 0.74 2.12 3.36 6.07 7.88 7.09 7.58 7.93 15.80 19.07 21.24 22.70 20.14 35.26 27.68 22.07 8.37 0.75 0.65 0.49 0.54 0.60 0.65 0.71 0.76 0.82 0.87 0.92 0.96 1.00 1.04 1.07 1.09 1.10 1.11 1.21 1.27 1.37 1.49 1.47 1.44 1.53 1.50 1.44 1.34 1.63 2.00 2.57 3.36 3.70
-9999.00 -9999.00 -9999.00 -9999.00 -9999.00 -9999.00 -9999.00 -9999.00 -9999.00 -9999.00 -9999.00 -9999.00 -9999.00 -9999.00 -9999.00 -9999.00 -9999.00 -9999.00 -9999.00 -9999.00 -9999.00 0.00 0.00 0.21 3.76 5.90 8.81 9.91 12.25 7.50 8.20 9.22 20.90 21.90 21.29 21.14 22.44 17.98 9.39 8.03 5.73 2.23 0.50 0.55 0.61 0.66 0.72 0.78 0.83 0.89 0.94 0.98 1.02 1.06 1.09 1.11 1.12 1.24 1.30 1.35 1.55 1.56 1.70 1.46 1.60 1.53 1.43 1.22 1.27 2.42 2.65 3.47 4.02
-9999.00 -9999.00 -9999.00 -9999.00 -9999.00 -9999.00 -9999.00 -9999.00 -9999.00 -9999.00 -9999.00 -9999.00 -9999.00 -9999.00 -9999.00 -9999.00 -9999.00 -9999.00 -9999.00 -9999.00 -9999.00 0.00 0.20 0.55 1.17 7.88 9.81 11.83 12.56 12.43 9.45 11.22 16.06 24.59 21.12 21.69 18.52 13.36 11.25 4.69 3.37 2.52 1.43 0.56 0.62 0.67 0.73 0.79 0.84 0.90 0.95 1.00 1.04 1.07 -9999.00 1.12 1.27 1.41 1.56 1.44 1.60 1.67 1.81 1.94 2.12 1.44 1.39 1.29 1.37 1.54 2.72 4.07 3.97
-9999.00 -9999.00 -9999.00 -9999.00 -9999.00 -9999.00 -9999.00 -9999.00 -9999.00 -9999.00 -9999.00 -9999.00 -9999.00 -9999.00 -9999.00 -9999.00 -9999.00 -9999.00 -9999.00 -9999.00 -9999.00 -9999.00 -9999.00 1.00 2.35 3.40 5.96 12.55 -9999.00 -9999.00 11.29 14.64 25.40 25.34 22.11 21.50 14.84 10.46 8.62 2.14 2.08 1.13 1.18 0.56 0.62 0.68 0.74 0.79 0.85 0.90 0.96 1.00 1.30 4.33 -9999.00 1.25 1.41 1.50 1.58 1.89 1.70 1.77 2.00 2.10 2.48 3.46 1.29 1.34 1.69 2.24 2.77 3.59 3.67
-9999.00 -9999.00 -9999.00 -9999.00 -9999.00 -9999.00 -9999.00 -9999.00 -9999.00 -9999.00 -9999.00 -9999.00 -9999.00 -9999.00 -9999.00 -9999.00 -9999.00 -9999.00 -9999.00 -9999.00 -9999.00 -9999.00 -9999.00 -9999.00 3.39 5.73 7.31 -9999.00 -9999.00 -9999.00 11.78 24.35 24.58 26.50 25.20 26.73 11.26 9.25 6.75 4.54 1.33 1.13 0.51 0.56 0.62 0.68 0.74 0.79 0.85 0.90 -9999.00 1.17 1.63 -9999.00 -9999.00 -9999.00 1.56 1.56 1.90 2.10 2.50 3.04 1.98 2.35 3.18 3.28 3.20 3.67 2.03 2.83 3.61 3.68 3.98
-9999.00 -9999.00 -9999.00 -9999.00 -9999.00 -9999.00 -9999.00 -9999.00 -9999.00 -9999.00 -9999.00 -9999.00 -9999.00 -9999.00 -9999.00 -9999.00 -9999.00 -9999.00 -9999.00 -9999.00 -9999.00 -9999.00 -9999.00 -9999.00 -9999.00 -9999.00 -9999.00 -9999.00 -9999.00 -9999.00 -9999.00 6.59 25.04 24.71 28.28 19.59 18.34 8.04 5.25 3.84 3.16 0.45 0.50 0.56 0.62 0.67 0.73 0.79 0.84 -9999.00 -9999.00 -9999.00 -9999.00 -9999.00 -9999.00 -9999.00 3.98 1.60 1.97 2.55 2.77 3.56 5.01 2.66 3.62 3.37 3.48 3.14 3.48 3.28 3.63 4.07 3.64
-9999.00 -9999.00 -9999.00 -9999.00 -9999.00 -9999.00 -9999.00 -9999.00 -9999.00 -9999.00 -9999.00 -9999.00 -9999.00 -9999.00 -9999.00 -9999.00 -9999.00 -9999.00 -9999.00 -9999.00 -9999.00 -9999.00 -9999.00 -9999.00 -9999.00 -9999.00 -9999.00 -9999.00 -9999.00 -9999.00 -9999.00 5.45 4.85 26.42 19.67 16.57 17.75 14.79 4.07 3.28 2.07 0.45 0.50 0.55 0.61 0.66 0.72 0.78 0.83 -9999.00 -9999.00 -9999.00 -9999.00 -9999.00 -9999.00 -9999.00 -9999.00 4.52 4.72 2.77 3.40 4.52 5.62 6.54 3.06 3.31 3.48 3.64 3.41 3.40 4.18 4.02 3.19
-9999.00 -9999.00 -9999.00 -9999.00 -9999.00 -9999.00 -9999.00 -9999.00 -9999.00 -9999.00 -9999.00 -9999.00 -9999.00 -9999.00 -9999.00 -9999.00 -9999.00 -9999.00 -9999.00 -9999.00 -9999.00 -9999.00 -9999.00 -9999.00 -9999.00 -9999.00 -9999.00 -9999.00 -9999.00 -9999.00 -9999.00 -9999.00 3.80 4.40 16.24 17.72 15.39 12.94 11.73 1.68 1.40 0.44 0.49 0.54 0.59 0.65 0.71 0.76 0.81 -9999.00 -9999.00 -9999.00 -9999.00 -9999.00 -9999.00 -9999.00 -9999.00 -9999.00 -9999.00 -9999.00 4.44 5.11 6.04 7.19 8.64 9.10 2.97 3.45 3.56 3.24 3.95 4.38 3.41
-9999.00 -9999.00 -9999.00 -9999.00 -9999.00 -9999.00 -9999.00 -9999.00 -9999.00 -9999.00 -9999.00 -9999.00 -9999.00 -9999.00 -9999.00 -9999.00 -9999.00 -9999.00 -9999.00 -9999.00 -9999.00 -9999.00 -9999.00 -9999.00 -9999.00 -9999.00 -9999.00 -9999.00 -9999.00 -9999.00 -9999.00 -9999.00 -9999.00 -9999.00 -9999.00 14.64 13.65 12.85 7.18 8.26 0.41 0.42 0.47 0.52 0.58 0.63 0.69 0.74 -9999.00 -9999.00 -9999.00 -9999.00 -9999.00 -9999.00 -9999.00 -9999.00 -9999.00 -9999.00 -9999.00 -9999.00 -9999.00 -9999.00 -9999.00 -9999.00 -9999.00 8.39 7.33 4.48 3.09 3.49 4.09 4.32 3.90
-9999.00 -9999.00 -9999.00 -9999.00 -9999.00 -9999.00 -9999.00 -9999.00 -9999.00 -9999.00 -9999.00 -9999.00 -9999.00 -9999.00 -9999.00 -9999.00 -9999.00 -9999.00 -9999.00 -9999.00 -9999.00 -9999.00 -9999.00 -9999.00 -9999.00 -9999.00 -9999.00 -9999.00 -9999.00 -9999.00 -9999.00 -9999.00 -9999.00 -9999.00 -9999.00 -9999.00 1.05 9.01 4.80 1.48 0.53 0.41 0.46 0.51 0.56 0.61 0.66 -9999.00 -9999.00 -9999.00 -9999.00 -9999.00 -9999.00 -9999.00 -9999.00 -9999.00 -9999.00 -9999.00 -9999.00 -9999.00 -9999.00 -9999.00 -9999.00 -9999.00 -9999.00 -9999.00 -9999.00 7.37 3.14 -9999.00 -9999.00 -9999.00 -9999.00
