dati/cumulata_oraria_prisma_2018052822.txt
ncols        251
nrows        249
xllcorner         436000.00000
yllcorner        4918000.00000
cellsize           1000.00000
NODATA_value          -9999.00000
[rows 96 to 127 of 249, columns 146 to 218 of 251]
0.90 0.84 0.81 0.69 0.48 0.41 0.35 0.29 0.23 0.18 0.00 0.00 0.00 0.00 0.00 0.00 0.00 0.00 0.00 0.00 0.00 0.00 0.00 0.00 0.00 0.00 0.00 0.00 0.00 0.00 0.00 0.00 0.00 0.00 0.00 0.00 0.00 0.00 0.00 0.00 0.00 0.00 0.00 0.00 0.00 0.00 0.00 0.00 0.16 0.17 0.32 0.35 0.30 0.17 0.17 0.17 0.17 0.16 -9999.00 -9999.00 -9999.00 -9999.00 -9999.00 -9999.00 -9999.00 -9999.00 -9999.00 -9999.00 -9999.00 -9999.00 -9999.00 -9999.00 -9999.00
0.97 0.91 0.86 0.74 0.53 0.45 0.38 0.32 0.26 0.21 0.28 0.25 0.24 0.23 0.00 0.00 0.00 0.00 0.00 0.21 0.22 0.22 0.00 0.00 0.00 0.00 0.00 0.00 0.00 0.00 0.00 0.00 0.00 0.00 0.00 0.00 0.00 0.00 0.00 0.00 0.00 0.00 0.00 0.00 0.00 0.00 0.00 0.16 0.16 0.17 0.17 0.17 0.17 0.17 0.17 0.17 0.17 0.16 -9999.00 -9999.00 -9999.00 -9999.00 -9999.00 -9999.00 -9999.00 -9999.00 -9999.00 -9999.00 -9999.00 -9999.00 -9999.00 -9999.00 -9999.00
0.90 0.94 0.85 0.66 0.58 0.50 0.43 0.36 0.29 0.41 0.37 0.28 0.26 0.27 0.30 0.23 0.23 0.25 0.21 0.22 0.24 0.23 0.25 0.00 0.00 0.00 0.00 0.00 0.00 0.00 0.00 0.00 0.00 0.00 0.00 0.00 0.00 0.00 0.00 0.00 0.00 0.00 0.00 0.00 0.00 0.00 0.00 0.16 0.16 0.17 0.17 0.17 0.17 0.17 0.17 0.17 0.16 -9999.00 -9999.00 -9999.00 -9999.00 -9999.00 -9999.00 -9999.00 -9999.00 -9999.00 -9999.00 -9999.00 -9999.00 -9999.00 -9999.00 -9999.00 -9999.00
0.97 0.89 0.81 0.72 0.64 0.55 0.48 0.40 0.48 0.49 0.47 0.45 0.43 0.46 0.32 0.26 0.26 0.27 0.28 0.26 0.34 0.35 0.28 0.00 0.00 0.00 0.16 0.17 0.17 0.17 0.17 0.17 0.16 0.16 0.00 0.00 0.00 0.00 0.00 0.00 0.00 0.00 0.00 0.00 0.00 0.00 0.00 0.16 0.16 0.16 0.17 0.17 0.17 0.17 0.17 0.16 0.00 -9999.00 -9999.00 -9999.00 -9999.00 -9999.00 -9999.00 -9999.00 -9999.00 -9999.00 -9999.00 -9999.00 -9999.00 -9999.00 -9999.00 -9999.00 -9999.00
1.05 0.97 0.88 0.79 0.70 0.61 0.53 0.56 0.58 0.58 0.55 0.50 0.50 0.50 0.49 0.47 0.39 0.39 0.33 0.39 0.41 0.39 0.34 0.33 0.20 0.20 0.21 0.21 0.21 0.21 0.20 0.20 0.19 0.19 0.18 0.18 0.17 0.17 0.16 0.00 0.00 0.00 0.00 0.00 0.00 0.00 0.00 0.00 0.16 0.16 0.16 0.16 0.16 0.16 0.16 0.00 -9999.00 -9999.00 -9999.00 -9999.00 -9999.00 -9999.00 -9999.00 -9999.00 -9999.00 -9999.00 -9999.00 -9999.00 -9999.00 -9999.00 -9999.00 -9999.00 -9999.00
1.13 1.04 0.95 0.86 0.77 0.79 0.77 0.66 0.67 0.68 0.67 0.64 0.61 0.60 0.57 0.52 0.49 0.46 0.53 0.54 0.53 0.50 0.40 0.35 0.25 0.26 0.26 0.26 0.26 0.25 0.24 0.24 0.23 0.22 0.21 0.20 0.19 0.19 0.18 0.17 0.17 0.16 0.16 0.00 0.00 0.00 0.00 0.00 0.00 0.00 0.00 0.00 0.00 0.00 0.00 -9999.00 -9999.00 -9999.00 -9999.00 -9999.00 -9999.00 -9999.00 -9999.00 -9999.00 -9999.00 -9999.00 -9999.00 -9999.00 -9999.00 -9999.00 -9999.00 -9999.00 -9999.00
1.21 1.12 1.03 1.10 0.97 0.90 0.89 0.92 0.89 0.97 0.95 0.72 0.68 0.66 0.62 0.65 0.65 0.61 0.61 0.63 0.61 0.57 0.59 0.56 0.49 0.33 0.33 0.32 0.31 0.31 0.29 0.28 0.27 0.26 0.24 0.23 0.22 0.21 0.20 0.19 0.18 0.17 0.17 0.16 0.16 0.00 0.00 0.00 0.00 0.00 0.00 0.00 0.00 0.00 0.00 -9999.00 -9999.00 -9999.00 -9999.00 -9999.00 -9999.00 -9999.00 -9999.00 -9999.00 -9999.00 -9999.00 -9999.00 -9999.00 -9999.00 -9999.00 -9999.00 -9999.00 -9999.00
1.29 1.21 1.30 1.23 1.19 1.21 1.12 1.09 1.17 1.25 1.13 1.07 1.03 0.74 0.76 0.75 0.83 0.86 0.88 0.90 0.75 0.67 0.64 0.58 0.54 0.55 0.54 0.40 0.38 0.37 0.35 0.34 0.32 0.30 0.28 0.27 0.25 0.23 0.22 0.21 0.19 0.18 0.18 0.17 0.16 0.00 0.00 0.00 0.00 0.00 0.00 0.00 0.00 0.00 -9999.00 -9999.00 -9999.00 -9999.00 -9999.00 -9999.00 -9999.00 -9999.00 -9999.00 -9999.00 -9999.00 -9999.00 -9999.00 -9999.00 -9999.00 -9999.00 -9999.00 -9999.00 -9999.00
1.49 1.46 1.42 1.37 1.34 1.37 1.39 1.46 1.57 1.38 1.24 1.18 1.15 1.10 1.00 0.96 0.99 0.98 1.01 1.03 1.03 1.03 1.03 0.72 0.62 0.64 0.62 0.60 0.47 0.45 0.42 0.40 0.38 0.35 0.33 0.31 0.28 0.26 0.24 0.23 0.21 0.20 0.19 0.18 0.17 0.16 0.00 0.00 0.00 0.00 0.00 0.00 0.00 0.00 -9999.00 -9999.00 -9999.00 -9999.00 -9999.00 -9999.00 -9999.00 -9999.00 -9999.00 -9999.00 -9999.00 -9999.00 -9999.00 -9999.00 -9999.00 -9999.00 -9999.00 -9999.00 -9999.00
1.71 1.59 1.54 1.51 1.53 1.57 1.52 1.57 1.69 1.70 1.63 1.58 1.29 1.20 1.10 1.23 1.18 1.08 1.16 1.15 1.16 1.17 1.14 1.07 0.96 1.00 0.92 0.69 0.56 0.53 0.50 0.47 0.44 0.41 0.38 0.35 0.32 0.30 0.27 0.25 0.23 0.21 0.20 0.18 0.17 0.16 0.00 0.00 0.00 0.00 0.00 0.00 0.00 -9999.00 -9999.00 -9999.00 -9999.00 -9999.00 -9999.00 -9999.00 -9999.00 -9999.00 -9999.00 -9999.00 -9999.00 -9999.00 -9999.00 -9999.00 -9999.00 -9999.00 -9999.00 -9999.00 -9999.00
1.80 1.86 1.84 1.67 1.61 1.67 1.66 1.77 1.78 1.85 1.75 1.60 1.66 1.60 1.55 1.60 1.26 1.36 1.33 1.28 1.29 1.27 1.21 1.17 1.10 1.13 1.07 0.99 0.77 0.63 0.60 0.56 0.52 0.48 0.44 0.40 0.37 0.34 0.31 0.28 0.25 0.23 0.21 0.19 0.18 0.17 0.00 0.00 0.00 0.00 0.00 0.00 -9999.00 -9999.00 -9999.00 -9999.00 -9999.00 -9999.00 -9999.00 -9999.00 -9999.00 -9999.00 -9999.00 -9999.00 -9999.00 -9999.00 -9999.00 -9999.00 -9999.00 -9999.00 -9999.00 -9999.00 -9999.00
1.99 1.96 1.93 1.90 1.91 1.89 1.87 1.95 2.11 2.09 2.07 1.90 1.85 1.76 1.72 1.71 1.65 1.64 1.57 1.47 1.47 1.40 1.35 1.31 1.23 1.25 1.19 1.11 1.06 0.95 0.70 0.65 0.60 0.55 0.51 0.46 0.42 0.38 0.34 0.31 0.28 0.25 0.23 0.20 0.19 0.17 0.00 0.00 0.00 0.00 0.00 0.00 -9999.00 -9999.00 -9999.00 -9999.00 -9999.00 -9999.00 -9999.00 -9999.00 -9999.00 -9999.00 -9999.00 -9999.00 -9999.00 -9999.00 -9999.00 -9999.00 -9999.00 -9999.00 -9999.00 -9999.00 -9999.00
2.08 2.16 2.11 2.06 1.97 2.03 2.04 2.15 2.24 2.34 2.17 2.08 2.06 1.94 2.08 1.89 1.86 1.79 1.73 1.70 1.66 1.63 1.55 1.41 1.40 1.37 1.31 1.24 1.18 1.08 0.99 0.75 0.69 0.64 0.58 0.53 0.48 0.43 0.38 0.34 0.31 0.27 0.24 0.22 0.19 0.17 0.00 0.00 0.00 0.00 0.00 -9999.00 -9999.00 -9999.00 -9999.00 -9999.00 -9999.00 -9999.00 -9999.00 -9999.00 -9999.00 -9999.00 -9999.00 -9999.00 -9999.00 -9999.00 -9999.00 -9999.00 -9999.00 -9999.00 -9999.00 -9999.00 -9999.00
2.25 2.25 2.22 2.24 2.20 2.20 2.23 2.31 2.44 2.46 2.59 2.58 2.24 2.15 2.27 2.21 2.16 2.20 1.93 1.88 1.86 1.85 1.79 1.75 1.82 1.55 1.45 1.35 1.28 1.21 1.12 0.86 0.80 0.73 0.66 0.60 0.54 0.48 0.43 0.38 0.34 0.30 0.26 0.23 0.20 0.18 0.16 0.00 0.00 0.00 -9999.00 -9999.00 -9999.00 -9999.00 -9999.00 -9999.00 -9999.00 -9999.00 -9999.00 -9999.00 -9999.00 -9999.00 -9999.00 -9999.00 -9999.00 -9999.00 -9999.00 -9999.00 -9999.00 -9999.00 -9999.00 -9999.00 -9999.00
2.33 2.32 2.32 2.24 2.42 2.39 2.41 2.47 2.42 2.73 2.69 2.76 2.65 2.41 2.49 2.40 2.40 2.44 2.42 2.39 2.38 2.13 2.02 2.04 1.96 1.84 1.74 1.67 1.40 1.29 1.19 0.98 0.90 0.83 0.75 0.68 0.61 0.54 0.48 0.42 0.37 0.33 0.29 0.25 0.22 0.19 0.16 0.00 0.00 0.00 -9999.00 -9999.00 -9999.00 -9999.00 -9999.00 -9999.00 -9999.00 -9999.00 -9999.00 -9999.00 -9999.00 -9999.00 -9999.00 -9999.00 -9999.00 -9999.00 -9999.00 -9999.00 -9999.00 -9999.00 -9999.00 -9999.00 -9999.00
2.52 2.41 2.41 2.41 2.48 2.42 2.59 2.57 2.59 2.65 2.77 2.87 2.71 2.69 2.66 2.70 2.78 2.70 2.63 2.57 2.59 2.52 2.41 2.41 2.15 2.04 1.92 1.79 1.60 1.45 1.32 1.11 1.02 0.93 0.84 0.76 0.68 0.60 0.53 0.47 0.41 0.36 0.31 0.27 0.23 0.20 0.17 0.00 0.00 -9999.00 -9999.00 -9999.00 -9999.00 -9999.00 -9999.00 -9999.00 -9999.00 -9999.00 -9999.00 -9999.00 -9999.00 -9999.00 -9999.00 -9999.00 -9999.00 -9999.00 -9999.00 -9999.00 -9999.00 -9999.00 -9999.00 -9999.00 -9999.00
2.58 2.61 2.61 2.60 2.60 2.55 2.55 2.71 2.68 2.91 3.00 2.90 2.92 3.13 2.90 2.99 3.03 3.12 3.22 3.24 2.82 2.76 2.63 2.67 2.51 2.41 2.32 1.97 1.86 1.65 1.53 1.30 1.14 1.04 0.94 0.85 0.76 0.67 0.59 0.52 0.45 0.39 0.34 0.29 0.25 0.21 0.18 0.00 -9999.00 -9999.00 -9999.00 -9999.00 -9999.00 -9999.00 -9999.00 -9999.00 -9999.00 -9999.00 -9999.00 -9999.00 -9999.00 -9999.00 -9999.00 -9999.00 -9999.00 -9999.00 -9999.00 -9999.00 -9999.00 -9999.00 -9999.00 -9999.00 -9999.00
2.79 2.67 2.72 2.75 2.76 2.77 2.73 2.77 2.86 2.89 2.93 3.12 3.15 3.36 3.22 3.28 3.30 3.39 3.47 3.46 3.37 3.20 3.20 2.95 2.72 2.60 2.45 2.28 1.93 1.81 1.69 1.54 1.40 1.30 1.04 0.94 0.84 0.74 0.66 0.57 0.50 0.43 0.37 0.32 0.27 0.23 0.19 -9999.00 -9999.00 -9999.00 -9999.00 -9999.00 -9999.00 -9999.00 -9999.00 -9999.00 -9999.00 -9999.00 -9999.00 -9999.00 -9999.00 -9999.00 -9999.00 -9999.00 -9999.00 -9999.00 -9999.00 -9999.00 -9999.00 -9999.00 -9999.00 -9999.00 -9999.00
2.82 2.84 2.97 2.83 2.87 2.88 2.99 3.04 3.05 3.08 3.17 3.13 3.49 3.66 3.42 3.51 3.60 3.66 3.61 3.63 3.66 3.43 3.48 3.28 3.16 3.05 2.62 2.48 2.25 2.18 1.83 1.66 1.54 1.44 1.29 1.03 0.92 0.82 0.72 0.63 0.55 0.47 0.41 0.35 0.29 0.24 0.20 -9999.00 -9999.00 -9999.00 -9999.00 -9999.00 -9999.00 -9999.00 -9999.00 -9999.00 -9999.00 -9999.00 -9999.00 -9999.00 -9999.00 -9999.00 -9999.00 -9999.00 -9999.00 -9999.00 -9999.00 -9999.00 -9999.00 -9999.00 -9999.00 -9999.00 -9999.00
3.02 3.01 3.04 3.03 3.02 3.02 3.11 3.24 3.31 3.43 3.48 3.36 3.77 3.72 3.76 3.77 3.90 3.90 3.89 3.88 3.79 3.79 3.72 3.52 3.40 3.26 2.98 2.79 2.44 2.27 2.10 1.96 1.77 1.53 1.46 1.26 1.01 0.90 0.79 0.69 0.60 0.52 0.45 0.38 0.32 0.27 -9999.00 -9999.00 -9999.00 -9999.00 -9999.00 -9999.00 -9999.00 -9999.00 -9999.00 -9999.00 -9999.00 -9999.00 -9999.00 -9999.00 -9999.00 -9999.00 -9999.00 -9999.00 -9999.00 -9999.00 -9999.00 -9999.00 -9999.00 -9999.00 -9999.00 -9999.00 -9999.00
2.96 3.21 3.27 3.11 3.12 3.16 3.26 3.34 3.51 3.61 3.59 3.95 4.08 3.95 3.96 3.89 3.98 4.00 4.22 4.14 4.06 4.02 3.89 3.71 3.60 3.47 3.14 2.94 2.67 2.43 2.27 2.11 1.92 1.70 1.60 1.40 1.10 0.98 0.86 0.76 0.66 0.57 0.49 0.41 0.35 0.29 -9999.00 -9999.00 -9999.00 -9999.00 -9999.00 -9999.00 -9999.00 -9999.00 -9999.00 -9999.00 -9999.00 -9999.00 -9999.00 -9999.00 -9999.00 -9999.00 -9999.00 -9999.00 -9999.00 -9999.00 -9999.00 -9999.00 -9999.00 -9999.00 -9999.00 -9999.00 -9999.00
4.07 3.25 3.16 3.33 3.29 3.29 3.38 3.49 3.65 3.76 3.77 4.16 4.31 4.37 4.55 4.15 4.24 4.24 4.24 4.22 4.16 4.32 4.07 3.88 3.71 3.61 3.39 3.10 2.92 2.69 2.60 2.26 2.02 1.85 1.72 1.55 1.38 1.06 0.94 0.82 0.72 0.62 0.53 0.45 0.38 0.32 -9999.00 -9999.00 -9999.00 -9999.00 -9999.00 -9999.00 -9999.00 -9999.00 -9999.00 -9999.00 -9999.00 -9999.00 -9999.00 -9999.00 -9999.00 -9999.00 -9999.00 -9999.00 -9999.00 -9999.00 -9999.00 -9999.00 -9999.00 -9999.00 -9999.00 -9999.00 -9999.00
4.16 4.22 4.25 3.27 3.41 3.40 3.45 3.64 3.84 4.03 4.44 4.51 4.63 4.62 4.68 4.74 4.80 4.70 4.50 4.42 4.46 4.35 4.22 4.07 3.92 3.79 3.56 3.34 3.06 2.87 2.65 2.49 2.33 2.08 1.79 1.65 1.51 1.15 1.02 0.89 0.78 0.68 0.58 0.50 0.42 0.35 -9999.00 -9999.00 -9999.00 -9999.00 -9999.00 -9999.00 -9999.00 -9999.00 -9999.00 -9999.00 -9999.00 -9999.00 -9999.00 -9999.00 -9999.00 -9999.00 -9999.00 -9999.00 -9999.00 -9999.00 -9999.00 -9999.00 -9999.00 -9999.00 -9999.00 -9999.00 -9999.00
4.74 4.15 4.48 4.67 4.19 3.43 3.50 3.68 3.85 4.00 4.53 4.78 4.89 5.22 5.31 4.94 4.90 4.80 4.70 4.70 4.69 4.59 4.42 4.27 4.12 4.04 3.72 3.53 3.38 3.08 2.79 2.60 2.39 2.20 1.99 1.83 1.63 1.31 1.10 0.97 0.85 0.74 0.64 0.55 0.46 0.39 -9999.00 -9999.00 -9999.00 -9999.00 -9999.00 -9999.00 -9999.00 -9999.00 -9999.00 -9999.00 -9999.00 -9999.00 -9999.00 -9999.00 -9999.00 -9999.00 -9999.00 -9999.00 -9999.00 -9999.00 -9999.00 -9999.00 -9999.00 -9999.00 -9999.00 -9999.00 -9999.00
4.57 4.75 5.88 4.38 4.14 4.08 4.35 3.76 3.94 4.09 4.45 4.77 5.08 5.34 5.44 5.69 5.75 4.91 4.88 5.05 5.18 4.96 4.56 4.44 4.27 4.18 4.01 3.87 3.51 3.21 3.02 2.82 2.51 2.33 2.14 1.89 1.70 1.50 1.35 1.04 0.92 0.80 0.70 0.60 0.51 0.43 -9999.00 -9999.00 -9999.00 -9999.00 -9999.00 -9999.00 -9999.00 -9999.00 -9999.00 -9999.00 -9999.00 -9999.00 -9999.00 -9999.00 -9999.00 -9999.00 -9999.00 -9999.00 -9999.00 -9999.00 -9999.00 -9999.00 -9999.00 -9999.00 -9999.00 -9999.00 -9999.00
4.40 5.56 5.59 5.32 4.28 4.18 4.43 4.27 4.32 4.37 4.60 4.87 5.29 5.48 5.63 5.85 5.92 5.81 5.66 5.36 5.22 5.18 5.08 4.85 4.88 4.33 4.17 3.94 3.67 3.36 3.14 2.88 2.71 2.50 2.34 2.01 1.77 1.61 1.46 1.31 1.18 1.07 0.76 0.66 0.56 0.48 -9999.00 -9999.00 -9999.00 -9999.00 -9999.00 -9999.00 -9999.00 -9999.00 -9999.00 -9999.00 -9999.00 -9999.00 -9999.00 -9999.00 -9999.00 -9999.00 -9999.00 -9999.00 -9999.00 -9999.00 -9999.00 -9999.00 -9999.00 -9999.00 -9999.00 -9999.00 -9999.00
4.65 4.34 5.44 4.84 4.44 5.15 4.72 4.22 4.36 4.63 4.85 4.96 5.42 5.76 6.28 6.45 6.09 5.88 5.77 6.14 6.14 5.31 5.22 4.98 4.93 4.89 4.69 4.01 3.85 3.63 3.53 3.03 2.80 2.60 2.37 2.16 1.95 1.71 1.55 1.39 1.25 1.11 0.95 0.72 0.62 0.54 0.45 -9999.00 -9999.00 -9999.00 -9999.00 -9999.00 -9999.00 -9999.00 -9999.00 -9999.00 -9999.00 -9999.00 -9999.00 -9999.00 -9999.00 -9999.00 -9999.00 -9999.00 -9999.00 -9999.00 -9999.00 -9999.00 -9999.00 -9999.00 -9999.00 -9999.00 -9999.00
4.35 4.38 4.36 4.41 4.80 5.12 4.68 4.74 4.53 4.70 5.13 5.15 5.72 6.34 6.41 7.30 7.44 7.59 6.29 6.40 6.33 6.59 6.61 6.24 5.13 4.93 4.87 4.92 3.99 3.68 3.47 3.20 3.02 2.72 2.46 2.24 2.06 1.89 1.67 1.51 1.35 1.18 1.02 0.79 0.69 0.60 0.51 -9999.00 -9999.00 -9999.00 -9999.00 -9999.00 -9999.00 -9999.00 -9999.00 -9999.00 -9999.00 -9999.00 -9999.00 -9999.00 -9999.00 -9999.00 -9999.00 -9999.00 -9999.00 -9999.00 -9999.00 -9999.00 -9999.00 -9999.00 -9999.00 -9999.00 -9999.00
5.36 5.52 4.21 4.32 4.42 4.23 4.47 4.66 4.85 5.05 5.00 5.20 5.76 6.39 7.43 8.08 7.59 7.50 8.36 8.30 6.54 6.74 6.57 6.41 6.52 6.33 4.94 5.01 4.64 3.95 3.59 3.33 3.12 2.77 2.61 2.45 2.20 1.98 1.75 1.57 1.44 1.32 1.20 0.97 0.76 0.67 0.58 -9999.00 -9999.00 -9999.00 -9999.00 -9999.00 -9999.00 -9999.00 -9999.00 -9999.00 -9999.00 -9999.00 -9999.00 -9999.00 -9999.00 -9999.00 -9999.00 -9999.00 -9999.00 -9999.00 -9999.00 -9999.00 -9999.00 -9999.00 -9999.00 -9999.00 -9999.00
5.22 5.06 4.85 4.80 4.29 4.18 4.37 4.58 4.92 4.70 4.70 4.80 6.01 6.88 7.98 9.07 9.70 8.50 8.39 8.52 8.83 8.99 6.47 6.68 6.59 6.54 6.35 6.35 4.67 4.49 4.33 4.21 3.20 2.87 2.71 2.50 2.36 2.19 1.84 1.71 1.54 1.41 1.31 1.11 0.85 0.75 0.65 -9999.00 -9999.00 -9999.00 -9999.00 -9999.00 -9999.00 -9999.00 -9999.00 -9999.00 -9999.00 -9999.00 -9999.00 -9999.00 -9999.00 -9999.00 -9999.00 -9999.00 -9999.00 -9999.00 -9999.00 -9999.00 -9999.00 -9999.00 -9999.00 -9999.00 -9999.00
8.79 4.63 4.72 4.62 4.64 4.12 4.58 4.48 4.48 4.57 4.53 4.84 5.02 5.35 8.85 9.15 9.60 10.64 10.91 8.83 8.84 8.95 10.00 10.63 10.28 6.57 6.54 6.42 4.58 4.67 4.53 4.05 3.89 3.59 2.79 2.57 2.41 2.23 2.02 1.86 1.74 1.52 1.41 1.18 0.94 0.83 0.74 -9999.00 -9999.00 -9999.00 -9999.00 -9999.00 -9999.00 -9999.00 -9999.00 -9999.00 -9999.00 -9999.00 -9999.00 -9999.00 -9999.00 -9999.00 -9999.00 -9999.00 -9999.00 -9999.00 -9999.00 -9999.00 -9999.00 -9999.00 -9999.00 -9999.00 -9999.00
8.63 8.00 8.09 4.17 4.45 4.24 4.16 4.06 4.31 4.48 4.70 4.68 5.05 5.50 5.76 5.76 10.24 10.79 10.83 10.98 11.76 8.87 10.71 10.41 10.55 10.08 9.37 6.48 6.51 6.28 4.60 4.10 3.93 3.54 3.16 2.96 2.71 2.32 2.12 1.95 1.83 1.69 1.56 1.25 1.04 0.93 0.83 -9999.00 -9999.00 -9999.00 -9999.00 -9999.00 -9999.00 -9999.00 -9999.00 -9999.00 -9999.00 -9999.00 -9999.00 -9999.00 -9999.00 -9999.00 -9999.00 -9999.00 -9999.00 -9999.00 -9999.00 -9999.00 -9999.00 -9999.00 -9999.00 -9999.00 -9999.00
