dati/cumulata_oraria_prisma_2018052806.txt
ncols        251
nrows        249
xllcorner         436000.00000
yllcorner        4918000.00000
cellsize           1000.00000
NODATA_value          -9999.00000
[rows 128 to 159 of 249, columns 73 to 145 of 251]
1.09 0.49 0.38 0.51 0.94 1.72 2.39 1.75 1.17 1.08 1.13 1.04 1.01 1.06 1.15 1.14 1.21 1.40 1.69 2.23 6.62 7.35 6.88 4.24 3.66 3.61 4.02 5.11 7.20 7.87 6.38 4.50 3.14 2.81 2.66 2.52 2.33 2.12 1.96 1.72 1.62 1.52 1.92 2.14 2.29 1.56 1.53 1.25 1.10 1.18 1.40 1.01 0.95 0.96 1.04 1.12 1.23 1.22 1.34 1.70 1.56 1.50 1.34 1.19 1.14 1.09 1.09 0.94 0.87 0.81 0.58 0.55 0.00
0.91 0.28 0.32 0.58 0.71 1.57 1.67 1.27 1.19 1.18 1.08 1.03 0.99 1.12 1.16 1.17 1.22 1.41 1.69 2.78 5.28 8.14 6.17 4.67 3.42 3.27 3.69 5.22 6.90 7.77 7.06 4.77 3.44 2.96 2.74 2.53 2.40 2.20 2.01 1.77 1.66 1.56 2.45 2.59 1.85 1.61 1.55 1.32 1.22 1.20 1.16 1.02 0.98 1.04 1.12 1.18 1.29 1.45 1.66 1.81 1.75 1.54 1.32 1.30 1.26 1.14 1.13 1.13 0.88 0.78 0.61 0.58 0.00
0.64 0.24 0.32 0.56 0.74 1.29 1.58 1.38 1.21 1.26 1.23 1.10 1.09 1.21 1.27 1.19 1.23 1.43 1.90 2.68 4.96 6.92 7.00 4.72 3.29 3.09 3.71 4.24 6.58 8.57 7.70 5.41 3.32 3.14 2.75 2.59 2.41 2.22 2.05 1.81 1.70 1.60 2.16 2.32 2.24 1.81 1.86 1.47 1.27 1.23 1.11 1.01 1.01 1.03 1.18 1.40 1.39 1.52 1.62 1.87 1.66 1.57 1.51 1.30 1.30 1.27 1.23 1.12 1.03 0.90 0.64 0.61 0.00
0.39 0.21 0.37 0.62 1.05 1.33 1.29 1.18 1.32 1.38 1.25 1.11 1.11 1.19 1.23 1.17 1.26 1.48 1.84 2.36 4.25 8.43 6.99 5.33 3.25 3.15 3.81 4.39 5.37 8.14 8.19 5.01 4.50 3.11 3.03 2.62 2.48 2.25 2.11 1.93 1.74 1.75 1.96 2.48 2.58 2.36 1.74 1.54 1.34 1.27 1.21 1.05 1.05 1.17 1.24 1.36 1.47 1.54 1.85 1.90 1.72 1.54 1.52 1.57 1.44 1.40 1.36 1.27 1.00 0.93 0.88 0.00 0.00
0.30 0.26 0.44 0.81 1.00 1.06 1.19 1.27 1.57 1.55 1.43 1.15 1.17 1.25 1.25 1.19 1.28 1.44 2.50 2.90 3.86 6.92 7.91 5.06 3.90 3.01 3.89 4.32 6.30 7.27 7.45 6.35 4.00 3.81 2.94 2.80 2.46 2.33 2.10 1.99 1.88 1.75 2.16 2.68 3.68 2.27 2.10 1.46 1.32 1.31 1.12 1.15 1.07 1.12 1.34 1.37 1.52 1.66 1.81 1.86 1.68 1.67 1.76 1.62 1.62 1.63 1.37 1.32 1.29 0.96 0.87 0.00 0.00
0.16 0.23 0.59 1.31 1.39 1.12 0.99 1.46 1.59 1.40 1.54 1.21 1.13 1.35 1.20 1.21 1.27 1.68 2.08 2.60 3.94 5.18 8.55 6.85 4.11 3.55 4.03 4.78 5.44 7.89 7.98 5.68 5.11 3.47 3.31 2.71 2.55 2.31 2.16 2.02 1.92 1.81 2.44 3.05 3.74 3.34 1.97 1.67 1.28 1.24 1.14 1.14 1.19 1.20 1.30 1.47 1.52 1.60 1.87 1.79 1.75 1.76 1.85 1.92 1.67 1.58 1.50 1.36 1.45 1.42 1.06 0.00 0.00
0.00 0.35 0.92 1.46 1.59 1.52 1.24 1.68 1.59 1.39 1.45 1.34 1.29 1.25 1.14 1.23 1.27 1.48 1.87 3.12 3.72 5.41 6.03 5.24 3.72 3.00 4.26 4.65 6.91 7.46 7.42 5.97 4.53 4.00 3.06 2.84 2.53 2.35 2.16 2.05 1.94 1.92 2.91 2.92 3.19 2.23 1.74 1.44 1.20 1.18 1.12 1.16 1.21 1.28 1.36 1.47 1.57 1.74 1.73 1.76 1.79 1.95 1.95 2.07 1.93 1.55 1.55 1.64 1.92 1.37 0.90 0.00 0.00
0.00 0.65 1.26 1.85 2.03 1.49 1.53 1.63 1.51 1.55 1.54 1.22 1.12 1.09 1.16 1.22 1.24 1.36 1.94 2.45 4.40 4.99 4.37 3.89 3.28 3.11 3.57 5.63 6.75 7.05 6.91 6.44 5.23 3.79 3.23 2.82 2.57 2.30 2.17 2.05 1.98 1.96 2.23 3.24 2.32 1.79 1.35 1.24 1.15 1.08 1.10 1.16 1.25 1.38 1.39 1.49 1.54 1.60 1.63 1.65 1.83 2.11 2.53 2.24 1.90 1.81 1.68 1.83 1.92 1.78 0.86 0.00 0.00
0.00 0.47 1.56 2.21 1.71 1.48 1.51 1.75 1.63 1.69 1.51 1.32 1.10 1.08 1.12 1.17 1.17 1.28 1.36 4.41 5.87 6.03 4.71 3.92 2.98 3.02 4.57 5.73 6.77 6.99 7.06 6.05 4.92 3.98 3.18 2.91 2.60 2.38 2.16 2.07 2.24 2.25 2.03 2.20 1.94 1.56 1.34 1.23 1.08 1.07 0.98 1.05 1.17 1.43 1.42 1.41 1.55 1.56 1.47 1.73 1.88 2.04 2.44 2.23 2.26 1.81 1.85 1.88 2.00 1.75 0.98 0.00 0.00
0.00 0.00 0.58 0.85 0.96 1.09 1.68 1.73 1.53 1.69 1.47 1.11 1.08 1.07 1.05 1.20 1.21 1.23 1.38 5.30 5.86 5.71 5.69 3.52 3.33 3.36 4.27 5.85 6.72 6.93 7.12 7.43 4.46 4.05 3.23 2.90 2.57 2.39 2.23 2.33 2.64 2.79 3.56 1.75 1.47 1.42 1.34 1.24 1.04 0.91 0.95 0.95 1.14 1.15 1.40 1.46 1.39 1.48 1.53 1.64 1.95 2.55 2.55 2.27 2.21 2.06 1.93 1.90 1.93 1.81 0.91 0.00 0.00
0.00 0.00 0.00 0.33 0.44 0.82 0.95 1.41 1.65 1.74 1.46 1.17 1.08 1.05 1.03 1.16 1.26 1.19 1.37 1.65 6.75 7.40 5.32 4.00 2.96 3.58 4.66 6.28 6.46 6.89 7.41 6.78 6.48 3.68 3.38 2.78 2.68 2.34 2.35 2.68 3.85 3.98 3.25 2.24 1.43 1.36 1.29 1.23 1.14 0.89 0.85 0.95 0.94 1.23 1.23 1.29 1.40 1.39 1.64 1.70 2.12 2.54 2.65 2.69 2.11 2.08 2.21 2.25 1.97 1.41 1.18 0.00 0.00
0.00 0.00 0.00 0.00 0.27 0.39 0.70 1.36 1.74 1.78 1.40 1.17 1.09 1.04 1.07 1.14 1.14 1.17 1.24 1.81 1.78 3.56 2.93 2.62 2.94 3.13 5.43 6.65 5.81 6.15 7.95 8.88 5.46 4.57 3.34 3.10 2.56 2.46 2.65 3.07 4.00 3.59 2.75 2.12 1.85 1.48 1.45 1.19 1.11 0.87 0.83 0.80 0.96 0.96 1.20 1.18 1.26 1.36 1.63 1.98 2.61 2.80 2.74 2.57 2.52 2.43 2.27 2.41 2.35 1.28 0.95 0.00 0.00
0.00 0.00 0.00 0.00 0.00 0.29 0.36 0.56 0.88 0.97 0.91 1.05 1.13 1.04 1.02 1.14 1.16 1.05 1.17 1.30 1.53 1.77 1.92 2.58 2.90 3.39 4.28 7.04 6.70 6.90 7.69 8.42 6.87 4.14 3.66 2.95 2.80 2.43 2.39 3.63 4.44 3.10 2.83 2.20 1.63 1.53 1.62 1.55 0.92 0.85 0.81 0.78 0.89 0.93 0.95 1.21 1.32 1.37 2.02 2.34 2.95 2.90 2.99 3.12 2.40 2.67 2.64 2.46 2.35 1.72 0.82 0.00 0.00
0.00 0.00 0.00 0.00 0.00 0.18 0.34 0.39 0.49 0.66 0.80 1.12 0.99 0.99 0.98 1.12 1.10 1.03 1.15 1.28 1.41 1.60 2.00 2.19 2.70 3.61 5.90 6.44 5.83 6.41 8.34 9.81 7.72 4.70 3.85 3.19 2.66 2.54 2.78 3.89 4.40 3.52 2.49 2.23 1.63 1.72 1.64 1.45 1.29 0.82 0.78 0.90 0.85 0.92 0.96 1.05 1.32 1.77 2.07 2.95 3.36 4.57 3.11 3.28 3.61 2.73 2.52 2.30 1.91 1.57 1.15 0.00 0.00
0.00 0.00 0.00 0.00 0.00 0.18 0.20 0.32 0.42 0.58 0.74 1.00 1.05 0.96 0.96 1.04 1.05 1.01 1.13 1.25 1.38 1.50 1.90 2.31 2.74 3.10 5.57 7.22 5.63 5.56 10.29 9.73 6.30 5.58 3.55 3.33 2.59 2.63 3.53 3.91 3.69 2.83 2.75 2.08 1.78 1.78 1.63 1.70 0.97 0.95 0.91 1.04 0.99 1.09 1.05 1.11 1.48 2.02 2.86 4.26 4.27 5.05 6.17 3.58 3.76 3.45 2.39 2.33 2.03 1.40 0.88 0.00 0.00
0.00 0.00 0.00 0.00 0.00 0.18 0.20 0.23 0.39 0.48 0.81 0.91 1.10 0.87 0.95 1.03 1.02 0.99 1.11 1.23 1.35 1.47 1.89 2.44 2.75 4.04 4.74 6.71 6.42 5.93 7.65 9.75 8.94 5.50 5.09 3.19 2.99 2.66 2.91 4.46 4.12 2.78 2.52 2.48 1.68 1.62 1.75 1.53 1.12 0.91 0.93 1.20 1.18 1.19 1.27 1.40 1.91 2.29 3.83 4.62 6.27 5.96 6.69 6.86 3.72 3.15 2.88 2.16 1.98 1.52 1.21 0.00 0.00
0.00 0.00 0.00 0.00 0.00 0.00 0.00 0.00 0.00 0.49 0.74 0.99 0.94 0.87 0.87 0.93 1.02 0.97 1.08 1.20 1.31 1.57 1.98 2.42 2.83 3.05 4.93 5.38 6.22 6.58 8.10 7.38 6.51 5.91 4.59 4.62 2.89 2.71 3.84 4.14 3.05 2.76 2.83 2.32 1.84 1.66 1.57 1.15 1.04 1.11 1.04 1.31 1.59 2.51 1.38 2.34 3.39 3.54 4.96 5.68 7.29 8.97 6.95 6.31 6.05 2.84 2.33 1.94 1.77 1.26 0.92 0.00 0.00
0.00 0.00 0.00 0.00 0.00 0.00 0.00 0.00 0.00 0.48 0.55 0.70 0.70 0.00 0.81 0.00 0.84 0.94 1.05 1.16 1.28 1.57 1.77 2.48 2.81 3.28 4.55 5.56 6.20 6.14 6.72 6.50 6.45 6.71 5.30 4.35 3.45 2.60 2.54 4.54 4.91 3.04 2.54 1.92 1.56 1.63 1.40 1.15 1.01 0.96 0.97 2.49 2.58 2.76 3.32 2.93 4.38 5.68 6.91 9.77 11.17 9.60 10.47 10.29 5.89 5.06 5.12 1.84 1.54 1.51 0.00 0.00 0.00
0.00 0.00 0.00 0.00 0.00 0.00 0.00 0.00 0.00 0.00 0.00 0.00 0.00 0.00 0.00 0.00 0.00 0.00 1.02 1.13 1.24 1.55 1.85 2.54 3.04 3.56 3.68 6.02 6.89 6.01 4.68 5.22 4.81 6.05 6.16 3.97 3.59 2.62 2.99 4.21 3.40 3.21 2.73 2.43 1.54 1.47 1.17 0.95 0.88 1.12 1.31 2.46 3.48 3.29 4.15 6.35 5.47 6.96 11.15 10.86 12.39 13.97 10.57 9.95 9.17 4.67 3.90 2.55 1.42 1.25 1.03 0.00 0.00
0.00 0.00 0.00 0.00 0.00 0.00 0.00 0.00 0.00 0.00 0.00 0.00 0.00 0.00 0.00 0.00 0.00 0.00 0.00 1.09 1.20 1.42 2.07 2.26 3.19 3.67 3.70 3.68 6.78 7.03 4.33 3.90 5.52 5.93 5.51 5.35 3.18 2.74 3.16 3.13 3.28 3.04 2.58 1.95 1.80 1.28 1.08 0.93 0.83 0.80 1.88 3.89 5.11 4.97 5.62 7.39 8.58 11.10 13.32 15.42 13.26 14.77 15.20 8.71 8.36 7.82 3.10 1.98 1.63 1.07 0.88 0.00 0.00
0.00 0.00 0.00 0.00 0.00 0.00 0.00 0.00 0.00 0.00 0.00 0.00 0.00 0.00 0.00 0.00 0.00 0.00 0.00 0.00 1.25 1.44 1.61 2.31 3.29 4.11 4.03 4.81 6.39 5.23 3.31 3.32 4.88 5.96 6.66 4.63 3.92 2.65 2.49 3.38 3.88 2.78 3.18 2.81 1.99 1.79 0.99 0.78 0.71 0.86 0.98 4.84 5.03 4.88 5.38 8.90 10.19 10.74 15.35 15.83 17.64 15.26 14.96 13.54 8.07 6.16 4.63 1.61 1.44 1.11 0.00 0.00 0.00
0.00 0.00 0.00 0.00 0.00 0.00 0.00 0.00 0.00 0.00 0.00 0.00 0.00 0.00 0.00 0.00 0.00 0.00 0.00 0.00 0.00 1.40 1.90 2.55 3.25 4.04 3.69 4.43 3.34 3.12 2.39 3.62 4.32 6.70 6.31 3.93 3.02 2.50 2.71 2.32 2.89 2.61 3.41 2.97 1.73 1.53 1.19 0.76 0.70 1.00 1.19 2.05 5.10 4.57 6.27 8.03 10.44 12.95 12.95 16.92 19.88 21.15 13.49 14.28 9.64 4.92 2.59 2.06 1.12 0.89 0.75 0.00 0.00
0.00 0.00 0.00 0.00 0.00 0.00 0.00 0.00 0.00 0.00 0.00 0.00 0.00 0.00 0.00 0.00 0.00 0.00 0.00 0.00 1.23 1.34 1.76 2.07 3.67 4.04 3.28 3.32 2.17 2.06 2.35 2.47 4.34 3.86 4.73 4.52 2.53 2.26 2.35 1.98 2.23 3.04 3.84 2.99 2.82 1.26 1.04 0.74 0.68 0.75 2.22 3.45 5.09 5.06 8.66 7.83 6.31 13.01 14.23 14.93 21.30 23.38 27.00 9.60 7.69 4.19 2.02 1.51 1.25 0.74 0.67 0.00 0.00
0.00 0.00 0.00 0.00 0.00 0.00 0.00 0.00 0.00 0.00 0.00 0.00 0.00 0.00 0.00 0.00 0.00 0.00 0.00 0.00 0.00 1.31 1.93 2.55 3.53 4.27 3.70 2.74 2.09 2.08 2.32 2.33 3.29 5.56 4.80 3.60 2.80 1.88 1.92 1.78 1.53 5.07 5.42 3.71 2.34 1.43 0.86 0.81 0.80 0.76 0.78 6.06 6.60 4.82 4.66 6.95 5.36 5.44 15.00 13.91 16.22 27.03 20.69 17.70 4.58 3.51 3.19 1.32 1.05 0.70 0.00 0.00 0.00
0.00 0.00 0.00 0.00 0.00 0.00 0.00 0.00 0.00 0.00 0.00 0.00 0.00 0.00 0.00 0.00 0.00 0.00 0.00 0.00 1.19 1.27 1.52 2.94 3.70 3.87 3.33 2.34 2.23 2.01 2.08 2.57 2.72 5.63 4.75 2.79 2.17 1.78 1.60 1.46 2.13 3.06 5.11 3.69 1.63 1.29 0.95 0.84 0.80 0.85 1.47 1.94 6.15 5.71 3.39 2.69 5.53 6.61 5.40 15.77 20.50 21.99 18.15 11.00 6.78 3.05 2.10 1.72 0.65 0.00 0.00 0.00 0.00
0.00 0.00 0.00 0.00 0.00 0.00 0.00 0.00 0.00 0.00 0.00 0.00 0.00 0.00 0.00 0.00 0.00 0.00 0.00 0.00 1.10 1.19 1.51 3.80 3.33 2.74 2.65 2.44 2.06 2.05 2.20 2.19 2.83 3.42 3.29 3.13 1.84 1.68 1.49 1.39 2.12 3.82 3.35 3.09 1.59 1.05 0.97 0.89 0.85 2.11 2.41 1.97 1.65 1.78 2.08 1.89 5.38 4.07 3.50 21.92 21.63 18.31 7.25 5.70 4.86 1.37 0.90 0.78 0.00 0.00 0.00 0.00 0.00
0.00 0.00 0.00 0.00 0.00 0.00 0.00 0.00 0.00 0.00 0.00 0.00 0.00 0.00 0.00 0.00 0.00 0.00 0.88 1.00 1.10 1.20 1.36 2.07 1.96 2.27 2.09 1.96 2.01 2.32 2.48 3.55 4.11 4.01 3.00 2.27 1.62 1.58 1.41 1.28 3.48 2.34 2.27 1.39 1.11 2.27 2.55 1.98 0.93 1.04 2.00 1.31 0.92 1.50 1.75 2.20 3.64 3.60 3.16 5.24 17.71 13.27 10.03 5.10 4.10 2.79 0.72 0.67 0.00 0.00 0.00 0.00 0.00
0.00 0.00 0.00 0.00 0.00 0.00 0.00 0.00 0.00 0.00 0.00 0.00 0.00 0.00 0.00 0.00 0.00 0.00 0.86 0.94 1.09 1.23 1.29 1.42 1.86 1.90 1.92 1.91 2.12 2.34 2.93 3.43 4.71 4.64 2.15 2.28 1.57 1.51 1.42 1.24 1.17 2.35 2.03 1.13 2.70 2.24 2.95 2.39 1.04 1.09 1.21 1.06 1.12 1.69 1.91 4.41 3.67 1.99 4.95 8.42 11.89 8.81 7.42 7.03 2.67 1.83 1.43 0.00 0.00 0.00 0.00 0.00 0.00
0.00 0.00 0.00 0.00 0.00 0.00 0.00 0.00 0.00 0.00 0.00 0.00 0.00 0.00 0.00 0.00 0.00 0.86 0.82 0.91 1.00 1.12 1.30 1.38 1.91 1.77 1.78 1.88 2.25 2.52 3.16 3.94 4.59 4.24 3.74 1.78 1.64 1.44 1.40 1.19 1.13 1.06 1.24 0.93 6.02 5.86 6.40 1.99 1.21 1.24 1.33 1.19 1.49 1.35 2.63 3.25 2.25 1.81 1.24 12.65 11.93 8.34 7.39 6.30 3.97 1.24 0.82 0.00 0.00 0.00 0.00 0.00 0.00
0.00 0.00 0.00 0.00 0.00 0.00 0.00 0.00 0.00 0.00 0.00 0.00 0.00 0.00 0.00 0.00 0.00 0.71 0.77 0.86 0.94 1.07 1.18 1.33 1.39 1.65 1.65 1.89 2.03 2.85 3.09 5.13 5.98 3.60 3.12 1.95 1.60 1.70 1.20 1.15 1.09 1.02 0.95 1.14 1.24 4.61 1.60 1.35 1.35 1.69 1.23 1.14 1.20 1.54 1.46 4.38 5.13 1.21 0.84 0.60 8.54 6.69 4.48 4.66 2.70 1.17 0.50 0.00 0.00 0.00 0.00 0.00 0.00
0.00 0.00 0.00 0.00 0.00 0.00 0.00 0.00 0.00 0.00 0.00 0.00 0.00 0.00 0.00 0.00 0.00 0.00 0.73 0.82 0.92 1.00 1.12 1.24 1.48 1.47 1.63 1.85 2.55 2.89 4.11 5.03 6.52 6.33 2.14 2.10 1.67 1.59 1.15 1.10 1.04 0.98 0.92 1.27 0.97 1.20 1.49 1.47 1.77 2.37 2.62 1.25 1.41 1.93 2.73 4.69 3.55 3.09 0.68 0.45 0.00 4.90 3.15 1.61 1.40 0.66 0.38 0.00 0.00 0.00 0.00 0.00 0.00
0.00 0.00 0.00 0.00 0.00 0.00 0.00 0.00 0.00 0.00 0.00 0.00 0.00 0.00 0.00 0.00 0.00 0.00 0.71 0.77 0.85 0.92 1.05 1.09 1.39 1.44 1.59 1.74 2.81 3.00 5.27 8.20 6.44 5.34 5.72 1.86 1.71 1.45 1.36 1.04 0.99 0.94 0.88 0.81 1.09 1.12 1.73 2.08 2.57 2.66 2.50 2.38 1.40 1.44 3.43 2.47 3.23 2.67 1.37 0.42 0.56 2.88 0.92 0.57 0.37 0.00 0.00 0.00 0.00 0.00 0.00 0.00 0.00
