dati/cumulata_oraria_prisma_2018052719.txt
ncols        251
nrows        249
xllcorner         436000.00000
yllcorner        4918000.00000
cellsize           1000.00000
NODATA_value          -9999.00000
[rows 96 to 127 of 249, columns 146 to 218 of 251]
3.58 5.54 5.48 4.22 4.41 4.49 4.33 4.11 4.14 3.30 2.50 2.25 2.17 2.06 1.93 1.81 1.72 1.63 1.47 1.54 1.46 1.39 1.33 1.27 1.20 1.15 1.08 1.05 1.14 1.08 1.02 0.97 0.95 0.87 0.88 1.09 1.07 1.09 1.21 1.21 1.21 1.15 1.16 1.07 1.12 1.13 1.20 1.32 1.25 1.27 1.30 1.27 1.18 1.19 1.15 1.15 1.13 1.21 -9999.00 -9999.00 -9999.00 -9999.00 -9999.00 -9999.00 -9999.00 -9999.00 -9999.00 -9999.00 -9999.00 -9999.00 -9999.00 -9999.00 -9999.00
3.62 5.50 5.22 5.26 5.82 6.72 6.35 4.18 3.78 3.09 2.82 2.74 2.55 2.19 1.91 1.80 1.69 1.60 1.46 1.46 1.36 1.28 1.20 1.20 1.15 1.10 1.02 0.98 0.93 1.00 0.94 0.89 0.89 0.81 0.81 0.81 0.86 0.89 0.89 1.00 1.14 1.10 1.09 1.12 1.10 1.10 1.14 1.24 1.26 1.28 1.29 1.28 1.21 1.21 1.16 1.17 1.13 1.16 -9999.00 -9999.00 -9999.00 -9999.00 -9999.00 -9999.00 -9999.00 -9999.00 -9999.00 -9999.00 -9999.00 -9999.00 -9999.00 -9999.00 -9999.00
5.05 4.66 3.71 4.91 6.25 6.77 7.21 5.86 4.08 3.69 3.07 2.71 2.44 2.15 2.05 1.82 1.78 1.62 1.50 1.43 1.32 1.24 1.16 1.05 1.03 0.98 0.93 0.93 0.85 0.82 0.78 0.75 0.71 0.80 0.78 0.76 0.80 0.83 0.83 0.93 0.92 0.92 0.93 0.95 0.90 1.08 1.12 1.21 1.27 1.26 1.29 1.26 1.27 1.21 1.21 1.18 1.15 -9999.00 -9999.00 -9999.00 -9999.00 -9999.00 -9999.00 -9999.00 -9999.00 -9999.00 -9999.00 -9999.00 -9999.00 -9999.00 -9999.00 -9999.00 -9999.00
3.38 4.61 3.66 3.99 4.87 6.08 5.01 4.74 3.57 3.61 3.30 2.89 2.69 2.35 1.96 1.80 1.75 1.55 1.39 1.27 1.14 1.09 1.12 1.02 0.97 0.93 0.86 0.81 0.82 0.77 0.74 0.69 0.67 0.64 0.61 0.61 0.65 0.68 0.80 0.86 0.89 0.94 0.92 0.92 0.94 0.92 0.93 0.95 1.07 1.13 1.30 1.23 1.23 1.27 1.23 1.20 1.16 -9999.00 -9999.00 -9999.00 -9999.00 -9999.00 -9999.00 -9999.00 -9999.00 -9999.00 -9999.00 -9999.00 -9999.00 -9999.00 -9999.00 -9999.00 -9999.00
2.49 2.42 2.51 3.19 5.26 6.01 4.68 3.55 3.24 3.29 3.07 2.84 2.48 2.39 2.22 1.96 1.82 1.50 1.35 1.24 1.11 1.04 0.94 0.80 0.71 0.63 0.83 0.78 0.73 0.68 0.68 0.66 0.64 0.61 0.61 0.58 0.63 0.66 0.67 0.69 0.74 0.80 0.72 0.91 0.94 0.95 0.92 0.95 1.07 1.12 1.07 1.05 1.07 1.08 1.04 1.22 -9999.00 -9999.00 -9999.00 -9999.00 -9999.00 -9999.00 -9999.00 -9999.00 -9999.00 -9999.00 -9999.00 -9999.00 -9999.00 -9999.00 -9999.00 -9999.00 -9999.00
2.10 2.41 2.49 3.19 5.25 6.56 5.56 3.36 3.27 3.13 2.85 2.70 2.62 2.49 2.13 1.92 1.79 1.40 1.26 1.11 1.02 0.92 0.89 0.74 0.64 0.58 0.51 0.43 0.68 0.65 0.66 0.65 0.61 0.58 0.58 0.56 0.63 0.63 0.67 0.66 0.68 0.77 0.69 0.75 0.78 0.84 0.77 0.96 0.98 1.09 1.06 1.02 1.10 1.08 1.08 -9999.00 -9999.00 -9999.00 -9999.00 -9999.00 -9999.00 -9999.00 -9999.00 -9999.00 -9999.00 -9999.00 -9999.00 -9999.00 -9999.00 -9999.00 -9999.00 -9999.00 -9999.00
2.04 2.16 2.71 4.98 7.08 6.24 4.82 4.05 3.79 3.81 3.54 2.58 2.56 2.26 1.88 1.68 1.40 1.30 1.20 1.06 0.98 0.88 0.83 0.74 0.61 0.60 0.49 0.42 0.34 0.36 0.62 0.62 0.60 0.57 0.57 0.58 0.60 0.56 0.59 0.66 0.68 0.67 0.70 0.74 0.81 0.82 0.81 0.81 0.83 0.85 0.89 0.84 1.08 1.07 1.09 -9999.00 -9999.00 -9999.00 -9999.00 -9999.00 -9999.00 -9999.00 -9999.00 -9999.00 -9999.00 -9999.00 -9999.00 -9999.00 -9999.00 -9999.00 -9999.00 -9999.00 -9999.00
2.03 2.18 7.21 10.38 13.96 11.49 4.80 3.78 3.70 4.11 4.21 3.02 2.54 1.84 1.70 1.43 1.30 1.18 1.10 1.06 0.98 0.81 0.71 0.65 0.55 0.44 0.46 0.43 0.36 0.35 0.36 0.36 0.36 0.58 0.65 0.59 0.57 0.59 0.65 0.67 0.63 0.69 0.72 0.85 0.81 0.81 0.80 0.85 0.83 0.85 0.81 0.85 0.92 0.91 -9999.00 -9999.00 -9999.00 -9999.00 -9999.00 -9999.00 -9999.00 -9999.00 -9999.00 -9999.00 -9999.00 -9999.00 -9999.00 -9999.00 -9999.00 -9999.00 -9999.00 -9999.00 -9999.00
2.31 3.44 7.12 14.15 13.21 9.43 6.37 5.63 6.84 4.39 4.05 2.95 2.20 1.59 1.31 1.07 1.25 1.13 1.08 1.00 0.94 0.82 0.69 0.62 0.51 0.43 0.44 0.42 0.38 0.36 0.33 0.37 0.28 0.25 0.31 0.30 0.33 0.61 0.62 0.67 0.65 0.68 0.77 0.76 0.78 0.81 0.82 0.79 0.84 0.85 0.81 0.85 0.84 0.91 -9999.00 -9999.00 -9999.00 -9999.00 -9999.00 -9999.00 -9999.00 -9999.00 -9999.00 -9999.00 -9999.00 -9999.00 -9999.00 -9999.00 -9999.00 -9999.00 -9999.00 -9999.00 -9999.00
2.26 5.12 10.47 16.51 15.35 10.44 6.26 5.55 6.76 7.85 4.89 2.80 1.66 1.41 1.14 0.95 0.87 0.84 0.84 0.96 0.91 0.78 0.66 0.65 0.56 0.48 0.53 0.44 0.39 0.38 0.40 0.36 0.32 0.29 0.30 0.30 0.29 0.26 0.31 0.31 0.34 0.72 0.77 0.77 0.76 0.82 0.82 0.78 0.78 0.80 0.82 0.83 0.85 -9999.00 -9999.00 -9999.00 -9999.00 -9999.00 -9999.00 -9999.00 -9999.00 -9999.00 -9999.00 -9999.00 -9999.00 -9999.00 -9999.00 -9999.00 -9999.00 -9999.00 -9999.00 -9999.00 -9999.00
2.56 4.52 9.10 15.66 15.26 10.36 6.83 6.83 6.50 7.53 3.46 2.27 1.93 1.48 1.10 0.96 0.82 0.86 0.81 0.74 0.65 0.55 0.57 0.62 0.54 0.47 0.48 0.56 0.42 0.38 0.38 0.36 0.36 0.30 0.42 0.41 0.31 0.30 0.32 0.28 0.34 0.43 0.39 0.40 0.37 0.79 0.81 0.80 0.78 0.79 0.78 0.80 -9999.00 -9999.00 -9999.00 -9999.00 -9999.00 -9999.00 -9999.00 -9999.00 -9999.00 -9999.00 -9999.00 -9999.00 -9999.00 -9999.00 -9999.00 -9999.00 -9999.00 -9999.00 -9999.00 -9999.00 -9999.00
2.21 5.03 9.10 13.73 10.03 4.99 5.65 7.39 5.34 4.10 2.25 1.92 1.64 1.23 0.93 0.84 0.82 0.79 0.76 0.67 0.60 0.52 0.50 0.43 0.35 0.32 0.56 0.58 0.58 0.66 0.40 0.35 0.33 0.33 0.40 0.39 0.32 0.26 0.25 0.28 0.34 0.43 0.42 0.40 0.37 0.29 0.35 0.34 0.38 0.80 0.77 0.78 -9999.00 -9999.00 -9999.00 -9999.00 -9999.00 -9999.00 -9999.00 -9999.00 -9999.00 -9999.00 -9999.00 -9999.00 -9999.00 -9999.00 -9999.00 -9999.00 -9999.00 -9999.00 -9999.00 -9999.00 -9999.00
2.45 3.77 4.84 7.56 6.61 3.81 3.49 3.58 2.04 2.88 1.79 1.99 1.95 1.37 0.90 0.81 0.77 0.75 0.78 0.82 0.85 0.84 0.47 0.38 0.34 0.32 0.34 0.41 0.67 0.67 0.66 0.59 0.53 0.66 0.46 0.37 0.30 0.26 0.26 0.27 0.33 0.34 0.38 0.40 0.39 0.29 0.34 0.34 0.38 0.37 0.35 -9999.00 -9999.00 -9999.00 -9999.00 -9999.00 -9999.00 -9999.00 -9999.00 -9999.00 -9999.00 -9999.00 -9999.00 -9999.00 -9999.00 -9999.00 -9999.00 -9999.00 -9999.00 -9999.00 -9999.00 -9999.00 -9999.00
2.25 4.52 4.63 3.58 2.39 1.81 4.04 2.77 1.57 1.25 1.77 2.83 1.71 1.31 0.80 0.70 0.71 0.70 0.78 0.80 0.85 0.77 0.70 0.52 0.35 0.33 0.38 0.67 0.73 0.66 0.62 0.52 0.49 0.59 0.54 0.55 0.53 0.31 0.28 0.29 0.33 0.35 0.33 0.29 0.27 0.25 0.26 0.35 0.39 0.36 -9999.00 -9999.00 -9999.00 -9999.00 -9999.00 -9999.00 -9999.00 -9999.00 -9999.00 -9999.00 -9999.00 -9999.00 -9999.00 -9999.00 -9999.00 -9999.00 -9999.00 -9999.00 -9999.00 -9999.00 -9999.00 -9999.00 -9999.00
2.81 3.02 2.79 2.58 2.10 1.52 1.54 1.78 1.52 1.19 1.61 2.86 2.78 1.97 0.96 0.63 0.67 0.70 0.79 0.94 1.13 0.75 0.63 0.43 0.37 0.48 0.62 0.97 0.67 0.66 0.52 0.43 0.54 0.61 0.56 0.56 0.52 0.47 0.48 0.52 0.55 0.37 0.33 0.30 0.29 0.25 0.24 0.28 0.30 0.32 -9999.00 -9999.00 -9999.00 -9999.00 -9999.00 -9999.00 -9999.00 -9999.00 -9999.00 -9999.00 -9999.00 -9999.00 -9999.00 -9999.00 -9999.00 -9999.00 -9999.00 -9999.00 -9999.00 -9999.00 -9999.00 -9999.00 -9999.00
3.67 2.83 2.45 2.25 2.10 1.62 1.56 1.69 1.36 1.43 1.71 3.19 2.24 1.15 0.81 0.71 0.70 0.67 0.86 1.01 1.13 0.96 0.71 0.51 0.36 0.47 0.80 1.19 0.67 0.65 0.51 0.43 0.37 0.26 0.24 0.23 0.53 0.49 0.48 0.50 0.48 0.64 0.63 0.67 0.30 0.25 0.24 0.27 0.32 -9999.00 -9999.00 -9999.00 -9999.00 -9999.00 -9999.00 -9999.00 -9999.00 -9999.00 -9999.00 -9999.00 -9999.00 -9999.00 -9999.00 -9999.00 -9999.00 -9999.00 -9999.00 -9999.00 -9999.00 -9999.00 -9999.00 -9999.00 -9999.00
3.59 4.70 3.90 2.22 1.83 1.38 1.64 2.28 1.65 1.52 1.86 2.37 1.93 1.53 0.69 0.60 0.73 0.94 1.40 2.10 1.12 0.94 0.69 0.44 0.39 0.51 0.89 1.39 1.58 1.42 0.96 0.43 0.29 0.27 0.23 0.21 0.00 0.00 0.00 0.55 0.61 0.59 0.58 0.59 0.57 0.49 0.57 0.57 -9999.00 -9999.00 -9999.00 -9999.00 -9999.00 -9999.00 -9999.00 -9999.00 -9999.00 -9999.00 -9999.00 -9999.00 -9999.00 -9999.00 -9999.00 -9999.00 -9999.00 -9999.00 -9999.00 -9999.00 -9999.00 -9999.00 -9999.00 -9999.00 -9999.00
5.50 4.10 2.87 2.12 1.61 1.00 2.02 1.98 1.33 0.90 0.54 2.55 1.89 1.40 1.17 0.81 0.85 0.98 1.53 2.14 2.27 1.66 1.02 0.42 0.42 0.56 0.97 1.41 1.50 1.41 0.92 0.72 0.52 0.32 0.20 0.21 0.00 0.00 0.00 0.00 0.16 0.00 0.63 0.64 0.56 0.48 0.50 -9999.00 -9999.00 -9999.00 -9999.00 -9999.00 -9999.00 -9999.00 -9999.00 -9999.00 -9999.00 -9999.00 -9999.00 -9999.00 -9999.00 -9999.00 -9999.00 -9999.00 -9999.00 -9999.00 -9999.00 -9999.00 -9999.00 -9999.00 -9999.00 -9999.00 -9999.00
6.79 7.05 2.93 2.01 1.14 1.20 2.46 2.42 1.20 0.85 0.54 0.82 1.51 3.05 0.89 0.76 0.79 1.07 2.19 2.31 2.04 1.43 0.80 0.66 0.36 0.35 1.22 1.86 1.92 2.02 0.73 0.57 0.43 0.30 0.21 0.00 0.00 0.00 0.00 0.00 0.17 0.18 0.17 0.00 0.00 0.54 0.53 -9999.00 -9999.00 -9999.00 -9999.00 -9999.00 -9999.00 -9999.00 -9999.00 -9999.00 -9999.00 -9999.00 -9999.00 -9999.00 -9999.00 -9999.00 -9999.00 -9999.00 -9999.00 -9999.00 -9999.00 -9999.00 -9999.00 -9999.00 -9999.00 -9999.00 -9999.00
4.82 5.33 2.78 0.92 0.00 0.82 2.40 1.85 1.46 0.65 0.00 0.91 2.15 2.93 2.33 0.83 0.93 1.53 2.83 3.90 2.91 1.93 0.78 0.65 0.37 0.58 1.06 1.24 1.95 1.69 1.06 0.66 0.40 0.28 0.22 0.00 0.00 0.00 0.00 0.00 0.19 0.20 0.00 0.00 0.00 0.00 -9999.00 -9999.00 -9999.00 -9999.00 -9999.00 -9999.00 -9999.00 -9999.00 -9999.00 -9999.00 -9999.00 -9999.00 -9999.00 -9999.00 -9999.00 -9999.00 -9999.00 -9999.00 -9999.00 -9999.00 -9999.00 -9999.00 -9999.00 -9999.00 -9999.00 -9999.00 -9999.00
4.60 3.14 1.55 0.48 0.48 1.45 2.51 2.52 0.86 0.00 0.47 1.31 2.59 2.96 1.74 0.74 0.60 1.30 3.13 4.03 2.90 1.41 0.57 0.23 0.34 0.76 1.25 1.41 1.78 1.27 1.04 0.56 0.32 0.17 0.00 0.00 0.00 0.00 0.00 0.00 0.00 0.00 0.00 0.00 0.00 0.00 -9999.00 -9999.00 -9999.00 -9999.00 -9999.00 -9999.00 -9999.00 -9999.00 -9999.00 -9999.00 -9999.00 -9999.00 -9999.00 -9999.00 -9999.00 -9999.00 -9999.00 -9999.00 -9999.00 -9999.00 -9999.00 -9999.00 -9999.00 -9999.00 -9999.00 -9999.00 -9999.00
1.22 2.46 0.89 0.00 0.00 1.51 2.20 1.88 0.66 0.00 0.48 1.61 3.42 4.57 2.07 0.53 0.86 1.79 2.35 3.77 3.93 0.70 0.35 0.00 0.00 0.00 0.19 1.74 2.02 2.25 1.99 0.41 0.20 0.00 0.00 0.00 0.00 0.00 0.00 0.00 0.00 0.00 0.00 0.00 0.00 0.00 -9999.00 -9999.00 -9999.00 -9999.00 -9999.00 -9999.00 -9999.00 -9999.00 -9999.00 -9999.00 -9999.00 -9999.00 -9999.00 -9999.00 -9999.00 -9999.00 -9999.00 -9999.00 -9999.00 -9999.00 -9999.00 -9999.00 -9999.00 -9999.00 -9999.00 -9999.00 -9999.00
1.01 0.63 0.00 0.00 0.00 1.04 1.54 0.92 0.34 0.00 0.47 0.82 5.74 3.44 1.18 0.61 0.60 0.68 2.97 4.31 1.99 0.42 0.00 0.00 0.00 0.00 0.27 0.44 2.36 2.27 0.67 0.19 0.00 0.00 0.00 0.00 0.00 0.00 0.00 0.00 0.00 0.00 0.00 0.00 0.00 0.00 -9999.00 -9999.00 -9999.00 -9999.00 -9999.00 -9999.00 -9999.00 -9999.00 -9999.00 -9999.00 -9999.00 -9999.00 -9999.00 -9999.00 -9999.00 -9999.00 -9999.00 -9999.00 -9999.00 -9999.00 -9999.00 -9999.00 -9999.00 -9999.00 -9999.00 -9999.00 -9999.00
0.00 0.00 0.00 0.00 0.00 0.00 1.68 0.67 0.00 0.00 0.53 1.89 2.83 1.90 0.91 0.58 0.60 0.75 2.03 3.32 1.34 0.33 0.00 0.00 0.00 0.00 0.36 0.72 0.89 1.09 0.57 0.18 0.00 0.00 0.00 0.00 0.00 0.00 0.00 0.00 0.00 0.00 0.00 0.00 0.00 0.00 -9999.00 -9999.00 -9999.00 -9999.00 -9999.00 -9999.00 -9999.00 -9999.00 -9999.00 -9999.00 -9999.00 -9999.00 -9999.00 -9999.00 -9999.00 -9999.00 -9999.00 -9999.00 -9999.00 -9999.00 -9999.00 -9999.00 -9999.00 -9999.00 -9999.00 -9999.00 -9999.00
0.00 0.00 0.00 0.00 0.00 0.00 0.00 0.00 0.00 0.00 0.00 0.50 2.57 1.52 1.05 1.04 0.76 1.13 2.86 1.81 0.72 0.00 0.00 0.00 0.00 0.00 0.00 0.00 0.97 1.08 0.25 0.00 0.00 0.00 0.00 0.00 0.00 0.00 0.00 0.00 0.00 0.00 0.00 0.00 0.00 0.00 -9999.00 -9999.00 -9999.00 -9999.00 -9999.00 -9999.00 -9999.00 -9999.00 -9999.00 -9999.00 -9999.00 -9999.00 -9999.00 -9999.00 -9999.00 -9999.00 -9999.00 -9999.00 -9999.00 -9999.00 -9999.00 -9999.00 -9999.00 -9999.00 -9999.00 -9999.00 -9999.00
0.00 0.00 0.00 0.00 0.00 0.00 0.00 0.00 0.00 0.00 0.33 0.75 1.07 1.18 1.07 0.91 0.55 0.47 0.47 1.06 0.00 0.00 0.00 0.00 0.00 0.00 0.00 0.00 0.00 0.00 0.00 0.00 0.00 0.00 0.00 0.00 0.00 0.00 0.00 0.00 0.00 0.00 0.00 0.00 0.00 0.00 -9999.00 -9999.00 -9999.00 -9999.00 -9999.00 -9999.00 -9999.00 -9999.00 -9999.00 -9999.00 -9999.00 -9999.00 -9999.00 -9999.00 -9999.00 -9999.00 -9999.00 -9999.00 -9999.00 -9999.00 -9999.00 -9999.00 -9999.00 -9999.00 -9999.00 -9999.00 -9999.00
0.00 0.00 0.00 0.00 0.00 0.00 0.00 0.00 0.00 0.00 0.30 0.79 1.03 1.22 1.46 1.57 0.42 0.51 0.46 0.00 0.00 0.00 0.00 0.00 0.00 0.00 0.00 0.00 0.00 0.00 0.00 0.00 0.00 0.00 0.00 0.00 0.00 0.00 0.00 0.00 0.00 0.00 0.00 0.00 0.00 0.00 0.00 -9999.00 -9999.00 -9999.00 -9999.00 -9999.00 -9999.00 -9999.00 -9999.00 -9999.00 -9999.00 -9999.00 -9999.00 -9999.00 -9999.00 -9999.00 -9999.00 -9999.00 -9999.00 -9999.00 -9999.00 -9999.00 -9999.00 -9999.00 -9999.00 -9999.00 -9999.00
0.00 0.00 0.00 0.00 0.00 0.00 0.00 0.00 0.00 0.00 0.46 0.61 0.84 1.48 1.66 0.99 0.39 0.24 0.20 0.00 0.00 0.00 0.00 0.00 0.00 0.00 0.00 0.00 0.00 0.00 0.00 0.00 0.00 0.00 0.00 0.00 0.00 0.00 0.00 0.00 0.00 0.00 0.00 0.00 0.00 0.00 0.00 -9999.00 -9999.00 -9999.00 -9999.00 -9999.00 -9999.00 -9999.00 -9999.00 -9999.00 -9999.00 -9999.00 -9999.00 -9999.00 -9999.00 -9999.00 -9999.00 -9999.00 -9999.00 -9999.00 -9999.00 -9999.00 -9999.00 -9999.00 -9999.00 -9999.00 -9999.00
0.00 0.00 0.00 0.00 0.00 0.00 0.00 0.00 0.00 0.47 0.51 0.68 1.33 2.22 2.81 0.44 0.37 0.22 0.00 0.00 0.00 0.00 0.00 0.00 0.00 0.00 0.00 0.00 0.00 0.00 0.00 0.00 0.00 0.00 0.00 0.00 0.00 0.00 0.00 0.00 0.00 0.00 0.00 0.00 0.00 0.00 0.00 -9999.00 -9999.00 -9999.00 -9999.00 -9999.00 -9999.00 -9999.00 -9999.00 -9999.00 -9999.00 -9999.00 -9999.00 -9999.00 -9999.00 -9999.00 -9999.00 -9999.00 -9999.00 -9999.00 -9999.00 -9999.00 -9999.00 -9999.00 -9999.00 -9999.00 -9999.00
0.00 0.00 0.00 0.00 0.00 0.00 0.00 0.00 0.00 0.71 0.63 0.56 1.69 2.63 2.21 0.87 0.33 0.00 0.00 0.00 0.00 0.00 0.00 0.00 0.00 0.00 0.00 0.00 0.00 0.00 0.00 0.00 0.00 0.00 0.00 0.00 0.00 0.00 0.00 0.00 0.00 0.00 0.00 0.00 0.00 0.00 0.00 -9999.00 -9999.00 -9999.00 -9999.00 -9999.00 -9999.00 -9999.00 -9999.00 -9999.00 -9999.00 -9999.00 -9999.00 -9999.00 -9999.00 -9999.00 -9999.00 -9999.00 -9999.00 -9999.00 -9999.00 -9999.00 -9999.00 -9999.00 -9999.00 -9999.00 -9999.00
0.00 0.00 0.00 0.00 0.00 0.00 0.00 0.00 0.00 0.26 0.62 0.49 1.71 2.88 1.20 0.78 0.30 0.00 0.00 0.00 0.00 0.00 0.00 0.00 0.00 0.00 0.00 0.00 0.00 0.00 0.00 0.00 0.00 0.00 0.00 0.00 0.00 0.00 0.00 0.00 0.00 0.00 0.00 0.00 0.00 0.00 0.00 -9999.00 -9999.00 -9999.00 -9999.00 -9999.00 -9999.00 -9999.00 -9999.00 -9999.00 -9999.00 -9999.00 -9999.00 -9999.00 -9999.00 -9999.00 -9999.00 -9999.00 -9999.00 -9999.00 -9999.00 -9999.00 -9999.00 -9999.00 -9999.00 -9999.00 -9999.00
0.00 0.00 0.00 0.00 0.00 0.00 0.00 0.00 0.00 0.48 0.31 0.00 2.19 3.20 1.57 0.86 0.00 0.00 0.00 0.00 0.00 0.00 0.00 0.00 0.00 0.00 0.00 0.00 0.00 0.00 0.00 0.00 0.00 0.00 0.00 0.00 0.00 0.00 0.00 0.00 0.00 0.00 0.00 0.00 0.00 0.00 0.00 -9999.00 -9999.00 -9999.00 -9999.00 -9999.00 -9999.00 -9999.00 -9999.00 -9999.00 -9999.00 -9999.00 -9999.00 -9999.00 -9999.00 -9999.00 -9999.00 -9999.00 -9999.00 -9999.00 -9999.00 -9999.00 -9999.00 -9999.00 -9999.00 -9999.00 -9999.00
