dati/cumulata_oraria_prisma_2018052717.txt
ncols        251
nrows        249
xllcorner         436000.00000
yllcorner        4918000.00000
cellsize           1000.00000
NODATA_value          -9999.00000
[rows 32 to 63 of 249, columns 73 to 145 of 251]
-9999.00 -9999.00 -9999.00 -9999.00 -9999.00 -9999.00 -9999.00 -9999.00 -9999.00 -9999.00 -9999.00 -9999.00 -9999.00 3.53 4.29 4.10 4.63 5.47 14.41 23.25 29.66 32.14 35.30 21.95 18.85 16.67 13.84 14.66 11.43 9.65 9.24 -9999.00 -9999.00 -9999.00 -9999.00 -9999.00 -9999.00 -9999.00 -9999.00 -9999.00 -9999.00 -9999.00 -9999.00 -9999.00 -9999.00 -9999.00 -9999.00 -9999.00 -9999.00 -9999.00 -9999.00 -9999.00 -9999.00 -9999.00 7.50 7.31 8.32 11.26 10.90 10.16 8.85 6.41 6.27 6.27 6.35 6.41 5.76 5.35 -9999.00 -9999.00 -9999.00 -9999.00 -9999.00
-9999.00 -9999.00 -9999.00 -9999.00 -9999.00 -9999.00 -9999.00 -9999.00 -9999.00 -9999.00 -9999.00 -9999.00 -9999.00 -9999.00 4.24 4.61 4.84 5.40 9.61 15.84 20.89 25.79 34.06 33.94 26.95 18.55 12.83 10.90 10.33 9.57 9.00 -9999.00 -9999.00 -9999.00 -9999.00 -9999.00 -9999.00 -9999.00 -9999.00 -9999.00 -9999.00 -9999.00 -9999.00 -9999.00 -9999.00 -9999.00 -9999.00 7.82 7.57 7.16 -9999.00 -9999.00 7.72 9.37 11.70 14.19 14.45 15.82 15.88 13.20 10.35 7.67 7.28 7.32 6.70 6.59 5.93 5.07 -9999.00 -9999.00 -9999.00 -9999.00 -9999.00
-9999.00 -9999.00 -9999.00 -9999.00 -9999.00 -9999.00 -9999.00 -9999.00 -9999.00 -9999.00 -9999.00 -9999.00 -9999.00 -9999.00 4.24 4.75 5.23 7.31 9.08 12.08 16.46 20.20 21.18 21.61 18.34 17.11 11.86 9.85 9.42 8.49 8.41 -9999.00 -9999.00 -9999.00 -9999.00 -9999.00 -9999.00 -9999.00 -9999.00 -9999.00 -9999.00 -9999.00 -9999.00 -9999.00 -9999.00 -9999.00 -9999.00 7.69 7.39 7.04 6.70 6.97 8.24 10.68 13.99 19.61 26.66 25.87 18.44 15.06 10.72 7.44 6.79 6.93 5.87 5.99 5.75 4.98 -9999.00 -9999.00 -9999.00 -9999.00 -9999.00
-9999.00 -9999.00 -9999.00 -9999.00 -9999.00 -9999.00 -9999.00 -9999.00 -9999.00 -9999.00 -9999.00 -9999.00 -9999.00 -9999.00 4.48 5.04 8.09 8.98 10.47 12.64 14.32 14.70 16.27 14.65 13.80 12.10 8.82 8.35 7.57 7.73 7.55 7.86 -9999.00 -9999.00 -9999.00 -9999.00 -9999.00 -9999.00 -9999.00 -9999.00 -9999.00 -9999.00 -9999.00 -9999.00 -9999.00 -9999.00 7.92 7.55 7.20 6.90 6.58 6.37 6.50 7.92 11.52 20.65 29.43 29.77 26.79 16.73 11.18 7.40 5.55 5.22 4.74 4.74 4.74 4.56 -9999.00 -9999.00 -9999.00 -9999.00 -9999.00
-9999.00 -9999.00 -9999.00 -9999.00 -9999.00 -9999.00 -9999.00 -9999.00 -9999.00 -9999.00 -9999.00 -9999.00 -9999.00 -9999.00 5.34 5.64 6.93 11.89 16.03 19.27 18.29 14.09 14.13 10.80 11.10 9.00 8.90 8.09 7.74 7.48 7.51 7.69 8.08 -9999.00 -9999.00 -9999.00 -9999.00 -9999.00 -9999.00 -9999.00 -9999.00 -9999.00 -9999.00 -9999.00 -9999.00 -9999.00 7.78 7.43 7.06 6.71 6.45 6.16 5.85 6.13 8.21 15.75 26.31 28.75 26.20 22.97 13.56 7.30 4.97 4.41 4.25 4.20 4.09 3.58 3.46 -9999.00 -9999.00 -9999.00 -9999.00
-9999.00 -9999.00 -9999.00 -9999.00 -9999.00 -9999.00 -9999.00 -9999.00 -9999.00 -9999.00 -9999.00 -9999.00 -9999.00 4.82 5.95 6.10 6.97 8.77 15.43 19.15 21.99 17.43 16.26 11.36 10.01 10.65 9.65 8.82 8.11 7.49 7.41 7.57 7.93 8.27 -9999.00 -9999.00 -9999.00 -9999.00 -9999.00 -9999.00 -9999.00 -9999.00 -9999.00 -9999.00 -9999.00 -9999.00 -9999.00 7.35 7.05 6.66 6.33 6.03 5.63 5.48 6.26 10.32 15.81 19.78 23.07 19.29 12.78 5.90 4.53 4.00 3.71 3.40 3.42 3.29 3.29 -9999.00 -9999.00 -9999.00 -9999.00
-9999.00 -9999.00 -9999.00 -9999.00 -9999.00 -9999.00 -9999.00 -9999.00 -9999.00 -9999.00 -9999.00 -9999.00 -9999.00 5.74 5.13 6.13 7.18 9.39 13.36 16.37 20.10 21.55 18.77 13.00 11.24 12.46 12.01 9.97 8.92 7.74 7.38 7.44 7.89 8.23 8.50 8.72 -9999.00 -9999.00 -9999.00 -9999.00 -9999.00 -9999.00 8.62 8.38 -9999.00 -9999.00 7.57 7.27 7.09 6.59 6.18 5.85 5.51 5.26 5.30 7.41 10.06 11.70 11.89 13.80 11.77 5.46 3.96 3.63 3.39 3.20 3.08 3.15 3.68 -9999.00 -9999.00 -9999.00 -9999.00
-9999.00 -9999.00 -9999.00 -9999.00 -9999.00 -9999.00 -9999.00 -9999.00 -9999.00 -9999.00 -9999.00 -9999.00 6.35 6.30 5.82 5.67 6.68 9.13 13.34 16.78 19.40 23.45 18.85 14.74 13.24 14.00 13.95 13.90 10.60 8.51 7.67 7.88 8.12 8.33 8.57 8.72 9.44 9.22 9.17 9.00 -9999.00 8.78 8.59 8.35 8.09 7.77 7.37 7.09 6.87 6.46 6.07 5.68 5.38 5.13 5.11 5.55 6.64 7.64 8.62 8.16 6.42 4.44 3.88 3.26 3.02 2.82 2.86 3.61 6.16 -9999.00 -9999.00 -9999.00 -9999.00
-9999.00 -9999.00 -9999.00 -9999.00 -9999.00 -9999.00 -9999.00 -9999.00 -9999.00 -9999.00 -9999.00 -9999.00 6.74 6.96 6.12 5.98 8.03 10.24 13.49 17.73 21.05 25.33 20.14 16.87 14.47 13.96 13.72 13.81 12.49 9.47 8.49 8.11 8.31 8.41 8.66 8.78 9.53 9.73 9.19 8.81 8.78 8.57 8.41 8.19 7.94 7.66 7.27 6.92 6.75 6.44 6.05 5.69 5.29 5.05 5.01 4.95 5.80 7.24 6.94 6.63 6.43 4.53 4.28 3.46 2.89 2.67 2.70 3.03 4.78 7.46 6.26 -9999.00 -9999.00
-9999.00 -9999.00 -9999.00 -9999.00 -9999.00 -9999.00 -9999.00 -9999.00 -9999.00 -9999.00 -9999.00 9.32 7.02 7.50 7.47 7.80 10.42 14.46 18.11 24.12 26.88 30.06 24.57 19.88 15.38 12.35 13.57 15.14 16.47 12.03 10.63 9.09 8.67 8.57 8.73 8.59 9.10 9.35 9.12 8.77 8.49 8.33 8.52 8.19 7.73 7.49 7.10 6.80 6.67 6.29 5.84 5.53 5.13 4.89 4.78 5.02 6.06 7.87 8.22 7.50 6.40 5.53 5.71 4.96 3.84 3.24 2.71 2.55 3.38 3.96 4.97 5.23 3.76
-9999.00 -9999.00 -9999.00 -9999.00 -9999.00 -9999.00 -9999.00 -9999.00 -9999.00 -9999.00 12.09 11.22 10.25 8.12 8.67 11.37 14.46 19.52 23.75 30.98 35.74 37.02 28.73 23.55 17.38 12.58 13.36 17.24 21.20 18.99 18.06 13.31 10.93 9.58 8.91 9.03 8.81 8.90 8.63 8.52 8.32 8.32 8.27 7.88 7.53 7.26 6.92 6.64 6.48 6.20 5.69 5.29 5.04 4.70 4.59 4.75 5.41 6.97 7.49 7.71 7.13 5.96 6.16 6.45 4.62 4.23 2.95 2.35 2.22 2.94 3.10 3.03 3.13
-9999.00 -9999.00 -9999.00 -9999.00 -9999.00 -9999.00 -9999.00 -9999.00 -9999.00 -9999.00 13.85 13.63 12.91 12.51 12.48 15.78 19.91 21.69 28.46 35.23 40.96 41.13 32.90 28.19 21.00 16.08 16.42 16.85 18.27 24.61 22.80 17.99 12.76 10.79 9.09 9.01 8.78 8.57 8.44 8.26 7.97 7.87 7.81 7.51 7.25 7.05 6.77 6.71 6.71 6.34 5.66 5.19 4.85 4.60 4.52 4.44 4.91 5.80 6.33 7.25 6.62 5.96 5.22 5.15 5.44 4.15 3.93 2.44 2.04 1.99 2.43 2.46 2.25
-9999.00 -9999.00 -9999.00 -9999.00 -9999.00 -9999.00 -9999.00 -9999.00 -9999.00 -9999.00 17.04 21.48 16.91 15.57 15.03 16.24 21.16 26.22 31.04 38.02 38.45 45.77 42.19 33.70 23.98 19.78 20.24 16.10 16.32 19.20 21.71 21.13 13.97 11.71 9.37 9.04 8.87 8.39 7.78 7.81 7.59 7.56 7.49 7.33 7.24 6.99 6.80 6.93 6.81 6.12 5.64 5.11 4.73 4.38 4.32 4.20 4.38 4.31 4.49 5.57 7.04 7.30 7.33 7.58 5.31 4.19 5.01 2.83 2.04 2.01 2.01 2.09 1.98
-9999.00 -9999.00 -9999.00 -9999.00 -9999.00 -9999.00 -9999.00 -9999.00 -9999.00 -9999.00 22.25 26.17 22.29 19.36 14.86 15.68 21.16 26.00 30.17 35.06 38.59 50.62 46.26 35.99 25.07 21.33 21.29 17.15 16.65 17.47 19.62 20.05 16.24 11.51 9.83 9.20 8.44 8.11 7.76 7.49 7.42 7.42 7.37 7.71 8.16 8.97 7.86 8.20 8.33 7.85 6.39 4.92 4.52 4.17 3.81 3.70 3.74 3.83 4.54 5.98 9.51 8.88 9.93 8.58 5.11 4.32 5.36 4.09 2.49 2.15 2.09 2.20 2.39
-9999.00 -9999.00 -9999.00 -9999.00 -9999.00 -9999.00 -9999.00 -9999.00 24.46 22.91 26.69 27.45 24.19 22.55 18.26 18.77 19.73 19.72 23.88 30.35 32.18 44.53 40.78 30.16 22.54 20.12 17.68 13.06 13.47 13.62 18.87 22.47 15.76 11.99 10.03 9.34 8.42 7.75 7.45 7.12 7.38 7.76 7.90 9.45 11.28 13.35 13.83 14.36 12.52 9.56 8.21 5.03 4.22 3.79 3.60 3.43 3.39 3.63 4.74 6.14 10.65 9.92 13.32 13.63 7.24 5.07 5.38 3.67 2.14 2.18 2.14 2.18 2.50
-9999.00 -9999.00 -9999.00 -9999.00 -9999.00 -9999.00 -9999.00 -9999.00 29.30 27.18 28.72 25.08 24.53 22.21 18.91 16.75 17.23 16.83 20.74 28.21 31.99 40.06 34.49 19.86 14.85 11.74 12.15 8.55 9.96 12.36 18.17 18.70 18.65 13.78 12.39 9.40 8.13 7.95 7.52 7.36 7.73 8.10 8.48 10.47 12.79 13.02 16.36 19.69 15.48 13.15 10.97 5.65 4.16 3.70 3.48 3.28 3.16 3.61 4.45 8.35 12.11 11.98 14.19 12.99 6.46 3.89 3.84 3.19 2.33 2.16 2.10 2.13 2.16
-9999.00 -9999.00 -9999.00 -9999.00 -9999.00 -9999.00 -9999.00 19.68 34.25 31.55 26.43 21.72 20.50 17.48 16.81 14.71 13.29 17.28 21.98 28.62 26.68 29.09 23.79 15.64 10.74 8.54 8.03 7.28 8.09 11.62 17.40 19.93 20.54 17.95 16.30 12.01 10.12 10.56 10.23 9.43 8.77 8.47 7.88 7.89 9.86 11.30 15.13 17.04 20.17 16.42 11.40 7.11 4.66 3.62 3.38 3.21 3.19 3.77 5.19 8.54 9.72 13.02 15.97 12.79 6.09 3.86 3.31 2.51 2.19 2.17 2.19 2.23 2.17
-9999.00 -9999.00 -9999.00 -9999.00 -9999.00 -9999.00 26.20 28.62 32.45 28.93 21.41 16.28 14.58 12.54 13.42 14.42 13.68 15.49 18.53 25.53 22.97 18.96 16.58 11.72 9.46 8.12 7.72 7.69 7.96 10.66 13.86 17.07 24.42 24.49 22.76 18.05 14.99 16.90 13.20 11.57 10.32 9.93 7.77 7.06 7.78 8.71 10.77 11.79 15.29 12.00 9.06 6.61 4.04 3.59 3.36 3.12 3.22 3.28 4.43 5.24 6.37 10.10 12.11 6.98 4.05 3.04 2.89 2.73 2.28 2.23 2.26 2.24 2.54
-9999.00 -9999.00 -9999.00 -9999.00 -9999.00 -9999.00 26.87 32.56 26.89 19.27 13.37 11.11 10.92 10.58 13.12 14.01 12.88 13.28 15.49 19.71 19.72 15.83 11.37 10.63 9.68 9.28 8.69 9.80 9.59 11.18 11.37 11.83 17.47 29.31 30.15 26.62 20.45 17.16 15.45 15.84 15.92 12.13 7.86 6.31 6.28 6.75 7.87 8.89 10.38 8.52 4.97 5.21 3.86 3.49 3.27 3.12 3.13 3.20 3.88 4.49 5.26 7.73 9.47 8.08 4.70 2.83 2.86 2.54 2.54 2.52 2.69 2.69 4.01
-9999.00 -9999.00 -9999.00 -9999.00 -9999.00 -9999.00 28.30 24.84 19.69 14.92 12.08 10.17 8.63 8.25 10.60 10.62 11.66 12.51 13.53 15.05 13.77 12.13 9.44 12.11 10.72 11.15 12.63 12.74 11.23 10.72 9.41 9.12 10.07 16.50 19.77 20.89 21.89 20.53 19.19 17.85 15.80 10.80 7.00 5.64 5.46 5.48 5.70 5.99 6.21 5.50 4.83 4.04 3.69 3.41 3.24 3.12 3.06 3.03 3.06 3.20 4.27 4.68 4.36 4.35 4.59 3.55 3.65 3.43 3.77 3.47 3.47 3.59 7.07
-9999.00 -9999.00 -9999.00 -9999.00 -9999.00 -9999.00 18.87 16.51 13.03 10.63 10.20 9.27 7.91 7.92 8.94 9.33 10.16 13.86 15.46 15.05 12.14 9.39 11.83 16.15 17.59 16.73 23.63 20.18 14.34 11.90 9.15 7.86 7.80 10.17 11.27 10.55 12.65 15.59 15.60 13.57 9.64 8.23 6.29 5.16 4.94 4.76 4.52 4.68 4.48 4.45 4.23 4.04 3.63 3.40 3.24 3.09 3.00 2.90 2.85 2.99 3.55 3.90 3.96 4.10 4.71 4.38 4.54 4.53 4.40 4.26 6.08 4.59 7.54
-9999.00 -9999.00 -9999.00 23.34 18.81 15.66 14.20 12.34 10.24 8.94 7.76 7.83 7.90 8.62 8.49 8.84 10.79 14.52 17.69 14.15 11.63 9.08 10.45 14.44 20.19 24.04 30.89 24.55 16.31 13.97 10.11 7.67 6.53 6.86 6.86 6.43 5.82 8.15 10.22 7.59 5.73 5.20 4.85 4.62 4.61 4.28 3.96 3.84 3.80 3.76 3.98 3.95 3.65 3.24 3.18 3.08 2.94 2.84 2.79 2.80 2.83 3.38 3.69 4.08 4.70 4.63 5.05 4.97 5.58 6.10 6.96 4.51 4.38
-9999.00 -9999.00 18.05 17.84 14.63 12.58 10.45 8.20 7.76 7.41 8.02 9.10 9.31 8.88 9.05 11.30 13.69 15.06 14.84 13.37 11.24 8.92 9.59 12.83 21.84 27.06 30.79 21.46 13.92 10.13 7.70 6.16 5.75 5.55 5.24 5.07 5.37 6.02 6.07 4.80 4.40 4.25 4.24 4.36 3.89 3.67 3.50 3.47 3.51 3.50 3.38 3.47 3.24 3.16 3.09 2.93 2.89 2.83 2.85 2.85 3.17 3.68 4.43 4.69 4.62 4.99 4.56 4.80 5.13 6.53 5.12 4.36 5.36
-9999.00 12.92 18.59 17.43 13.19 10.76 10.23 8.93 7.84 8.11 9.12 10.41 10.46 10.09 11.13 12.83 12.37 11.36 11.57 13.53 13.25 10.23 9.06 10.55 17.07 21.52 24.07 17.73 12.34 9.66 7.28 6.06 5.73 5.43 5.23 4.84 4.72 4.64 4.50 4.04 3.99 3.77 3.89 4.01 3.74 3.37 3.29 3.24 3.18 3.17 3.12 3.19 3.11 3.03 2.98 2.87 2.87 2.82 2.83 2.97 3.11 3.39 3.77 3.82 4.27 4.48 4.38 4.39 5.40 6.80 5.44 4.89 5.45
15.60 15.03 18.70 14.46 13.57 12.96 12.71 11.03 9.46 9.98 10.60 12.25 12.40 12.75 12.86 13.16 12.59 10.85 11.79 12.76 12.89 12.19 10.83 10.35 10.90 15.01 18.57 11.76 9.17 7.79 6.70 6.36 6.11 5.73 5.30 4.84 4.52 4.25 3.99 3.79 3.56 3.45 3.41 3.63 3.41 3.16 3.12 3.09 3.05 3.05 2.99 2.96 2.97 2.93 2.90 2.86 2.84 2.86 2.90 2.96 3.11 3.28 3.57 3.82 4.15 4.45 4.94 5.03 5.19 5.31 5.50 5.49 5.14
19.87 18.04 17.40 15.38 14.23 16.04 17.56 16.74 14.83 14.07 12.68 14.53 14.62 14.42 14.92 15.51 15.74 14.21 13.72 13.93 12.60 12.72 12.23 11.62 11.60 11.77 12.70 10.03 8.74 7.67 7.10 7.10 6.77 6.24 5.48 4.86 4.48 4.13 3.86 3.62 3.41 3.29 3.18 3.09 3.04 2.98 2.96 2.95 2.92 2.91 2.89 2.87 2.87 2.86 2.84 2.83 2.85 2.90 2.97 3.03 3.45 3.64 3.81 4.07 4.42 4.66 6.32 5.18 4.96 5.03 4.94 5.02 4.97
21.34 21.61 18.56 17.33 15.14 17.28 21.45 22.58 21.84 19.10 17.16 19.08 17.76 19.58 19.98 20.19 21.03 19.22 20.03 16.00 12.88 12.27 12.32 12.85 12.53 12.14 11.82 11.12 10.26 8.96 8.56 8.23 7.15 6.32 5.48 4.92 4.48 4.10 3.81 3.55 3.33 3.18 3.04 2.92 2.85 2.84 2.80 2.79 2.92 2.89 2.91 2.77 2.78 2.79 2.93 3.03 3.09 3.16 3.22 3.31 3.23 3.38 3.56 3.75 4.00 4.31 4.95 5.09 4.95 5.18 5.13 5.16 5.14
29.35 22.81 21.60 19.65 16.20 17.84 19.87 22.72 24.39 28.48 27.35 22.25 21.87 22.52 26.81 29.45 30.29 29.79 26.57 19.92 15.03 14.15 14.29 15.26 13.30 12.61 12.68 12.46 11.57 10.40 9.89 8.42 7.38 6.49 5.60 5.00 4.53 4.13 3.80 3.53 3.27 3.11 3.09 2.92 2.73 2.66 2.64 2.63 2.63 2.62 2.61 2.80 2.67 2.66 2.70 2.74 2.82 2.90 3.00 3.11 3.25 3.43 3.62 3.83 4.07 4.20 4.56 4.84 5.08 5.33 5.23 5.32 5.38
22.67 27.71 22.93 18.32 16.87 17.26 17.66 19.26 28.26 36.73 31.15 24.14 23.32 25.60 30.62 35.23 39.86 38.25 31.73 23.83 18.69 20.29 22.62 21.49 17.89 14.92 14.32 13.61 11.60 10.09 9.49 8.03 7.27 6.45 5.69 5.04 4.62 4.02 3.68 3.42 3.18 2.96 2.79 2.65 2.63 2.50 2.47 2.45 2.48 2.49 2.47 2.49 2.53 2.57 2.64 2.69 2.76 2.86 2.98 3.11 3.27 3.47 3.66 3.88 4.12 4.38 4.63 4.85 5.16 5.30 5.33 5.50 5.59
13.04 23.42 17.13 15.45 13.90 14.51 14.30 19.59 32.14 33.86 29.54 28.09 26.52 30.97 33.67 41.52 47.27 48.66 40.24 27.69 23.61 27.42 31.34 27.21 20.45 16.97 15.20 14.16 11.06 9.26 8.03 7.23 6.55 5.99 5.39 4.87 4.33 3.92 3.58 3.30 3.04 2.80 2.64 2.51 2.48 2.40 2.35 2.36 2.38 2.37 2.35 2.36 2.42 2.47 2.54 2.61 2.70 2.83 2.96 3.10 3.27 3.50 3.69 3.97 4.23 4.44 4.57 4.89 5.16 5.40 5.48 5.67 5.81
7.88 12.67 13.89 14.01 17.10 14.56 12.96 17.10 27.12 29.96 29.65 30.48 29.58 31.74 35.15 44.21 53.49 51.98 44.51 37.96 38.85 38.84 39.19 29.99 20.23 16.25 13.87 11.53 9.82 9.22 8.02 7.24 6.54 5.94 5.43 4.98 4.51 4.01 3.58 3.25 2.98 2.74 2.56 2.42 2.34 2.26 2.26 2.23 2.30 2.28 2.28 2.26 2.31 2.37 2.48 2.55 2.63 2.78 2.91 3.08 3.26 3.47 3.69 3.95 4.25 4.45 4.58 4.92 5.20 5.51 5.78 6.03 6.27
7.46 11.37 14.32 13.96 15.13 15.34 15.30 19.45 24.26 28.02 32.13 32.42 34.04 34.47 42.00 47.81 55.32 54.54 49.13 46.13 47.70 45.46 35.42 24.48 20.90 16.83 15.26 12.48 10.48 10.30 8.85 7.49 6.74 6.05 5.49 5.01 4.53 4.06 3.63 3.25 2.96 2.73 2.55 2.43 2.32 2.24 2.21 2.22 2.24 2.19 2.20 2.18 2.21 2.29 2.38 2.47 2.56 2.68 2.83 2.99 3.22 3.50 3.73 4.14 4.42 4.47 4.62 5.03 5.29 5.81 6.18 6.82 6.84
