dati/cumulata_oraria_prisma_2018052823.txt
ncols        251
nrows        249
xllcorner         436000.00000
yllcorner        4918000.00000
cellsize           1000.00000
NODATA_value          -9999.00000
[rows 96 to 127 of 249, columns 72 to 143 of 251]
0.97 0.63 0.41 0.00 0.24 0.00 0.17 0.00 0.26 0.51 0.21 0.31 0.26 0.53 0.97 1.48 1.87 2.19 2.73 3.26 4.00 4.73 5.89 7.03 8.06 9.80 11.42 13.66 14.69 18.15 18.10 21.11 21.82 20.36 18.79 18.30 17.80 16.24 13.47 11.79 10.70 9.21 8.25 7.74 7.03 6.74 6.59 6.57 6.18 5.84 5.55 5.13 4.90 4.55 4.18 3.85 3.59 3.44 3.32 3.01 2.74 2.50 2.24 2.13 2.03 2.10 2.37 2.23 2.21 2.14 1.82 1.85
1.09 0.79 0.55 0.19 0.00 0.00 0.00 0.00 0.17 0.18 0.55 0.58 0.38 0.54 0.84 1.34 1.79 2.17 2.54 2.98 3.57 4.27 5.11 6.20 7.39 8.73 9.54 11.45 12.39 15.46 16.03 19.65 19.06 19.61 19.52 17.06 16.63 15.34 14.15 12.28 10.98 9.86 8.79 7.90 7.36 6.94 6.54 6.30 6.22 6.05 5.69 5.33 5.20 4.90 4.42 4.05 3.80 3.71 3.43 3.42 3.15 2.86 2.60 2.35 2.17 2.18 2.17 2.12 2.10 2.26 2.27 2.30
1.19 0.90 0.60 0.36 0.00 0.00 0.00 0.20 0.00 0.18 0.20 0.21 0.53 0.59 0.88 1.24 1.74 2.08 2.37 2.85 3.24 3.82 4.42 5.43 6.20 7.43 8.37 9.91 11.20 13.34 14.79 16.03 17.13 18.79 17.81 17.35 16.00 14.89 13.79 12.52 10.54 9.80 9.24 8.76 7.81 7.33 6.73 6.53 6.28 6.25 5.84 5.56 5.45 5.02 4.63 4.27 4.02 3.92 3.75 3.58 3.39 3.07 2.83 2.66 2.47 2.42 2.32 2.31 2.25 2.21 2.26 2.20
1.53 1.03 0.77 0.45 0.27 0.30 0.33 0.17 0.21 0.00 0.00 0.20 0.41 0.63 0.76 1.00 1.43 1.93 2.30 2.61 3.00 3.42 3.97 4.63 5.26 6.39 7.58 8.58 10.44 11.19 13.63 13.84 14.89 15.62 15.33 15.80 15.54 14.87 13.45 12.42 10.77 9.83 8.93 8.46 8.06 7.80 7.04 6.73 6.56 6.46 6.05 5.66 5.41 5.41 5.08 4.66 4.27 4.04 3.96 3.84 3.49 3.22 2.91 2.86 2.64 2.61 2.61 2.56 2.52 2.44 2.44 2.38
1.85 1.35 0.93 0.56 0.40 0.56 0.44 0.42 0.45 0.28 0.21 0.00 0.21 0.30 0.53 1.09 1.37 1.78 2.21 2.47 2.89 3.06 3.66 4.20 4.65 5.41 6.39 7.30 8.61 9.94 11.79 12.19 13.69 13.58 13.61 14.01 15.85 14.86 14.04 12.87 11.96 10.12 8.96 8.45 7.58 7.32 7.01 6.73 6.65 6.45 6.20 6.02 5.79 5.66 5.58 4.98 4.75 4.29 4.18 4.06 3.75 3.55 3.15 3.00 2.94 2.90 2.80 2.75 2.73 2.74 2.84 2.89
2.17 1.74 1.26 0.90 0.64 0.40 0.54 0.55 0.51 0.49 0.41 0.34 0.00 0.00 0.55 1.08 1.54 1.72 1.87 2.23 2.76 2.96 3.26 3.81 4.13 4.59 5.25 5.87 7.30 8.27 9.86 12.04 12.64 12.30 11.94 11.26 13.84 14.53 14.78 13.45 12.39 11.00 9.89 8.18 7.67 7.09 6.76 6.63 6.50 6.52 6.29 5.94 5.69 6.04 6.03 5.83 5.54 4.40 4.17 3.95 3.93 3.66 3.47 3.35 3.17 3.02 2.99 2.97 2.95 3.05 2.97 2.92
2.46 2.13 1.73 1.08 0.76 0.52 0.68 0.78 0.85 0.79 0.75 0.48 0.23 0.16 0.27 0.76 1.11 1.62 1.74 1.95 2.53 3.11 2.98 3.37 3.78 4.11 4.45 5.01 5.73 6.79 7.31 9.96 10.63 10.49 10.19 10.32 11.82 14.42 14.29 14.10 13.77 12.10 10.03 8.88 7.83 7.34 6.89 6.77 6.28 6.14 6.17 6.05 5.89 5.88 5.97 6.29 6.37 5.72 4.72 4.24 4.05 3.96 3.69 3.53 3.35 3.26 3.43 3.23 3.23 3.21 3.33 3.24
2.88 2.43 2.12 1.37 1.06 0.88 0.66 0.91 1.10 1.13 1.01 0.84 0.62 0.35 0.24 0.47 0.87 1.13 1.68 1.75 2.30 2.66 2.79 3.07 3.27 3.57 3.93 4.27 4.71 5.43 5.85 7.74 8.56 9.16 9.23 9.80 9.95 11.56 13.39 14.59 13.90 13.26 11.35 9.57 8.54 8.00 7.44 7.04 6.77 6.26 5.99 5.93 5.99 6.14 6.09 6.32 6.92 6.22 4.93 4.45 4.24 4.04 3.85 3.57 3.39 3.49 3.67 3.68 3.70 3.72 3.65 3.43
3.02 2.56 2.24 1.64 1.41 1.16 1.17 1.51 1.43 1.26 1.19 0.92 0.62 0.34 0.23 0.43 0.85 1.13 1.52 1.65 2.05 2.19 2.39 2.60 2.84 3.29 3.57 3.84 4.18 5.08 5.37 6.27 7.29 8.81 8.78 9.04 10.53 11.56 13.04 13.26 12.61 11.04 10.15 10.25 8.72 7.78 7.33 7.15 6.77 6.68 6.31 6.11 6.21 6.36 6.89 7.50 7.50 6.84 5.95 4.58 4.33 4.30 4.08 3.75 3.80 3.88 3.81 3.96 3.89 3.67 3.76 3.67
3.17 2.89 2.84 1.94 1.71 1.59 1.51 1.55 1.71 1.88 1.58 1.20 0.87 0.68 0.41 0.33 0.54 0.95 1.36 1.63 1.58 1.80 2.09 2.19 2.56 2.85 3.13 3.36 3.77 4.08 4.28 4.80 5.61 6.92 7.23 8.34 9.02 9.66 11.25 11.95 10.88 11.06 11.47 10.78 9.01 8.07 8.02 7.61 7.19 6.84 6.49 6.49 6.64 6.79 6.98 7.49 8.09 7.63 6.77 5.96 5.43 4.57 4.17 3.96 3.80 3.91 4.24 4.60 4.74 3.97 3.88 3.86
3.30 3.37 3.23 2.64 2.17 1.84 1.77 1.95 2.06 2.28 2.05 1.72 1.10 0.67 0.51 0.42 0.44 0.72 0.92 1.43 1.47 1.67 1.71 1.92 2.31 2.43 2.66 3.01 3.28 3.65 3.78 3.86 4.33 4.82 5.46 6.74 8.03 9.14 10.01 10.37 9.61 9.54 10.64 11.24 10.80 9.08 8.42 8.01 7.56 7.03 6.70 6.62 7.11 7.00 7.28 7.69 8.33 8.70 8.27 7.01 5.81 5.22 4.90 4.29 3.91 3.82 3.92 4.44 4.43 4.17 3.88 3.74
3.47 3.51 3.53 3.00 2.44 2.34 2.14 2.15 2.34 2.49 2.40 2.15 1.58 0.83 0.60 0.59 0.48 0.50 0.81 0.88 1.37 1.60 1.67 1.80 1.87 1.98 2.18 2.49 2.84 3.11 3.27 3.30 3.41 3.80 4.44 5.64 6.97 7.12 7.93 8.10 9.16 9.44 9.65 10.71 10.62 10.36 9.22 8.98 8.48 7.81 6.74 6.69 6.92 7.11 7.31 7.99 7.98 8.67 8.68 8.28 7.74 6.46 5.08 4.77 4.56 4.29 4.10 4.28 4.28 4.04 3.92 3.95
3.43 3.57 3.69 3.54 3.28 2.79 2.69 2.59 2.68 2.88 2.84 2.42 1.92 1.50 1.12 0.68 0.64 0.58 0.61 0.78 0.99 1.43 1.60 1.36 1.65 1.70 1.84 2.12 2.34 2.61 2.86 2.95 2.94 3.05 3.40 4.22 4.42 4.84 5.66 6.37 7.52 9.35 9.70 9.87 10.63 10.24 9.98 9.82 9.14 7.96 7.57 7.16 6.71 7.09 7.55 7.90 8.34 9.11 9.22 8.94 7.71 7.22 6.57 5.50 4.67 4.38 4.36 4.27 4.35 4.03 3.98 3.99
3.38 3.72 3.83 3.99 3.70 3.35 2.99 2.86 2.93 3.12 3.11 2.72 2.11 2.24 1.60 1.15 0.67 0.63 0.59 0.59 0.88 1.05 1.11 1.31 1.39 1.47 1.53 1.59 2.00 2.16 2.34 2.54 2.57 2.75 2.76 3.11 3.52 4.11 4.45 4.98 5.82 6.10 7.73 8.83 9.35 9.99 9.40 9.24 9.94 10.14 9.23 7.10 7.05 6.93 7.39 8.12 8.80 9.16 9.31 8.91 8.60 7.73 6.45 5.75 5.17 4.84 4.46 4.27 4.18 4.39 4.22 4.14
3.33 3.50 3.58 4.27 4.03 3.65 3.35 3.32 3.30 3.32 3.45 3.18 3.08 2.45 1.74 1.40 1.06 0.68 0.61 0.60 0.73 0.73 0.87 0.98 1.19 1.25 1.35 1.40 1.57 1.73 1.93 2.06 2.31 2.40 2.44 2.55 2.92 3.14 3.54 3.90 4.31 5.27 6.00 6.88 8.10 8.56 8.80 9.03 9.58 9.93 10.46 9.73 8.39 6.94 7.30 7.27 7.79 9.22 10.35 10.63 9.76 7.34 6.81 6.29 5.45 4.76 4.54 4.37 4.30 4.50 4.52 4.56
3.32 3.36 3.57 4.01 4.18 4.11 3.71 3.65 3.43 3.51 3.50 3.97 3.75 3.10 2.15 1.52 1.35 1.04 0.64 0.73 0.70 0.72 0.86 0.95 1.03 1.16 1.28 1.33 1.38 1.40 1.56 1.86 2.06 2.22 2.28 2.32 2.38 2.60 2.93 3.27 3.70 4.31 4.73 5.27 5.70 6.91 8.41 8.51 9.33 9.92 9.68 9.83 9.28 6.84 6.51 6.80 7.28 7.67 8.49 11.35 11.07 10.94 8.48 6.32 5.70 5.16 4.55 4.40 4.41 4.50 4.51 4.73
3.28 3.29 3.32 3.95 4.06 3.84 3.92 3.77 3.61 3.99 4.16 4.35 3.84 3.48 2.44 1.69 1.52 1.29 1.14 0.80 0.68 0.65 0.79 0.86 0.99 1.00 1.06 1.11 1.09 1.14 1.33 1.57 1.69 1.96 2.06 2.00 2.13 2.32 2.57 2.88 3.33 3.51 4.09 4.40 5.05 5.65 6.08 7.31 8.83 9.87 9.63 10.26 8.68 7.56 6.63 6.29 5.87 7.12 8.34 8.42 9.39 10.67 9.27 8.69 6.37 5.03 4.59 4.40 4.44 4.58 4.74 4.89
3.26 3.40 3.39 3.76 3.87 3.72 3.85 3.91 4.18 4.34 4.33 4.42 4.29 3.65 2.71 2.26 1.76 1.65 1.42 1.08 0.89 0.64 0.82 0.86 0.98 0.99 0.94 0.97 0.99 0.94 1.14 1.23 1.38 1.46 1.67 1.75 1.91 2.05 2.29 2.67 2.85 3.20 3.51 3.90 4.48 4.57 5.29 5.61 7.58 10.20 9.98 9.89 8.44 6.93 7.06 6.61 5.92 6.11 6.37 7.79 9.09 9.35 9.29 8.21 6.80 5.76 4.91 4.42 4.43 4.37 4.65 5.02
3.38 3.45 3.53 3.63 3.46 3.72 4.01 4.00 4.26 4.42 4.62 4.44 4.44 4.02 3.39 2.48 2.57 1.93 1.55 1.32 1.08 0.86 0.71 0.74 0.92 1.02 0.95 0.86 0.91 0.81 0.94 1.05 1.21 1.36 1.49 1.63 1.66 1.87 2.18 2.39 2.62 2.85 3.19 3.52 3.76 4.24 4.42 5.00 6.07 6.32 8.51 9.66 9.19 8.13 7.31 6.18 6.14 6.10 6.22 6.13 6.44 8.72 8.89 8.69 7.89 5.45 4.98 5.00 4.78 4.43 4.71 4.83
3.54 3.41 3.47 3.53 3.66 3.86 4.07 4.20 4.04 4.25 4.55 4.52 4.62 4.14 4.11 3.36 2.41 2.01 1.83 1.56 1.24 1.06 0.74 0.69 0.91 0.99 0.92 0.83 0.78 0.84 0.72 0.83 1.05 1.27 1.34 1.39 1.56 1.69 1.92 2.16 2.43 2.64 2.88 3.07 3.42 3.64 4.00 4.40 4.58 5.88 6.60 6.41 8.54 7.97 7.68 7.85 6.85 6.03 6.03 6.17 6.49 6.66 6.71 8.76 7.97 6.93 6.28 4.87 4.86 4.78 4.88 4.93
3.73 3.69 3.72 3.70 3.70 3.90 3.93 4.02 4.20 4.40 4.56 4.50 4.40 4.63 4.28 3.66 2.90 2.22 1.98 1.81 1.47 1.20 1.03 0.92 0.82 1.00 0.89 0.94 0.83 0.69 0.64 0.71 0.92 1.04 1.20 1.30 1.44 1.63 1.78 1.96 2.19 2.47 2.68 2.84 2.97 3.31 3.74 3.88 4.37 4.46 5.17 6.06 6.04 8.19 7.88 8.01 7.64 6.90 5.99 6.01 5.65 5.90 6.77 7.19 7.28 6.29 5.95 5.30 4.97 4.77 4.99 5.17
4.15 4.08 3.92 3.87 3.79 3.72 3.95 3.80 3.89 4.19 4.46 4.48 4.88 4.76 3.96 3.58 3.10 2.82 2.21 1.93 1.71 1.54 1.21 0.95 0.89 0.84 1.00 1.15 0.92 0.72 0.59 0.65 0.73 0.93 1.11 1.17 1.36 1.44 1.58 1.80 1.99 2.21 2.50 2.68 2.80 3.01 3.25 3.61 3.74 4.11 4.41 4.69 5.26 6.56 7.49 7.52 7.55 6.81 6.88 6.38 5.59 5.62 5.58 6.79 7.24 6.54 6.32 5.01 4.86 5.02 5.31 5.34
4.30 4.28 4.11 3.82 3.62 3.60 3.61 3.72 3.82 4.26 4.55 4.61 4.35 4.18 4.04 3.86 3.42 2.76 2.49 2.13 2.02 1.83 1.58 1.22 0.96 1.11 1.14 1.21 1.03 0.94 0.62 0.58 0.67 0.77 0.90 1.24 1.32 1.43 1.46 1.60 1.77 2.07 2.39 2.54 2.62 2.81 2.93 3.05 3.37 3.60 3.80 4.66 4.88 5.44 5.63 6.96 7.55 7.62 7.32 6.17 5.78 5.32 5.46 5.37 5.15 6.36 5.85 5.41 5.35 5.11 5.41 5.60
4.37 4.22 4.11 3.82 3.66 3.42 3.41 3.33 3.56 4.19 4.56 4.47 4.29 4.24 3.91 3.76 3.43 3.00 2.68 2.41 2.27 2.15 1.77 1.51 1.32 1.10 1.16 1.20 1.25 1.07 0.83 0.64 0.62 0.71 0.99 1.22 1.22 1.26 1.32 1.45 1.61 1.82 2.22 2.48 2.63 2.59 2.67 2.81 2.98 3.26 3.63 3.96 4.39 4.89 5.51 5.39 5.79 8.08 8.35 8.08 5.47 5.04 5.00 5.01 5.26 5.25 5.66 5.33 5.13 5.11 5.45 5.64
4.14 4.27 4.29 4.23 4.00 3.52 3.16 3.29 3.57 3.75 3.96 4.23 4.06 4.12 3.94 3.61 3.37 3.22 3.01 2.76 2.61 2.34 2.24 2.09 1.67 1.36 1.26 1.29 1.23 1.24 1.15 0.87 0.69 0.79 0.94 1.08 1.15 1.17 1.32 1.33 1.44 1.72 1.94 2.42 2.56 2.67 2.46 2.53 2.70 2.85 2.95 3.60 4.31 4.54 4.48 4.79 5.47 6.29 7.28 6.89 5.35 4.78 4.72 4.34 4.35 5.33 5.85 5.49 5.11 5.17 5.57 5.73
4.22 4.08 4.11 4.34 3.91 3.57 3.14 2.78 2.99 3.39 3.73 4.17 4.00 3.89 3.80 3.64 3.35 3.20 3.12 2.96 2.79 2.69 2.51 2.38 2.18 1.78 1.39 1.21 1.43 1.40 1.20 1.15 1.02 1.00 0.84 0.96 1.08 1.13 1.14 1.27 1.32 1.46 1.90 2.27 2.43 2.44 2.46 2.36 2.40 2.49 2.81 2.97 3.58 4.29 4.34 4.48 4.46 6.26 5.55 4.77 4.95 4.69 4.74 4.20 4.39 4.54 4.72 5.25 5.13 5.34 5.82 5.95
4.43 4.27 4.26 4.37 4.44 3.97 3.25 2.91 2.96 3.28 3.64 3.74 3.79 3.57 3.54 3.40 3.32 3.09 3.21 3.09 3.01 2.88 2.79 2.63 2.49 2.11 1.64 1.41 1.40 1.42 1.41 1.42 1.26 0.99 0.99 0.96 0.96 1.07 1.09 1.16 1.18 1.31 1.76 2.02 2.26 2.45 2.28 2.20 2.24 2.34 2.43 2.76 2.96 3.90 4.04 4.20 4.27 4.21 4.48 4.57 4.52 4.52 4.56 4.16 4.26 4.43 4.67 4.63 4.98 5.53 6.16 6.48
4.88 4.50 4.31 4.29 4.23 3.87 3.16 2.80 2.75 2.84 3.24 3.54 3.51 3.40 3.36 3.36 3.19 3.10 3.13 3.13 3.14 2.95 2.93 2.73 2.86 2.35 1.96 1.52 1.52 1.48 1.74 1.80 1.45 1.16 1.09 1.01 0.92 1.05 1.03 1.05 1.10 1.23 1.52 1.81 1.95 2.25 2.26 2.12 2.06 2.13 2.23 2.33 2.55 2.89 3.89 3.92 3.96 4.13 4.35 4.51 4.36 4.74 4.51 4.09 4.22 4.33 4.53 4.69 4.97 5.48 6.21 6.56
4.95 4.86 4.57 4.15 4.23 4.08 3.60 3.18 2.74 2.87 3.23 3.30 3.29 3.31 3.00 3.00 3.16 2.96 3.01 3.17 3.18 3.00 2.89 2.75 2.59 2.74 2.25 1.81 1.70 1.96 1.97 1.90 1.84 1.44 1.14 1.02 1.07 1.04 1.03 1.00 1.07 1.16 1.24 1.50 1.89 2.04 2.10 2.05 1.94 1.98 2.03 2.16 2.28 3.02 3.16 3.37 3.77 3.87 4.23 4.35 4.42 4.36 4.33 4.62 4.89 4.25 4.40 4.58 5.09 5.71 6.09 6.36
5.02 5.05 4.73 4.19 4.24 4.12 3.62 3.12 2.86 2.69 2.90 3.35 3.26 3.10 2.80 2.77 2.93 2.98 3.05 2.96 3.08 2.87 2.90 2.62 2.77 2.74 2.72 2.25 2.25 2.05 2.05 2.06 1.82 1.78 1.38 1.13 1.07 1.13 0.99 0.99 0.99 1.03 1.13 1.31 1.50 2.01 2.12 1.91 1.80 1.84 1.90 1.96 2.09 2.31 3.00 3.01 3.13 3.84 3.86 4.18 4.34 4.52 4.75 4.62 4.70 4.73 4.63 4.56 4.97 5.39 6.06 6.60
4.73 5.02 4.89 4.30 4.03 3.87 3.55 3.24 2.90 2.64 2.65 3.17 3.15 2.99 2.74 2.50 2.74 2.65 2.86 3.00 2.93 2.98 2.58 2.59 2.53 2.71 2.59 2.79 2.33 2.03 1.93 2.04 1.99 1.88 1.60 1.23 1.08 1.07 1.22 1.12 0.94 0.96 0.98 1.16 1.43 1.58 1.92 1.90 1.80 1.72 1.78 1.83 1.91 2.25 2.35 2.73 3.06 3.06 3.85 4.18 4.12 4.46 4.99 5.40 5.46 4.66 4.92 5.10 5.12 5.44 5.77 6.15
4.43 4.96 5.23 4.37 4.28 3.92 3.52 3.35 2.97 2.67 2.58 2.94 3.02 2.97 2.77 2.55 2.48 2.44 2.51 2.87 2.60 2.55 2.47 2.43 2.60 2.72 3.37 2.76 2.55 2.31 2.14 1.99 2.02 1.93 1.64 1.50 1.19 1.25 1.27 1.20 0.99 0.93 0.91 0.96 1.08 1.48 1.69 1.71 1.70 1.74 1.69 1.74 1.79 1.88 2.27 2.37 2.52 2.88 3.13 3.11 3.96 4.36 4.84 5.58 5.67 5.52 4.90 5.04 5.31 5.61 5.85 6.17
