dati/cumulata_oraria_prisma_2018052807.txt
ncols        251
nrows        249
xllcorner         436000.00000
yllcorner        4918000.00000
cellsize           1000.00000
NODATA_value          -9999.00000
[rows 32 to 63 of 249, columns 73 to 145 of 251]
-9999.00 -9999.00 -9999.00 -9999.00 -9999.00 -9999.00 -9999.00 -9999.00 -9999.00 -9999.00 -9999.00 -9999.00 -9999.00 0.40 0.87 0.90 0.99 0.97 1.05 1.01 0.80 0.70 0.64 0.60 0.47 0.46 0.41 0.49 0.44 0.39 0.35 -9999.00 -9999.00 -9999.00 -9999.00 -9999.00 -9999.00 -9999.00 -9999.00 -9999.00 -9999.00 -9999.00 -9999.00 -9999.00 -9999.00 -9999.00 -9999.00 -9999.00 -9999.00 -9999.00 -9999.00 -9999.00 -9999.00 -9999.00 1.20 1.33 1.45 1.57 1.69 1.80 1.90 1.98 2.05 2.11 2.15 2.17 2.17 2.15 -9999.00 -9999.00 -9999.00 -9999.00 -9999.00
-9999.00 -9999.00 -9999.00 -9999.00 -9999.00 -9999.00 -9999.00 -9999.00 -9999.00 -9999.00 -9999.00 -9999.00 -9999.00 -9999.00 1.05 1.20 1.12 0.82 1.12 1.02 0.81 0.73 0.67 0.57 0.50 0.51 0.48 0.46 0.44 0.40 0.40 -9999.00 -9999.00 -9999.00 -9999.00 -9999.00 -9999.00 -9999.00 -9999.00 -9999.00 -9999.00 -9999.00 -9999.00 -9999.00 -9999.00 -9999.00 -9999.00 0.40 0.48 0.56 -9999.00 -9999.00 0.87 0.99 1.11 1.23 1.36 1.48 1.59 1.70 1.80 1.89 1.96 2.02 2.06 2.08 2.08 2.07 -9999.00 -9999.00 -9999.00 -9999.00 -9999.00
-9999.00 -9999.00 -9999.00 -9999.00 -9999.00 -9999.00 -9999.00 -9999.00 -9999.00 -9999.00 -9999.00 -9999.00 -9999.00 -9999.00 1.22 1.24 1.12 1.18 0.95 0.81 0.82 0.70 0.59 0.54 0.58 0.51 0.46 0.44 0.46 0.44 0.45 -9999.00 -9999.00 -9999.00 -9999.00 -9999.00 -9999.00 -9999.00 -9999.00 -9999.00 -9999.00 -9999.00 -9999.00 -9999.00 -9999.00 -9999.00 -9999.00 0.35 0.42 0.49 0.58 0.68 0.78 0.90 1.01 1.13 1.25 1.37 1.48 1.59 1.69 1.77 1.85 1.91 1.95 1.98 1.99 1.98 -9999.00 -9999.00 -9999.00 -9999.00 -9999.00
-9999.00 -9999.00 -9999.00 -9999.00 -9999.00 -9999.00 -9999.00 -9999.00 -9999.00 -9999.00 -9999.00 -9999.00 -9999.00 -9999.00 1.14 1.40 1.22 1.11 0.86 0.76 0.76 0.70 0.60 0.62 0.58 0.52 0.48 0.46 0.51 0.49 0.51 0.48 -9999.00 -9999.00 -9999.00 -9999.00 -9999.00 -9999.00 -9999.00 -9999.00 -9999.00 -9999.00 -9999.00 -9999.00 -9999.00 -9999.00 0.24 0.29 0.35 0.42 0.50 0.59 0.69 0.80 0.91 1.02 1.14 1.25 1.36 1.46 1.56 1.65 1.72 1.78 1.83 1.86 1.87 1.87 -9999.00 -9999.00 -9999.00 -9999.00 -9999.00
-9999.00 -9999.00 -9999.00 -9999.00 -9999.00 -9999.00 -9999.00 -9999.00 -9999.00 -9999.00 -9999.00 -9999.00 -9999.00 -9999.00 1.50 1.25 1.18 0.96 0.85 0.71 0.62 0.70 0.66 0.57 0.52 0.49 0.52 0.53 0.53 0.53 0.55 0.49 0.47 -9999.00 -9999.00 -9999.00 -9999.00 -9999.00 -9999.00 -9999.00 -9999.00 -9999.00 -9999.00 -9999.00 -9999.00 -9999.00 0.19 0.23 0.29 0.35 0.42 0.51 0.60 0.69 0.80 0.90 1.01 1.12 1.23 1.33 1.43 1.51 1.59 1.65 1.70 1.73 1.75 1.75 1.74 -9999.00 -9999.00 -9999.00 -9999.00
-9999.00 -9999.00 -9999.00 -9999.00 -9999.00 -9999.00 -9999.00 -9999.00 -9999.00 -9999.00 -9999.00 -9999.00 -9999.00 0.97 1.49 1.23 1.13 0.93 0.79 0.74 0.70 0.66 0.62 0.55 0.50 0.51 0.53 0.53 0.52 0.54 0.57 0.47 0.42 0.38 -9999.00 -9999.00 -9999.00 -9999.00 -9999.00 -9999.00 -9999.00 -9999.00 -9999.00 -9999.00 -9999.00 -9999.00 -9999.00 0.18 0.22 0.28 0.34 0.42 0.50 0.59 0.69 0.79 0.89 0.99 1.10 1.19 1.29 1.37 1.45 1.51 1.56 1.60 1.62 1.62 1.62 -9999.00 -9999.00 -9999.00 -9999.00
-9999.00 -9999.00 -9999.00 -9999.00 -9999.00 -9999.00 -9999.00 -9999.00 -9999.00 -9999.00 -9999.00 -9999.00 -9999.00 1.34 1.00 1.18 1.07 0.86 0.76 0.75 0.74 0.58 0.55 0.56 0.57 0.56 0.54 0.56 0.54 0.52 0.53 0.50 0.48 0.44 0.28 0.25 -9999.00 -9999.00 -9999.00 -9999.00 -9999.00 -9999.00 0.00 0.00 -9999.00 -9999.00 0.00 0.00 0.00 0.21 0.26 0.33 0.40 0.49 0.57 0.67 0.76 0.86 0.96 1.05 1.14 1.23 1.30 1.36 1.41 1.45 1.48 1.49 1.49 -9999.00 -9999.00 -9999.00 -9999.00
-9999.00 -9999.00 -9999.00 -9999.00 -9999.00 -9999.00 -9999.00 -9999.00 -9999.00 -9999.00 -9999.00 -9999.00 1.17 1.06 1.12 0.98 1.02 0.88 0.77 0.76 0.73 0.69 0.60 0.59 0.61 0.58 0.57 0.60 0.52 0.53 0.55 0.58 0.59 0.52 0.42 0.37 0.48 0.18 0.00 0.00 -9999.00 0.00 0.00 0.00 0.00 0.00 0.00 0.00 0.00 0.00 0.19 0.24 0.31 0.38 0.46 0.55 0.64 0.73 0.82 0.91 1.00 1.08 1.15 1.22 1.27 1.31 1.34 1.36 1.36 -9999.00 -9999.00 -9999.00 -9999.00
-9999.00 -9999.00 -9999.00 -9999.00 -9999.00 -9999.00 -9999.00 -9999.00 -9999.00 -9999.00 -9999.00 -9999.00 1.11 1.17 1.11 0.96 0.84 0.87 0.78 0.77 0.74 0.76 0.63 0.59 0.65 0.63 0.53 0.52 0.55 0.59 0.69 0.69 0.81 0.65 0.52 0.45 0.51 0.00 0.20 0.00 0.00 0.00 0.00 0.00 0.00 0.00 0.00 0.00 0.00 0.00 0.00 0.16 0.22 0.29 0.36 0.44 0.52 0.61 0.69 0.78 0.86 0.94 1.01 1.07 1.12 1.17 1.20 1.22 1.23 1.23 1.21 -9999.00 -9999.00
-9999.00 -9999.00 -9999.00 -9999.00 -9999.00 -9999.00 -9999.00 -9999.00 -9999.00 -9999.00 -9999.00 1.51 1.03 1.16 1.06 0.93 0.84 0.87 0.88 0.86 0.85 0.76 0.71 0.62 0.52 0.55 0.53 0.55 0.77 0.77 1.06 0.85 0.88 0.71 0.52 0.45 0.48 0.23 0.20 0.16 0.00 0.00 0.00 0.00 0.00 0.00 0.00 0.00 0.00 0.00 0.00 0.00 0.00 0.20 0.26 0.33 0.41 0.49 0.57 0.65 0.72 0.80 0.87 0.93 0.98 1.03 1.06 1.09 1.10 1.10 1.09 1.08 0.00
-9999.00 -9999.00 -9999.00 -9999.00 -9999.00 -9999.00 -9999.00 -9999.00 -9999.00 -9999.00 1.30 1.63 1.56 1.12 1.00 0.91 0.85 0.83 0.95 0.93 0.91 0.84 0.69 0.59 0.49 0.55 0.67 0.69 0.94 0.91 1.00 0.94 0.85 0.63 0.50 0.47 0.41 0.30 0.21 0.16 0.00 0.00 0.00 0.00 0.00 0.00 0.00 0.00 0.00 0.00 0.00 0.00 0.00 0.00 0.17 0.23 0.30 0.37 0.45 0.52 0.60 0.67 0.74 0.80 0.85 0.90 0.94 0.96 0.98 0.99 0.98 0.97 0.00
-9999.00 -9999.00 -9999.00 -9999.00 -9999.00 -9999.00 -9999.00 -9999.00 -9999.00 -9999.00 1.28 1.51 1.60 1.18 0.98 0.89 0.87 0.85 0.81 1.00 0.98 0.69 0.63 0.62 0.61 0.62 0.79 0.87 0.99 0.98 0.88 0.86 0.74 0.57 0.46 0.43 0.42 0.31 0.25 0.17 0.00 0.00 0.00 0.00 0.00 0.00 0.00 0.00 0.00 0.00 0.00 0.00 0.00 0.00 0.00 0.00 0.21 0.27 0.34 0.41 0.48 0.55 0.61 0.67 0.73 0.78 0.81 0.84 0.87 0.88 0.88 0.87 0.00
-9999.00 -9999.00 -9999.00 -9999.00 -9999.00 -9999.00 -9999.00 -9999.00 -9999.00 -9999.00 1.28 1.53 1.46 1.17 1.10 0.97 0.96 0.92 0.90 0.97 0.82 0.75 0.77 0.84 0.85 0.72 0.81 0.95 1.00 0.91 0.84 0.70 0.61 0.50 0.45 0.48 0.46 0.37 0.26 0.18 0.00 0.00 0.00 0.00 0.00 0.00 0.00 0.00 0.00 0.00 0.00 0.00 0.00 0.00 0.00 0.00 0.00 0.18 0.25 0.31 0.38 0.44 0.50 0.56 0.62 0.66 0.70 0.74 0.76 0.78 0.79 0.78 0.00
-9999.00 -9999.00 -9999.00 -9999.00 -9999.00 -9999.00 -9999.00 -9999.00 -9999.00 -9999.00 1.22 1.43 1.31 1.22 1.19 1.08 1.09 0.97 0.83 0.80 0.91 0.99 0.91 0.99 1.01 0.76 0.76 0.90 0.93 0.80 0.74 0.69 0.57 0.49 0.53 0.51 0.50 0.43 0.31 0.19 0.00 0.00 0.00 0.00 0.00 0.00 0.00 0.00 0.00 0.00 0.00 0.00 0.00 0.00 0.00 0.00 0.00 0.00 0.16 0.22 0.29 0.35 0.41 0.47 0.52 0.57 0.61 0.64 0.67 0.69 0.70 0.70 0.00
-9999.00 -9999.00 -9999.00 -9999.00 -9999.00 -9999.00 -9999.00 -9999.00 1.21 1.26 1.44 1.36 1.25 1.35 1.30 1.30 1.15 1.12 0.98 0.99 0.99 1.15 1.09 1.12 1.11 0.95 0.75 0.83 0.81 0.80 0.79 0.81 0.58 0.58 0.80 0.62 0.60 0.53 0.40 0.24 0.20 0.00 0.00 0.00 0.00 0.00 0.00 0.00 0.00 0.00 0.00 0.00 0.00 0.00 0.00 0.00 0.00 0.00 0.00 0.00 0.21 0.27 0.32 0.38 0.43 0.48 0.52 0.56 0.59 0.61 0.63 0.63 0.64
-9999.00 -9999.00 -9999.00 -9999.00 -9999.00 -9999.00 -9999.00 -9999.00 1.19 1.52 1.55 1.33 1.29 1.41 1.36 1.39 1.40 1.23 1.24 1.25 1.17 1.27 1.20 1.15 1.11 0.94 0.77 0.78 0.85 0.91 0.89 0.89 0.81 0.60 1.08 0.74 0.64 0.66 0.56 0.35 0.27 0.19 0.00 0.00 0.00 0.00 0.00 0.00 0.00 0.00 0.00 0.00 0.00 0.00 0.00 0.00 0.00 0.00 0.00 0.00 0.00 0.20 0.26 0.31 0.36 0.41 0.45 0.49 0.52 0.55 0.57 0.58 0.58
-9999.00 -9999.00 -9999.00 -9999.00 -9999.00 -9999.00 -9999.00 1.17 1.10 1.60 1.52 1.45 1.35 1.43 1.52 1.53 1.60 1.42 1.44 1.50 1.36 1.25 1.24 1.13 1.20 1.10 0.96 0.90 0.95 1.00 0.97 1.00 0.89 0.66 1.01 0.93 0.78 0.76 0.66 0.44 0.33 0.30 0.27 0.18 0.00 0.00 0.00 0.00 0.00 0.00 0.00 0.00 0.00 0.00 0.00 0.00 0.00 0.00 0.00 0.00 0.00 0.00 0.20 0.25 0.30 0.35 0.40 0.43 0.47 0.49 0.52 0.53 0.54
-9999.00 -9999.00 -9999.00 -9999.00 -9999.00 -9999.00 1.41 1.24 1.47 1.48 1.44 1.43 1.49 1.59 1.70 1.77 1.85 1.88 1.57 1.53 1.51 1.37 1.42 1.30 1.42 1.35 1.15 1.01 0.99 1.07 1.04 0.94 0.78 0.73 0.81 0.94 0.92 0.77 0.71 0.61 0.44 0.32 0.32 0.27 0.28 0.27 0.22 0.20 0.23 0.00 0.00 0.00 0.00 0.00 0.00 0.00 0.00 0.00 0.00 0.00 0.00 0.00 0.00 0.21 0.26 0.31 0.35 0.39 0.43 0.46 0.48 0.50 0.51
-9999.00 -9999.00 -9999.00 -9999.00 -9999.00 -9999.00 1.36 1.26 1.51 1.41 1.44 1.53 1.65 1.89 1.96 2.11 2.23 2.08 1.67 1.67 1.67 1.48 1.47 1.57 1.51 1.60 1.42 1.14 1.09 1.14 1.14 1.01 0.81 0.85 0.91 1.00 1.00 0.91 0.73 0.66 0.54 0.39 0.38 0.37 0.43 0.34 0.28 0.27 0.33 0.19 0.00 0.00 0.00 0.00 0.00 0.00 0.00 0.00 0.00 0.00 0.00 0.00 0.00 0.18 0.23 0.28 0.32 0.36 0.40 0.43 0.45 0.47 0.49
-9999.00 -9999.00 -9999.00 -9999.00 -9999.00 -9999.00 1.30 1.39 1.46 1.50 1.38 1.77 2.01 2.11 2.28 2.47 2.47 2.36 2.33 2.00 2.01 1.88 1.69 1.85 2.03 1.96 1.79 1.49 1.20 1.28 1.23 1.08 0.85 0.81 0.86 0.77 0.98 0.94 0.75 0.75 0.61 0.44 0.41 0.37 0.36 0.43 0.34 0.34 0.31 0.30 0.00 0.00 0.00 0.00 0.00 0.00 0.00 0.00 0.00 0.00 0.00 0.00 0.00 0.16 0.21 0.26 0.31 0.35 0.38 0.41 0.44 0.46 0.48
-9999.00 -9999.00 -9999.00 -9999.00 -9999.00 -9999.00 1.26 1.39 1.55 1.88 1.68 1.94 2.33 2.66 2.46 2.62 2.68 2.59 2.66 2.37 2.30 2.12 2.04 2.33 2.35 2.14 2.13 1.91 1.36 1.38 1.36 1.15 0.88 0.77 0.84 0.83 0.91 0.93 0.89 0.79 0.70 0.54 0.44 0.42 0.40 0.48 0.37 0.44 0.44 0.33 0.16 0.00 0.00 0.00 0.00 0.00 0.00 0.00 0.00 0.00 0.00 0.00 0.00 0.00 0.21 0.25 0.30 0.34 0.38 0.41 0.44 0.46 0.47
-9999.00 -9999.00 -9999.00 1.32 1.25 1.17 1.23 1.57 1.83 2.12 2.28 2.38 2.66 2.92 3.10 2.84 3.08 3.22 3.01 2.62 2.53 2.40 2.31 2.39 2.57 2.45 2.52 2.04 1.50 1.47 1.45 1.25 1.04 0.84 0.79 0.81 0.88 0.94 0.88 0.68 0.59 0.53 0.49 0.44 0.43 0.58 0.48 0.53 0.53 0.46 0.28 0.00 0.00 0.00 0.00 0.00 0.00 0.00 0.00 0.00 0.00 0.00 0.00 0.00 0.21 0.26 0.30 0.34 0.38 0.41 0.44 0.46 0.48
-9999.00 -9999.00 1.36 1.24 1.32 1.42 1.46 2.14 2.61 2.62 2.51 3.25 3.28 3.47 3.47 3.50 3.54 3.35 3.58 2.83 2.81 2.75 2.82 2.89 2.73 2.82 2.47 2.08 1.58 1.56 1.42 1.15 0.91 0.80 0.80 0.85 0.93 0.91 0.71 0.61 0.57 0.52 0.49 0.46 0.64 0.56 0.73 0.64 0.51 0.38 0.20 0.00 0.00 0.00 0.00 0.00 0.00 0.00 0.00 0.00 0.00 0.00 0.00 0.17 0.22 0.27 0.31 0.36 0.39 0.43 0.45 0.48 0.49
-9999.00 1.30 1.34 1.48 1.42 1.54 1.53 2.30 2.80 3.38 3.75 3.56 4.17 4.09 3.94 3.84 3.87 3.98 3.67 3.06 3.16 3.27 3.00 3.10 3.02 3.12 3.13 2.58 1.98 1.62 1.59 1.29 1.02 0.86 0.80 0.84 0.91 0.91 0.74 0.60 0.55 0.49 0.49 0.48 0.45 0.62 0.76 0.82 0.58 0.52 0.35 0.00 0.00 0.00 0.00 0.00 0.00 0.00 0.00 0.00 0.00 0.00 0.00 0.19 0.24 0.29 0.33 0.37 0.41 0.45 0.47 0.50 0.51
1.28 1.42 1.49 1.54 1.48 1.44 1.48 2.01 3.04 3.96 4.29 4.16 4.58 4.82 4.48 4.37 4.24 4.04 3.85 3.88 3.41 3.72 3.71 3.21 3.23 3.35 3.33 3.13 2.08 1.69 1.66 1.42 1.12 0.98 0.86 0.80 0.82 0.88 0.84 0.64 0.54 0.46 0.46 0.48 0.47 0.65 0.77 0.85 0.70 0.58 0.39 0.24 0.22 0.21 0.17 0.00 0.00 0.00 0.00 0.00 0.00 0.00 0.00 0.21 0.26 0.31 0.35 0.40 0.44 0.47 0.50 0.52 0.54
1.35 1.44 1.52 1.49 1.55 1.50 1.70 2.16 3.09 4.24 5.01 4.89 5.00 4.91 5.08 5.01 4.77 4.65 4.24 4.20 3.60 3.90 3.79 3.38 3.06 3.33 3.51 3.35 2.96 2.02 1.84 1.62 1.30 1.13 1.00 0.89 0.83 0.91 0.88 0.69 0.58 0.51 0.48 0.51 0.59 0.79 0.75 1.04 0.73 0.65 0.44 0.33 0.32 0.28 0.19 0.00 0.00 0.00 0.00 0.00 0.00 0.00 0.17 0.23 0.28 0.33 0.38 0.43 0.46 0.50 0.53 0.55 0.56
1.27 1.50 1.55 1.52 1.53 1.52 1.87 2.29 2.87 4.04 4.68 5.52 5.10 5.43 5.49 5.61 5.41 5.22 4.74 4.39 3.63 3.77 3.59 2.91 3.04 3.27 3.53 3.53 3.37 2.13 2.09 1.78 1.42 1.26 1.13 0.98 0.93 1.03 0.98 0.77 0.61 0.50 0.47 0.46 0.58 0.84 0.76 0.88 0.38 0.37 0.24 0.36 0.27 0.25 0.00 0.00 0.00 0.00 0.00 0.00 0.00 0.00 0.20 0.26 0.31 0.36 0.41 0.46 0.49 0.53 0.55 0.58 0.59
1.42 1.46 1.51 1.58 1.47 1.63 1.63 2.25 3.10 4.26 4.99 5.51 4.91 5.47 5.52 5.65 5.74 5.25 4.65 4.24 3.49 3.46 3.41 2.91 3.06 3.03 3.38 3.79 3.70 2.83 2.20 2.07 1.72 1.47 1.31 1.11 1.03 1.08 1.03 0.88 0.70 0.55 0.43 0.36 0.31 0.38 0.41 0.41 0.28 0.17 0.00 0.17 0.00 0.00 0.00 0.00 0.00 0.00 0.00 0.00 0.00 0.17 0.23 0.29 0.34 0.39 0.44 0.49 0.53 0.56 0.59 0.61 0.62
1.64 1.50 1.33 1.35 1.32 1.59 1.66 2.02 2.92 4.05 5.08 5.54 4.71 5.15 5.17 5.64 6.00 5.48 4.81 4.57 4.43 3.49 3.30 2.84 2.70 2.85 3.06 3.68 3.73 3.19 2.54 2.22 1.83 1.59 1.46 1.27 1.04 0.95 0.88 0.75 0.61 0.52 0.38 0.31 0.25 0.31 0.48 0.48 0.39 0.29 0.25 0.00 0.00 0.00 0.00 0.00 0.00 0.00 0.00 0.00 0.00 0.20 0.26 0.32 0.37 0.43 0.47 0.52 0.56 0.59 0.62 0.64 0.65
1.91 1.60 1.52 1.62 1.30 1.44 1.71 2.16 2.70 3.84 4.78 5.44 5.46 4.94 5.13 5.44 6.08 5.60 5.17 4.72 4.73 3.78 3.23 2.95 2.63 2.82 3.13 3.55 3.78 3.39 2.50 2.08 1.78 1.56 1.40 1.23 1.05 0.99 0.94 0.82 0.69 0.54 0.44 0.40 0.41 0.73 0.87 0.86 0.77 0.57 0.36 0.20 0.25 0.38 0.25 0.18 0.00 0.00 0.00 0.00 0.00 0.22 0.29 0.35 0.40 0.46 0.51 0.55 0.59 0.62 0.65 0.67 0.68
1.84 1.79 1.69 1.78 1.71 1.46 1.51 1.97 2.51 3.34 4.77 5.18 5.28 4.83 5.03 5.60 6.50 6.19 5.48 5.03 4.87 3.67 2.76 2.69 2.46 2.47 2.64 2.92 3.14 2.96 2.70 2.36 1.96 1.73 1.52 1.36 1.22 1.08 1.05 0.94 0.83 0.73 0.55 0.52 0.48 0.44 0.78 0.97 0.88 0.69 0.50 0.38 0.38 0.49 0.40 0.31 0.26 0.00 0.00 0.00 0.19 0.25 0.32 0.38 0.44 0.49 0.54 0.58 0.62 0.65 0.67 0.69 0.70
1.85 1.93 1.73 1.86 1.96 1.77 1.92 2.06 2.87 3.64 4.77 5.17 5.27 4.56 4.86 5.52 6.32 6.20 6.00 5.41 4.22 3.56 2.76 2.31 2.41 2.34 2.51 2.66 2.99 2.76 2.91 2.56 2.19 1.94 1.72 1.53 1.32 1.20 1.17 1.06 0.92 0.83 0.69 0.64 0.55 0.51 0.79 0.76 0.76 0.72 0.57 0.40 0.42 0.54 0.50 0.38 0.28 0.20 0.23 0.00 0.22 0.29 0.35 0.41 0.47 0.52 0.57 0.61 0.65 0.68 0.70 0.72 0.73
