dati/cumulata_oraria_prisma_2018052803.txt
ncols        251
nrows        249
xllcorner         436000.00000
yllcorner        4918000.00000
cellsize           1000.00000
NODATA_value          -9999.00000
[rows 96 to 127 of 249, columns 73 to 145 of 251]
14.49 12.23 9.73 10.16 11.22 11.34 11.72 12.41 10.87 7.98 6.26 7.53 10.37 12.26 9.53 6.28 3.76 3.17 2.68 2.95 3.31 7.06 9.12 8.96 9.22 12.15 9.96 7.30 5.35 2.85 2.28 2.44 3.33 2.71 2.39 4.14 4.07 5.53 7.53 6.53 7.03 5.89 3.91 5.76 8.40 16.79 22.09 21.63 13.12 9.99 11.17 11.24 16.16 16.52 14.67 13.62 15.10 14.00 10.47 8.11 6.58 5.86 4.70 3.58 3.01 2.52 2.28 2.11 1.96 1.79 1.71 1.63 1.54
14.66 12.27 11.63 12.08 13.07 13.94 15.41 16.60 14.79 11.61 6.86 6.50 7.93 9.61 8.98 6.35 4.17 3.48 2.88 2.52 2.86 4.09 9.28 9.35 11.08 14.19 10.45 6.69 5.68 3.71 1.04 1.31 1.80 1.22 1.42 3.08 3.06 2.78 4.20 4.16 4.89 3.84 3.36 3.96 10.37 18.50 21.09 19.16 12.01 7.42 6.96 9.18 14.59 18.04 16.13 16.09 18.05 15.11 11.65 10.02 8.64 6.54 5.03 3.48 2.91 2.51 2.13 1.95 1.76 1.70 1.63 1.56 1.47
13.36 11.68 12.40 12.57 13.93 16.71 18.85 20.27 18.30 12.10 8.00 6.69 6.95 7.63 7.72 6.54 4.74 3.85 3.15 2.64 2.33 2.59 6.36 6.08 9.52 13.27 10.71 5.33 4.56 2.63 0.61 0.42 0.69 0.54 0.98 1.90 2.80 2.60 2.41 2.86 3.31 2.94 2.40 3.67 10.74 20.76 22.42 16.16 13.29 7.37 5.76 7.05 12.79 16.21 17.58 16.86 19.77 18.17 15.36 12.22 8.24 6.39 6.33 5.15 3.72 2.27 1.99 1.84 1.66 1.61 1.55 1.48 1.40
10.42 11.06 11.63 11.78 13.42 17.11 20.50 22.53 18.28 13.87 9.93 7.28 6.84 7.11 7.41 6.47 5.35 4.23 3.57 2.85 2.35 2.15 4.29 3.67 6.21 12.16 9.08 3.87 2.63 1.35 0.35 0.00 0.00 0.00 0.47 1.14 2.15 2.37 2.10 2.65 2.56 2.05 1.80 3.75 9.62 18.49 20.15 13.49 10.17 5.78 4.37 3.99 7.37 12.75 15.67 16.99 19.96 22.20 18.37 11.29 7.51 6.42 6.15 5.30 4.25 3.15 2.34 1.80 1.55 1.51 1.45 1.39 1.32
9.04 10.53 12.15 12.68 14.10 15.63 18.86 22.04 19.56 15.11 11.82 8.84 7.26 6.95 6.86 6.17 5.64 4.62 3.77 3.07 2.59 2.57 2.34 2.77 2.41 6.15 4.33 2.22 1.09 0.51 0.00 0.00 0.00 0.00 0.00 0.60 1.44 1.96 1.85 2.48 2.27 1.65 1.23 1.73 7.60 12.26 15.78 9.65 6.53 4.96 4.51 4.04 5.18 7.47 10.26 11.02 17.39 21.35 19.29 14.29 9.17 5.81 6.30 6.76 6.30 3.58 1.94 1.64 1.44 1.40 1.35 1.30 1.23
9.69 11.47 12.82 14.12 15.20 16.06 17.22 20.36 19.51 15.00 13.45 9.83 7.64 7.58 7.21 6.88 5.96 5.01 4.19 3.27 2.78 2.63 2.20 2.05 1.70 1.80 1.33 1.03 0.38 0.00 0.00 0.00 0.00 0.00 0.00 0.25 0.89 2.09 2.03 2.75 2.79 1.86 0.88 1.29 3.21 7.81 10.03 5.33 3.66 3.54 4.14 4.21 3.52 4.26 5.80 9.66 17.14 21.61 22.17 14.69 7.75 4.84 4.02 6.12 4.89 3.53 2.40 1.64 1.32 1.29 1.25 1.20 1.14
11.25 12.57 12.62 14.61 17.36 18.00 17.72 17.96 16.81 15.35 12.93 12.31 9.60 7.65 7.89 8.05 7.79 5.80 4.22 3.63 2.99 2.60 2.19 1.85 1.71 0.90 1.00 0.93 0.27 0.00 0.00 0.00 0.00 0.00 0.00 0.00 0.58 2.39 2.75 2.23 2.30 1.16 0.57 1.31 2.05 6.88 7.40 2.78 1.74 2.90 3.89 4.17 3.39 4.14 5.82 8.14 9.00 15.88 19.85 15.39 9.41 5.67 4.57 5.80 4.40 2.84 1.86 1.36 1.20 1.18 1.14 1.10 0.00
12.04 13.13 13.18 14.39 16.64 19.67 18.48 17.43 16.49 15.07 13.59 12.36 11.23 9.15 8.15 8.62 9.09 7.34 4.98 4.14 3.05 2.54 2.01 1.86 1.62 1.18 0.75 0.88 0.25 0.00 0.00 0.00 0.00 0.00 0.00 0.00 0.19 2.19 2.78 2.47 1.85 0.78 0.29 0.37 1.16 4.42 6.79 3.75 1.51 1.53 2.30 3.21 3.41 4.44 6.26 8.50 10.03 13.32 16.53 11.19 7.86 6.20 3.58 2.10 2.53 2.18 1.51 1.09 1.08 1.06 1.03 0.00 0.00
11.59 12.08 13.45 15.36 18.05 20.11 19.46 18.29 16.30 12.94 11.46 10.55 9.05 7.79 8.39 8.82 9.42 6.76 4.61 3.88 2.89 2.49 2.22 2.16 1.77 1.03 1.26 0.77 0.00 0.00 0.00 0.00 0.00 0.00 0.00 0.00 2.33 2.94 2.17 1.16 0.52 0.00 0.00 0.65 2.94 5.00 3.69 1.10 0.79 1.60 2.55 2.43 3.96 5.79 8.25 11.67 14.29 13.50 9.88 7.03 5.12 3.01 1.64 1.38 1.22 1.21 0.97 0.97 0.96 0.00 0.00 0.00 0.00
14.13 11.59 12.53 13.61 15.43 17.45 17.87 17.52 16.19 13.06 10.66 9.31 7.99 6.74 6.67 8.44 8.24 7.83 5.02 3.40 2.71 2.24 2.03 2.24 1.65 1.11 1.21 0.45 0.00 0.00 0.00 0.00 0.00 0.00 0.00 0.00 0.19 1.94 1.88 1.02 0.00 0.00 0.00 0.16 1.63 3.50 3.83 1.92 0.79 0.70 0.93 2.05 3.57 5.01 10.68 16.06 15.76 11.96 7.10 3.49 3.62 1.85 0.93 0.77 0.80 0.83 0.84 0.85 0.00 0.00 0.00 0.00 1.11
19.79 13.93 11.24 12.32 13.55 15.50 17.06 15.95 15.26 13.74 10.55 8.25 6.92 6.10 5.38 6.01 7.61 7.67 5.79 3.42 2.47 2.01 2.20 2.33 1.89 0.74 0.87 0.42 0.00 0.00 0.00 0.00 0.00 0.00 0.00 0.00 0.29 0.94 0.61 0.56 0.00 0.00 0.00 0.00 0.79 2.74 2.96 1.82 0.42 0.38 0.55 1.69 3.50 5.47 10.40 17.47 20.58 16.80 6.24 1.81 1.20 0.71 0.61 0.65 0.68 0.71 0.00 0.00 0.00 0.00 0.00 0.00 1.27
25.64 16.12 10.44 10.98 12.26 13.86 15.21 15.14 13.49 11.97 11.28 9.09 6.87 5.46 4.98 4.43 6.01 7.43 5.97 3.98 2.23 1.72 2.09 2.70 2.24 1.04 0.69 0.32 0.00 0.00 0.00 0.00 0.00 0.00 0.00 0.00 0.00 0.00 0.00 0.00 0.00 0.00 0.00 0.00 0.00 1.13 2.05 2.25 0.50 0.00 0.00 1.44 3.20 5.56 11.40 13.71 21.53 11.03 4.49 1.16 0.62 0.59 0.50 0.54 0.57 0.00 0.00 0.00 0.00 0.00 0.00 0.96 1.27
21.75 18.13 11.03 10.53 10.29 11.67 13.72 14.43 13.03 11.48 10.52 9.76 7.99 6.33 4.77 4.27 4.05 5.77 5.72 4.44 2.45 1.80 1.81 2.97 2.83 1.45 0.30 0.00 0.00 0.00 0.00 0.00 0.00 0.00 0.00 0.00 0.00 0.00 0.00 0.00 0.00 0.00 0.00 0.00 0.00 0.00 0.44 0.99 0.21 0.00 0.00 1.45 3.37 6.12 7.83 14.65 24.01 15.84 5.40 0.79 0.44 0.35 0.40 0.00 0.00 0.00 0.00 0.00 0.00 0.00 0.00 0.00 1.24
16.30 15.98 13.68 11.23 10.77 10.23 10.95 13.17 14.77 12.16 9.76 8.72 8.21 8.05 6.16 3.93 3.36 3.91 5.21 4.03 3.23 1.94 1.41 2.61 3.07 2.75 0.77 0.00 0.00 0.00 0.00 0.00 0.00 0.00 0.00 0.00 0.00 0.00 0.00 0.00 0.00 0.00 0.00 0.00 0.00 0.00 0.00 0.28 0.00 0.00 0.00 0.47 3.01 4.68 8.14 15.72 19.87 15.53 3.02 1.51 0.45 0.26 0.00 0.00 0.00 0.00 0.00 0.00 0.00 0.00 0.00 0.00 0.00
10.55 13.91 14.34 12.37 11.63 10.22 9.84 11.57 13.55 11.99 9.21 8.57 8.80 9.46 8.30 4.77 2.96 2.75 3.54 4.15 3.81 2.55 1.59 2.14 3.39 3.96 1.98 0.00 0.00 0.00 0.00 0.00 0.00 0.00 0.00 0.00 0.00 0.00 0.00 0.00 0.00 0.00 0.00 0.00 0.00 0.00 0.00 0.00 0.00 0.00 0.00 0.18 1.82 4.46 4.63 10.67 21.05 13.42 9.13 1.00 0.00 0.00 0.00 0.00 0.00 0.00 0.00 0.00 0.00 0.00 0.00 0.00 0.00
9.42 12.18 15.77 14.71 12.77 11.76 10.01 9.55 10.99 10.61 9.35 8.04 9.29 10.03 7.32 5.53 2.83 2.31 2.11 2.95 3.33 2.82 1.99 1.87 3.28 4.40 2.36 0.89 0.00 0.00 0.00 0.00 0.00 0.00 0.00 0.00 0.00 0.00 0.00 0.00 0.00 0.00 0.00 0.00 0.00 0.00 0.00 0.00 0.00 0.00 0.00 0.00 0.92 1.28 3.32 8.06 10.82 9.19 5.95 1.28 0.40 0.00 0.00 0.00 0.00 0.00 0.00 0.00 0.00 0.00 0.00 0.00 0.00
8.62 10.41 14.14 14.35 13.70 13.12 12.17 10.30 9.76 9.42 8.31 8.42 9.94 11.09 8.63 4.76 3.12 2.04 1.76 1.63 2.20 2.76 2.02 0.87 1.68 2.55 2.21 0.60 0.00 0.00 0.00 0.00 0.00 0.00 0.00 0.00 0.00 0.00 0.00 0.00 0.00 0.00 0.00 0.00 0.00 0.00 0.00 0.00 0.00 0.00 0.00 0.00 0.00 0.77 1.28 1.48 7.11 7.47 3.86 0.91 0.00 0.00 0.00 0.00 0.00 0.00 0.00 0.00 0.00 0.00 0.00 0.00 0.00
9.11 11.19 11.46 12.90 13.67 13.76 13.24 12.16 11.73 10.03 7.77 7.46 9.65 9.79 7.76 5.56 2.82 1.94 1.49 1.12 1.16 1.64 1.57 0.67 0.51 1.47 1.18 0.44 0.40 0.00 0.00 0.00 0.00 0.00 0.00 0.00 0.00 0.00 0.00 0.00 0.00 0.00 0.00 0.00 0.00 0.00 0.00 0.00 0.00 0.00 0.00 0.00 0.00 0.00 0.48 1.37 1.03 0.70 1.27 0.41 0.00 0.00 0.00 0.00 0.00 0.00 0.00 0.00 0.00 0.00 0.00 0.00 0.00
7.98 8.26 11.01 9.62 10.37 11.63 16.25 19.29 15.19 10.36 7.75 7.55 8.00 7.42 6.11 5.21 2.74 1.75 1.37 0.68 0.66 0.78 1.19 0.87 0.00 0.00 0.00 0.00 0.33 0.00 0.00 0.00 0.00 0.00 0.00 0.00 0.00 0.00 0.00 0.00 0.00 0.00 0.00 0.00 0.00 0.00 0.00 0.00 0.00 0.00 0.00 0.00 0.00 0.00 0.66 0.69 0.47 0.49 0.00 0.00 0.00 0.00 0.00 0.00 0.00 0.00 0.00 0.00 0.00 0.00 0.00 0.00 0.00
6.63 6.02 8.07 8.49 8.20 10.06 16.28 15.49 15.19 14.23 11.47 9.14 8.24 8.03 5.03 3.31 2.18 1.56 1.01 0.51 0.19 0.29 0.44 0.31 0.00 0.00 0.00 0.00 0.00 0.00 0.00 0.00 0.00 0.00 0.00 0.00 0.00 0.00 0.00 0.00 0.00 0.00 0.00 0.00 0.00 0.00 0.00 0.00 0.00 0.00 0.00 0.00 0.00 0.00 0.00 0.26 0.00 0.00 0.00 0.00 0.00 0.00 0.00 0.00 0.00 0.00 0.00 0.00 0.00 0.00 0.00 0.00 0.00
5.95 4.64 5.55 6.23 5.98 5.56 6.74 10.69 14.16 14.75 13.78 11.39 11.15 8.03 6.40 4.13 1.70 1.27 0.95 0.32 0.00 0.00 0.00 0.00 0.00 0.00 0.00 0.00 0.00 0.00 0.00 0.00 0.00 0.00 0.00 0.00 0.00 0.00 0.00 0.00 0.00 0.00 0.00 0.00 0.00 0.00 0.00 0.00 0.00 0.00 0.00 0.00 0.00 0.00 0.00 0.00 0.00 0.00 0.00 0.00 0.00 0.00 0.00 0.00 0.00 0.00 0.00 0.00 0.00 0.00 0.00 0.00 0.00
4.79 4.10 4.24 4.70 5.37 4.94 4.48 4.65 6.90 10.66 11.93 11.88 11.59 10.68 7.92 3.51 2.03 0.75 0.50 0.19 0.00 0.00 0.00 0.00 0.00 0.00 0.00 0.00 0.00 0.00 0.00 0.00 0.00 0.00 0.00 0.00 0.00 0.00 0.00 0.00 0.00 0.00 0.00 0.00 0.00 0.00 0.00 0.00 0.00 0.00 0.00 0.00 0.00 0.00 0.00 0.00 0.00 0.00 0.00 0.00 0.00 0.00 0.00 0.00 0.00 0.00 0.00 0.00 0.00 0.00 0.00 0.00 0.00
3.59 3.29 3.39 3.54 4.45 5.39 4.43 3.56 4.55 4.43 7.64 9.53 9.25 8.47 7.98 3.56 1.02 0.00 0.00 0.00 0.00 0.00 0.00 0.00 0.00 0.00 0.00 0.00 0.00 0.00 0.00 0.00 0.00 0.00 0.00 0.00 0.00 0.00 0.00 0.00 0.00 0.00 0.00 0.00 0.00 0.00 0.00 0.00 0.00 0.00 0.00 0.00 0.00 0.00 0.00 0.00 0.00 0.00 0.00 0.00 0.00 0.00 0.00 0.00 0.00 0.00 0.00 0.00 0.00 0.00 0.00 0.00 0.00
2.93 2.73 2.81 3.30 4.52 4.96 5.23 3.77 2.60 3.29 5.11 5.54 4.55 4.36 4.19 2.78 0.94 0.00 0.00 0.00 0.00 0.00 0.00 0.00 0.00 0.00 0.00 0.00 0.00 0.00 0.00 0.00 0.00 0.00 0.00 0.00 0.00 0.00 0.00 0.00 0.00 0.00 0.00 0.00 0.00 0.00 0.00 0.00 0.00 0.00 0.00 0.00 0.00 0.00 0.00 0.00 0.00 0.00 0.00 0.00 0.00 0.00 0.00 0.00 0.00 0.00 0.00 0.00 0.00 0.00 0.00 0.00 0.00
2.52 2.35 2.37 2.56 3.14 5.51 5.55 3.14 2.18 1.66 1.67 2.58 2.56 2.31 1.65 1.06 0.27 0.00 0.00 0.00 0.00 0.00 0.00 0.00 0.00 0.00 0.00 0.00 0.00 0.00 0.00 0.00 0.00 0.00 0.00 0.00 0.00 0.00 0.00 0.00 0.00 0.00 0.00 0.00 0.00 0.00 0.00 0.00 0.00 0.00 0.00 0.00 0.00 0.00 0.00 0.00 0.00 0.00 0.00 0.00 0.00 0.00 0.00 0.00 0.00 0.00 0.00 0.00 0.00 0.00 0.00 0.00 0.00
0.00 0.00 0.00 2.02 2.73 4.74 4.58 2.61 1.40 1.11 1.09 0.96 1.08 1.55 1.12 0.36 0.00 0.00 0.00 0.00 0.00 0.00 0.00 0.00 0.00 0.00 0.00 0.00 0.00 0.00 0.00 0.00 0.00 0.00 0.00 0.00 0.00 0.00 0.00 0.00 0.00 0.00 0.00 0.00 0.00 0.00 0.00 0.00 0.00 0.00 0.00 0.00 0.00 0.00 0.00 0.00 0.00 0.00 0.00 0.00 0.00 0.00 0.00 0.00 0.00 0.00 0.00 0.00 0.00 0.00 0.00 0.00 0.00
0.00 0.00 0.00 0.00 1.62 2.15 2.33 1.51 0.00 0.00 0.00 0.68 0.90 1.40 1.16 0.36 0.00 0.00 0.00 0.00 0.00 0.00 0.00 0.00 0.00 0.00 0.00 0.00 0.00 0.00 0.00 0.00 0.00 0.00 0.00 0.00 0.00 0.00 0.00 0.00 0.00 0.00 0.00 0.00 0.00 0.00 0.00 0.00 0.00 0.00 0.00 0.00 0.00 0.00 0.00 0.00 0.00 0.00 0.00 0.00 0.00 0.00 0.00 0.00 0.00 0.00 0.00 0.00 0.00 0.00 0.00 0.00 0.00
0.00 0.00 0.00 0.00 0.00 1.32 1.18 0.00 0.00 0.00 0.00 0.00 0.49 0.92 0.81 0.00 0.00 0.00 0.00 0.00 0.00 0.00 0.00 0.00 0.00 0.00 0.00 0.00 0.00 0.00 0.00 0.00 0.00 0.00 0.00 0.00 0.00 0.00 0.00 0.00 0.00 0.00 0.00 0.00 0.00 0.00 0.00 0.00 0.00 0.00 0.00 0.00 0.00 0.00 0.00 0.00 0.00 0.00 0.00 0.00 0.00 0.00 0.00 0.00 0.00 0.00 0.00 0.00 0.00 0.00 0.00 0.00 0.00
0.00 0.00 0.00 0.00 0.00 0.00 0.00 0.00 0.00 0.00 0.00 0.00 0.00 0.30 0.46 0.00 0.00 0.00 0.00 0.00 0.00 0.00 0.00 0.00 0.00 0.00 0.00 0.00 0.00 0.00 0.00 0.00 0.00 0.00 0.00 0.00 0.00 0.00 0.00 0.00 0.00 0.00 0.00 0.00 0.00 0.00 0.00 0.00 0.00 0.00 0.00 0.00 0.00 0.00 0.00 0.00 0.00 0.00 0.00 0.00 0.00 0.00 0.00 0.00 0.00 0.00 0.00 0.00 0.00 0.00 0.00 0.00 0.00
0.00 0.00 0.00 0.00 0.00 0.00 0.00 0.00 0.00 0.00 0.00 0.00 0.00 0.00 0.00 0.00 0.00 0.00 0.00 0.00 0.00 0.00 0.00 0.00 0.00 0.00 0.00 0.00 0.00 0.00 0.00 0.00 0.00 0.00 0.00 0.00 0.00 0.00 0.00 0.00 0.00 0.00 0.00 0.00 0.00 0.00 0.00 0.00 0.00 0.00 0.00 0.00 0.00 0.00 0.00 0.00 0.00 0.00 0.00 0.00 0.00 0.00 0.00 0.00 0.00 0.00 0.00 0.00 0.00 0.00 0.00 0.00 0.00
0.00 0.00 0.00 0.00 0.00 0.00 0.00 0.00 0.00 0.00 0.00 0.00 0.00 0.00 0.00 0.00 0.00 0.00 0.00 0.00 0.00 0.00 0.00 0.00 0.00 0.00 0.00 0.00 0.00 0.00 0.00 0.00 0.00 0.00 0.00 0.00 0.00 0.00 0.00 0.00 0.00 0.00 0.00 0.00 0.00 0.00 0.00 0.00 0.00 0.00 0.00 0.00 0.00 0.00 0.00 0.00 0.00 0.00 0.00 0.00 0.00 0.00 0.00 0.00 0.00 0.00 0.00 0.00 0.00 0.00 0.00 0.00 0.00
0.00 0.00 0.00 0.00 0.00 0.00 0.00 0.00 0.00 0.00 0.53 0.39 0.00 0.00 0.00 0.00 0.00 0.00 0.00 0.00 0.00 0.00 0.00 0.00 0.00 0.00 0.00 0.00 0.00 0.00 0.00 0.00 0.00 0.00 0.00 0.00 0.00 0.00 0.00 0.00 0.00 0.00 0.00 0.00 0.00 0.00 0.00 0.00 0.00 0.00 0.00 0.00 0.00 0.00 0.00 0.00 0.00 0.00 0.00 0.00 0.00 0.00 0.00 0.00 0.00 0.00 0.00 0.00 0.00 0.00 0.00 0.00 0.00
