dati/cumulata_oraria_prisma_2018052820.txt
ncols        251
nrows        249
xllcorner         436000.00000
yllcorner        4918000.00000
cellsize           1000.00000
NODATA_value          -9999.00000
[rows 128 to 159 of 249, columns 146 to 218 of 251]
4.30 4.46 4.46 4.32 4.30 4.31 4.01 3.94 3.42 2.46 2.62 2.23 2.04 2.05 1.40 1.38 1.36 1.61 1.49 1.41 1.56 1.88 2.01 1.48 1.44 1.65 1.69 1.70 1.78 1.63 1.63 1.56 1.62 1.14 1.11 0.90 0.86 0.83 0.78 0.92 0.88 0.93 0.96 0.98 0.92 0.99 1.10 -9999.00 -9999.00 -9999.00 -9999.00 -9999.00 -9999.00 -9999.00 -9999.00 -9999.00 -9999.00 -9999.00 -9999.00 -9999.00 -9999.00 -9999.00 -9999.00 -9999.00 -9999.00 -9999.00 -9999.00 -9999.00 -9999.00 -9999.00 -9999.00 -9999.00 -9999.00
4.45 4.58 4.40 4.43 4.48 4.88 4.67 3.77 3.39 2.91 2.76 2.13 2.00 1.95 1.69 1.39 1.53 1.49 1.66 1.76 2.01 1.95 1.94 2.14 2.13 1.69 1.69 1.71 1.79 1.64 1.55 1.61 1.47 1.39 1.46 0.99 0.83 0.81 0.83 0.95 0.95 0.98 1.00 0.92 0.95 0.95 1.08 -9999.00 -9999.00 -9999.00 -9999.00 -9999.00 -9999.00 -9999.00 -9999.00 -9999.00 -9999.00 -9999.00 -9999.00 -9999.00 -9999.00 -9999.00 -9999.00 -9999.00 -9999.00 -9999.00 -9999.00 -9999.00 -9999.00 -9999.00 -9999.00 -9999.00 -9999.00
4.72 4.68 4.70 4.57 5.03 4.91 4.48 4.56 3.43 2.90 2.64 2.45 2.24 1.79 1.62 1.84 1.82 1.78 1.57 1.68 2.06 2.34 2.07 2.09 2.20 2.20 1.96 1.99 1.78 1.76 1.53 1.62 1.56 1.46 1.42 1.34 1.36 0.80 0.94 0.95 0.94 0.90 0.92 1.02 1.00 0.97 1.09 -9999.00 -9999.00 -9999.00 -9999.00 -9999.00 -9999.00 -9999.00 -9999.00 -9999.00 -9999.00 -9999.00 -9999.00 -9999.00 -9999.00 -9999.00 -9999.00 -9999.00 -9999.00 -9999.00 -9999.00 -9999.00 -9999.00 -9999.00 -9999.00 -9999.00 -9999.00
4.89 4.72 4.94 4.70 4.89 5.08 4.66 4.79 4.35 3.94 2.65 2.35 2.34 2.33 2.12 1.74 1.74 1.78 1.86 2.00 2.23 2.19 2.09 2.22 2.22 2.21 1.99 2.00 2.19 1.77 1.53 1.52 1.45 1.55 1.42 1.34 1.23 1.06 1.11 0.96 0.91 0.87 0.93 1.06 1.30 1.13 1.10 1.11 -9999.00 -9999.00 -9999.00 -9999.00 -9999.00 -9999.00 -9999.00 -9999.00 -9999.00 -9999.00 -9999.00 -9999.00 -9999.00 -9999.00 -9999.00 -9999.00 -9999.00 -9999.00 -9999.00 -9999.00 -9999.00 -9999.00 -9999.00 -9999.00 -9999.00
5.09 4.84 4.84 4.92 5.04 4.89 4.99 4.95 4.20 3.67 3.27 2.90 2.37 2.55 2.37 2.16 1.93 1.84 1.80 2.08 2.18 2.03 2.18 2.26 2.28 1.96 2.02 2.17 2.31 2.36 1.52 1.54 1.47 1.53 1.42 1.34 1.21 1.05 1.08 1.03 1.10 1.07 0.93 1.08 1.22 1.08 1.03 1.10 -9999.00 -9999.00 -9999.00 -9999.00 -9999.00 -9999.00 -9999.00 -9999.00 -9999.00 -9999.00 -9999.00 -9999.00 -9999.00 -9999.00 -9999.00 -9999.00 -9999.00 -9999.00 -9999.00 -9999.00 -9999.00 -9999.00 -9999.00 -9999.00 -9999.00
5.10 4.89 5.38 5.24 5.07 5.10 5.25 5.07 4.89 3.60 3.04 2.93 2.46 2.74 2.27 2.17 2.18 2.08 2.17 2.02 2.07 2.11 2.54 2.66 2.05 1.99 1.86 1.61 2.54 2.12 2.08 2.13 1.63 1.50 1.34 1.16 1.19 1.11 1.03 1.10 0.96 0.99 1.03 0.97 1.12 1.10 1.03 0.94 -9999.00 -9999.00 -9999.00 -9999.00 -9999.00 -9999.00 -9999.00 -9999.00 -9999.00 -9999.00 -9999.00 -9999.00 -9999.00 -9999.00 -9999.00 -9999.00 -9999.00 -9999.00 -9999.00 -9999.00 -9999.00 -9999.00 -9999.00 -9999.00 -9999.00
5.27 5.04 5.02 5.17 5.20 5.05 5.04 5.09 4.92 4.61 4.52 2.76 2.53 2.44 2.30 2.41 2.17 2.10 2.10 2.35 2.07 2.11 2.45 2.30 2.19 1.90 1.65 1.59 1.51 2.13 1.92 1.95 1.76 1.77 1.34 1.18 1.20 1.11 1.10 1.06 1.01 0.98 0.99 0.99 1.00 1.06 1.04 0.95 -9999.00 -9999.00 -9999.00 -9999.00 -9999.00 -9999.00 -9999.00 -9999.00 -9999.00 -9999.00 -9999.00 -9999.00 -9999.00 -9999.00 -9999.00 -9999.00 -9999.00 -9999.00 -9999.00 -9999.00 -9999.00 -9999.00 -9999.00 -9999.00 -9999.00
4.99 5.29 4.99 4.81 5.31 5.25 5.00 4.82 5.08 4.56 4.05 3.58 3.03 2.48 2.39 2.14 1.97 2.04 2.25 2.26 2.40 3.16 2.38 2.23 1.97 1.87 2.02 1.58 1.63 1.64 2.14 1.76 1.89 1.68 1.60 1.70 1.39 1.15 1.03 1.03 1.03 1.01 0.97 1.14 1.08 1.07 1.08 1.00 1.06 0.98 1.03 0.93 0.99 -9999.00 -9999.00 -9999.00 -9999.00 -9999.00 -9999.00 -9999.00 -9999.00 -9999.00 -9999.00 -9999.00 -9999.00 -9999.00 -9999.00 -9999.00 -9999.00 -9999.00 -9999.00 -9999.00 -9999.00
5.50 5.33 5.06 4.81 4.68 4.76 5.11 4.84 4.88 4.73 3.73 3.32 3.10 2.86 2.28 2.13 1.93 2.02 2.05 2.45 2.53 3.19 2.79 2.22 1.97 1.84 1.79 1.63 1.78 1.56 1.61 1.46 1.81 1.60 1.56 1.52 1.40 1.47 1.07 1.01 1.03 0.94 0.83 0.95 1.06 1.00 1.04 0.95 0.97 0.96 0.93 0.87 0.89 -9999.00 -9999.00 -9999.00 -9999.00 -9999.00 -9999.00 -9999.00 -9999.00 -9999.00 -9999.00 -9999.00 -9999.00 -9999.00 -9999.00 -9999.00 -9999.00 -9999.00 -9999.00 -9999.00 -9999.00
5.56 5.12 5.03 4.81 4.88 4.89 4.73 4.76 4.96 4.72 4.71 4.63 3.06 2.75 2.52 2.33 2.03 2.06 2.10 2.33 3.03 3.08 3.01 3.05 3.31 2.00 1.67 1.62 1.61 1.63 1.52 1.54 1.49 1.86 1.71 1.49 1.39 1.51 1.52 1.57 1.02 0.85 0.82 0.92 0.80 0.84 1.01 0.97 0.94 0.95 0.94 0.92 0.95 -9999.00 -9999.00 -9999.00 -9999.00 -9999.00 -9999.00 -9999.00 -9999.00 -9999.00 -9999.00 -9999.00 -9999.00 -9999.00 -9999.00 -9999.00 -9999.00 -9999.00 -9999.00 -9999.00 -9999.00
5.94 5.15 5.05 4.70 4.41 4.83 5.00 4.89 4.59 4.57 4.68 4.30 4.01 2.78 2.49 2.30 2.19 2.28 2.09 2.40 2.89 3.04 3.16 3.49 2.92 2.73 2.47 1.81 1.55 1.50 1.47 1.52 1.59 1.50 1.45 1.46 1.47 1.53 1.52 1.39 1.17 1.23 0.94 0.92 0.85 0.78 0.75 0.79 0.96 0.92 0.95 0.90 0.97 -9999.00 -9999.00 -9999.00 -9999.00 -9999.00 -9999.00 -9999.00 -9999.00 -9999.00 -9999.00 -9999.00 -9999.00 -9999.00 -9999.00 -9999.00 -9999.00 -9999.00 -9999.00 -9999.00 -9999.00
5.76 5.80 5.66 4.77 4.61 4.20 4.35 4.71 4.80 4.88 4.83 4.29 3.64 3.10 2.93 2.31 2.18 2.24 2.26 2.74 2.97 3.18 3.51 3.87 2.74 2.62 2.24 2.38 2.34 1.53 1.32 1.38 1.87 1.46 1.36 1.29 1.24 1.19 1.56 1.32 1.20 1.02 1.05 1.02 0.83 0.77 0.83 0.68 0.68 0.69 0.92 0.98 0.96 -9999.00 -9999.00 -9999.00 -9999.00 -9999.00 -9999.00 -9999.00 -9999.00 -9999.00 -9999.00 -9999.00 -9999.00 -9999.00 -9999.00 -9999.00 -9999.00 -9999.00 -9999.00 -9999.00 -9999.00
6.70 5.77 5.36 4.98 4.50 4.43 4.31 4.11 5.00 5.05 5.00 5.05 3.39 2.92 2.67 2.64 2.33 2.28 2.27 2.38 2.74 3.29 3.73 4.13 3.99 3.76 2.46 2.27 2.14 1.57 1.23 1.50 1.57 1.49 1.46 1.38 1.19 1.11 1.04 0.91 1.23 1.00 1.03 0.81 0.67 0.82 0.75 0.68 0.63 0.68 0.59 0.60 0.96 -9999.00 -9999.00 -9999.00 -9999.00 -9999.00 -9999.00 -9999.00 -9999.00 -9999.00 -9999.00 -9999.00 -9999.00 -9999.00 -9999.00 -9999.00 -9999.00 -9999.00 -9999.00 -9999.00 -9999.00
7.07 7.17 5.15 4.82 4.65 4.36 4.36 4.24 4.58 4.46 4.98 4.68 4.57 4.27 2.62 2.51 2.55 2.60 2.32 2.71 2.97 3.61 4.37 4.15 3.93 3.77 3.55 2.37 2.05 2.05 2.20 1.80 1.49 1.29 1.38 1.35 1.19 1.05 0.97 0.78 0.99 1.09 1.01 0.75 0.65 0.82 0.80 0.79 0.68 0.68 0.56 0.60 0.63 -9999.00 -9999.00 -9999.00 -9999.00 -9999.00 -9999.00 -9999.00 -9999.00 -9999.00 -9999.00 -9999.00 -9999.00 -9999.00 -9999.00 -9999.00 -9999.00 -9999.00 -9999.00 -9999.00 -9999.00
7.31 7.48 7.85 4.81 4.59 4.26 3.96 4.50 4.51 4.45 4.57 4.74 4.28 4.16 3.80 2.55 2.61 2.65 2.74 3.01 3.46 4.13 4.17 4.30 3.77 3.70 3.35 2.92 2.68 2.07 2.17 1.91 1.91 1.41 1.41 1.09 1.14 1.76 0.91 1.00 0.81 0.80 0.70 0.92 0.81 0.80 0.75 0.81 0.83 0.73 0.52 0.64 0.60 -9999.00 -9999.00 -9999.00 -9999.00 -9999.00 -9999.00 -9999.00 -9999.00 -9999.00 -9999.00 -9999.00 -9999.00 -9999.00 -9999.00 -9999.00 -9999.00 -9999.00 -9999.00 -9999.00 -9999.00
8.01 7.97 8.57 8.42 8.58 4.18 4.05 3.89 3.79 4.67 4.61 4.54 4.24 3.96 3.54 3.34 3.41 2.78 3.04 3.20 3.79 4.16 4.16 4.38 4.66 4.64 3.17 2.80 2.62 2.11 1.98 1.88 1.97 2.04 1.35 1.13 1.37 1.42 1.45 1.24 0.97 0.70 0.75 0.90 0.99 0.85 0.75 0.80 0.61 0.47 0.58 -9999.00 -9999.00 -9999.00 -9999.00 -9999.00 -9999.00 -9999.00 -9999.00 -9999.00 -9999.00 -9999.00 -9999.00 -9999.00 -9999.00 -9999.00 -9999.00 -9999.00 -9999.00 -9999.00 -9999.00 -9999.00 -9999.00
7.56 8.48 10.04 8.44 8.01 7.35 4.00 3.89 3.76 3.64 4.54 4.56 4.15 3.67 3.53 3.63 4.18 3.97 3.29 3.62 4.36 4.87 5.13 4.57 4.67 4.58 4.18 3.76 2.68 2.48 2.19 1.89 1.97 1.96 1.82 1.64 1.82 1.38 1.28 1.11 1.11 1.25 0.89 0.90 0.78 0.71 0.65 0.75 0.73 0.45 0.53 0.50 0.63 -9999.00 -9999.00 -9999.00 -9999.00 -9999.00 -9999.00 -9999.00 -9999.00 -9999.00 -9999.00 -9999.00 -9999.00 -9999.00 -9999.00 -9999.00 -9999.00 -9999.00 -9999.00 -9999.00 -9999.00
7.56 8.96 8.00 7.98 7.45 7.50 6.02 4.57 3.81 3.23 2.97 4.44 3.80 3.67 3.60 4.85 4.04 3.92 3.87 4.05 4.62 5.08 5.28 5.27 4.68 4.50 4.02 3.41 3.23 2.13 2.18 2.07 2.10 1.81 1.64 1.55 1.55 1.51 1.23 1.07 1.09 1.05 0.91 1.15 0.85 0.68 0.60 0.64 0.54 0.70 0.48 0.63 0.61 -9999.00 -9999.00 -9999.00 -9999.00 -9999.00 -9999.00 -9999.00 -9999.00 -9999.00 -9999.00 -9999.00 -9999.00 -9999.00 -9999.00 -9999.00 -9999.00 -9999.00 -9999.00 -9999.00 -9999.00
5.90 5.73 7.62 7.76 8.15 6.46 5.25 4.10 3.51 3.12 3.01 2.96 2.56 3.30 4.03 4.47 4.41 4.02 4.32 5.44 7.04 5.48 5.21 4.85 5.14 4.81 3.94 3.37 3.03 2.19 2.14 2.05 2.11 1.90 1.64 1.56 1.46 1.52 1.28 1.51 1.24 1.02 0.90 0.81 0.99 0.93 0.72 0.46 0.53 0.55 0.83 0.45 0.52 0.45 -9999.00 -9999.00 -9999.00 -9999.00 -9999.00 -9999.00 -9999.00 -9999.00 -9999.00 -9999.00 -9999.00 -9999.00 -9999.00 -9999.00 -9999.00 -9999.00 -9999.00 -9999.00 -9999.00
5.56 5.56 5.68 8.29 8.02 7.31 4.58 3.76 3.05 2.69 3.15 2.86 2.64 3.28 4.87 4.37 4.51 4.47 5.91 7.06 6.61 7.03 9.45 4.94 5.06 4.47 4.30 4.02 2.95 2.73 2.60 2.05 1.94 1.90 1.96 2.10 1.51 1.41 1.49 1.26 1.22 1.18 1.23 0.88 0.77 0.79 0.71 0.80 0.52 0.56 0.43 0.39 0.54 0.75 0.63 -9999.00 -9999.00 0.59 0.62 0.53 -9999.00 -9999.00 -9999.00 -9999.00 -9999.00 -9999.00 -9999.00 -9999.00 -9999.00 -9999.00 -9999.00 -9999.00 -9999.00
9.54 5.66 5.50 5.73 7.87 6.28 4.29 3.55 2.74 2.66 2.47 2.31 2.98 3.68 3.88 3.77 4.50 5.02 5.79 5.24 6.70 8.03 11.13 12.72 4.82 4.31 4.33 3.86 3.64 2.74 2.42 2.03 1.92 1.98 2.03 1.91 1.83 1.66 1.50 1.18 1.20 1.09 0.92 0.99 0.88 0.74 0.68 0.47 0.55 0.80 0.41 0.44 0.55 0.43 0.70 -9999.00 0.65 0.64 0.58 0.52 0.34 -9999.00 -9999.00 -9999.00 -9999.00 -9999.00 -9999.00 -9999.00 -9999.00 -9999.00 -9999.00 -9999.00 -9999.00
9.36 8.31 5.86 5.82 6.72 5.01 3.77 3.13 2.59 2.45 2.28 2.39 2.69 3.80 3.87 4.17 4.14 5.71 5.53 5.27 6.47 9.45 12.64 12.04 10.07 10.19 4.13 3.67 3.14 2.56 2.30 1.91 2.04 2.01 2.10 1.82 1.73 1.66 1.45 1.25 1.16 0.96 0.73 0.81 0.96 0.73 0.62 0.46 0.43 0.48 0.63 0.54 0.46 0.46 0.31 0.23 0.30 0.65 0.52 0.44 0.32 0.33 -9999.00 -9999.00 -9999.00 -9999.00 -9999.00 -9999.00 -9999.00 -9999.00 -9999.00 -9999.00 -9999.00
7.87 7.36 5.46 7.18 5.76 4.19 3.17 2.58 2.38 2.09 2.30 2.55 2.94 2.98 3.85 4.10 4.54 4.57 4.60 6.00 9.59 10.43 10.20 10.39 9.99 12.52 14.92 13.05 3.18 3.00 2.70 1.92 2.10 2.07 2.21 2.45 1.67 1.46 1.27 1.06 0.90 0.91 0.66 0.81 0.86 0.72 0.78 0.63 0.48 0.55 0.53 0.60 0.37 0.65 0.31 0.21 0.31 0.58 0.54 0.32 0.47 0.20 0.20 -9999.00 -9999.00 -9999.00 -9999.00 -9999.00 -9999.00 -9999.00 -9999.00 -9999.00 -9999.00
21.42 5.41 4.58 3.43 3.97 3.12 2.66 2.01 2.08 2.06 2.17 2.46 3.01 2.96 3.24 3.38 4.58 4.45 4.16 4.48 10.69 11.04 9.32 9.56 10.11 13.09 11.04 9.42 7.34 2.46 2.51 2.44 2.14 2.09 2.23 2.42 2.21 2.13 1.25 1.00 0.89 0.84 0.78 0.88 0.84 0.57 0.55 0.53 0.58 0.61 0.55 0.27 0.30 0.44 0.55 0.45 0.54 0.55 0.33 0.20 0.34 0.21 0.19 -9999.00 -9999.00 -9999.00 -9999.00 -9999.00 -9999.00 -9999.00 -9999.00 -9999.00 -9999.00
17.65 15.74 3.68 3.06 2.79 2.59 2.11 1.72 1.51 2.28 2.40 2.50 2.53 3.36 3.36 3.28 3.09 4.08 4.22 4.19 4.88 9.07 9.53 10.57 9.75 8.31 7.89 8.37 7.35 2.33 2.39 2.00 1.90 2.45 2.22 2.05 1.87 1.41 1.06 0.86 0.80 0.73 0.57 0.50 0.77 0.54 0.52 0.54 0.55 0.49 0.33 0.41 0.48 0.40 0.36 0.38 0.55 0.34 0.22 0.35 0.25 0.45 0.19 0.24 -9999.00 -9999.00 -9999.00 -9999.00 -9999.00 -9999.00 -9999.00 -9999.00 -9999.00
14.34 10.69 2.79 2.74 2.55 2.52 1.62 1.50 1.57 1.40 2.70 2.59 2.65 3.43 3.12 2.90 2.92 2.64 4.81 5.08 6.13 6.96 13.73 12.10 13.57 13.76 8.31 8.29 5.88 9.46 2.13 2.02 1.93 2.02 1.97 2.05 1.73 1.22 1.23 1.20 0.78 0.64 0.50 0.47 0.47 0.60 0.56 0.53 0.31 0.33 0.41 0.60 0.50 0.37 0.30 0.33 0.40 0.38 0.47 0.33 0.24 0.22 0.28 0.28 0.24 0.16 0.18 -9999.00 -9999.00 -9999.00 -9999.00 -9999.00 -9999.00
11.76 8.69 8.09 2.59 2.49 2.41 2.09 1.49 1.40 1.42 1.64 2.59 2.72 2.50 2.31 3.00 2.75 2.78 2.55 5.17 6.57 7.53 6.72 13.66 14.13 14.32 15.56 16.04 5.00 4.56 4.04 2.13 2.03 1.93 1.90 1.77 1.40 1.22 1.12 0.83 0.76 0.68 0.49 0.49 0.46 0.44 0.45 0.56 0.35 0.20 0.23 0.00 0.28 0.33 0.40 0.40 0.39 0.28 0.44 0.19 0.43 0.21 0.30 0.26 0.20 0.23 0.00 0.00 -9999.00 -9999.00 -9999.00 -9999.00 -9999.00
13.32 8.05 7.93 7.10 7.07 2.13 1.98 1.80 1.44 1.58 1.59 1.64 2.72 2.40 2.28 2.18 2.74 2.72 2.56 3.01 7.34 6.65 6.91 8.38 7.85 15.27 16.04 13.67 9.46 4.09 3.38 2.55 2.42 1.93 1.88 1.29 1.19 1.17 1.01 0.81 0.74 0.61 0.50 0.48 0.45 0.46 0.43 0.41 0.38 0.33 0.00 0.00 0.18 0.18 0.00 0.45 0.30 0.37 0.27 0.21 0.22 0.37 0.26 0.23 0.20 0.00 0.19 0.16 0.00 0.00 0.00 -9999.00 -9999.00
10.90 9.80 7.13 5.97 5.83 4.31 1.80 1.67 1.51 1.44 1.62 1.65 1.68 2.24 2.16 2.00 1.93 2.56 2.86 3.11 3.33 3.81 8.34 8.26 6.85 7.70 13.09 10.60 8.31 3.20 2.65 2.48 2.39 2.19 1.78 1.21 1.11 1.14 0.93 0.83 0.65 0.55 0.47 0.42 0.43 0.41 0.39 0.34 0.23 0.20 0.19 0.25 0.18 0.00 0.00 0.20 0.19 0.38 0.22 0.27 0.00 0.00 0.23 0.19 0.23 0.19 0.00 0.00 0.21 0.22 0.00 -9999.00 -9999.00
9.93 9.60 8.76 5.47 4.74 3.74 2.92 1.50 1.31 1.18 1.05 1.71 1.67 1.48 1.71 2.04 1.83 1.74 1.61 3.30 3.38 4.35 4.34 7.86 7.36 8.82 8.44 3.87 5.62 4.38 1.77 2.43 2.33 1.84 1.54 1.37 1.12 1.00 0.86 0.78 0.80 0.50 0.43 0.42 0.36 0.34 0.29 0.23 0.20 0.17 0.00 0.00 0.19 0.00 0.20 0.19 0.00 0.00 0.00 0.28 0.00 0.16 0.00 0.00 0.00 0.00 0.00 0.00 0.00 0.00 0.00 -9999.00 -9999.00
5.90 8.64 6.44 5.54 3.64 3.16 2.17 1.61 1.17 1.03 0.90 0.72 1.35 1.51 1.49 1.17 1.69 1.71 1.54 1.37 4.14 4.28 4.37 4.01 8.48 8.45 5.75 3.53 2.53 2.58 1.58 1.49 2.09 1.54 1.35 1.56 1.34 0.91 0.86 0.74 0.68 0.58 0.51 0.40 0.33 0.32 0.28 0.25 0.17 0.16 0.00 0.00 0.00 0.00 0.20 0.00 0.00 0.00 0.00 0.00 0.18 0.19 0.00 0.00 0.00 0.00 0.00 0.00 0.00 0.00 0.00 0.00 0.00
5.13 4.80 6.17 4.88 3.43 2.73 1.69 1.35 1.24 0.84 0.77 0.67 0.62 1.61 1.41 1.26 1.27 1.55 1.39 1.30 1.45 4.29 4.18 3.77 3.30 2.86 3.80 3.11 2.13 1.78 1.59 1.37 1.29 1.23 1.53 1.49 1.20 1.15 0.73 0.91 0.59 0.56 0.50 0.43 0.34 0.30 0.23 0.23 0.22 0.27 0.00 0.00 0.00 0.00 0.00 0.00 0.00 0.00 0.00 0.00 0.00 0.00 0.00 0.00 0.00 0.00 0.00 0.00 0.00 0.00 0.00 0.00 0.00
