dati/cumulata_oraria_prisma_2018052721.txt
ncols        251
nrows        249
xllcorner         436000.00000
yllcorner        4918000.00000
cellsize           1000.00000
NODATA_value          -9999.00000
[rows 64 to 95 of 249, columns 73 to 145 of 251]
3.15 2.83 2.75 2.92 3.13 3.55 3.25 2.91 2.74 2.69 2.90 2.66 2.80 2.58 2.50 2.24 2.14 2.42 2.89 2.90 2.95 2.97 3.21 2.54 2.32 1.91 2.27 2.54 2.55 2.82 2.92 2.28 2.10 2.26 1.92 1.74 1.53 1.39 1.10 0.94 0.86 0.80 0.72 0.69 0.64 0.62 0.64 0.62 0.58 0.59 0.61 0.60 0.55 0.48 0.48 0.47 0.47 0.49 0.49 0.50 0.48 0.47 0.49 0.51 0.53 0.54 0.57 0.50 0.44 0.36 0.32 0.21 0.21
3.13 3.26 3.01 2.71 3.29 3.42 3.03 2.94 3.00 2.72 2.85 2.79 2.62 2.62 2.36 2.55 2.56 2.74 3.01 2.96 3.04 3.47 3.63 2.89 2.29 1.93 1.99 2.34 1.85 1.88 2.34 2.27 2.10 2.12 1.81 1.59 1.45 1.34 1.05 0.90 0.81 0.75 0.70 0.67 0.61 0.59 0.61 0.59 0.55 0.54 0.55 0.57 0.53 0.45 0.49 0.47 0.49 0.50 0.50 0.50 0.47 0.46 0.48 0.53 0.51 0.53 0.55 0.46 0.41 0.34 0.22 0.21 0.21
3.30 3.20 2.76 2.94 3.26 3.60 4.33 3.86 3.11 3.08 2.95 2.89 2.64 2.71 2.58 2.91 2.94 3.17 3.35 3.37 3.19 3.44 3.82 3.55 2.63 2.70 2.47 2.29 1.82 1.41 2.19 2.46 2.27 2.01 1.75 1.63 1.42 1.34 1.05 0.90 0.74 0.68 0.66 0.63 0.55 0.55 0.60 0.58 0.51 0.49 0.49 0.51 0.47 0.42 0.43 0.45 0.45 0.42 0.43 0.44 0.44 0.41 0.41 0.45 0.50 0.51 0.51 0.38 0.37 0.22 0.22 0.21 0.21
3.72 3.30 3.06 3.17 3.75 4.00 4.53 4.04 3.45 3.16 3.15 2.94 3.09 3.07 3.30 3.58 3.47 3.05 3.28 3.11 3.23 3.12 3.40 3.31 2.79 2.71 2.64 2.09 2.10 1.50 2.22 2.83 2.25 2.07 1.89 1.79 1.59 1.39 1.11 0.91 0.75 0.65 0.63 0.58 0.54 0.55 0.59 0.52 0.46 0.45 0.41 0.41 0.39 0.42 0.40 0.38 0.39 0.36 0.39 0.39 0.39 0.41 0.36 0.38 0.43 0.43 0.44 0.30 0.22 0.22 0.21 0.21 0.20
4.03 3.57 3.23 3.42 3.97 4.16 4.06 3.55 3.39 3.19 2.90 3.10 3.19 3.21 3.33 3.76 3.58 2.85 3.14 2.97 3.05 3.13 3.50 3.71 3.18 2.76 2.68 2.16 2.05 1.31 1.76 2.97 2.37 2.18 2.10 2.10 1.75 1.45 1.14 0.89 0.70 0.62 0.57 0.55 0.48 0.46 0.46 0.45 0.38 0.38 0.34 0.35 0.35 0.42 0.32 0.34 0.34 0.32 0.33 0.33 0.35 0.37 0.33 0.37 0.38 0.38 0.37 0.21 0.21 0.21 0.21 0.21 0.20
4.66 3.72 3.64 3.79 3.98 4.26 4.04 3.68 3.42 3.11 3.18 3.26 3.57 3.28 3.53 3.69 3.84 3.61 3.50 3.02 2.92 2.88 3.18 4.11 3.39 2.97 2.90 2.75 2.19 1.54 1.44 2.10 3.08 3.43 2.30 2.35 2.72 1.57 1.06 0.83 0.68 0.59 0.54 0.48 0.44 0.43 0.44 0.40 0.35 0.34 0.30 0.27 0.26 0.26 0.25 0.27 0.26 0.25 0.27 0.28 0.27 0.33 0.28 0.31 0.32 0.31 0.20 0.21 0.21 0.21 0.21 0.21 0.20
5.02 4.53 4.37 4.00 4.07 4.46 3.88 3.58 3.35 3.19 3.30 3.62 3.90 3.59 3.71 3.93 3.82 3.70 3.57 3.23 3.03 2.47 2.23 3.80 3.68 2.88 3.00 3.14 3.26 2.67 1.36 1.64 3.82 6.42 2.63 2.44 3.31 1.57 1.01 0.82 0.69 0.59 0.51 0.43 0.40 0.40 0.40 0.35 0.32 0.30 0.26 0.24 0.22 0.21 0.21 0.21 0.22 0.20 0.20 0.23 0.00 0.00 0.00 0.17 0.18 0.19 0.20 0.20 0.21 0.21 0.21 0.20 0.20
4.57 4.62 4.29 4.20 4.18 4.49 3.89 3.53 3.32 3.33 3.49 3.73 3.80 3.54 3.81 4.06 3.90 3.87 3.44 3.23 3.21 2.49 2.18 2.99 3.45 2.52 2.95 3.49 3.43 3.43 1.72 1.71 3.01 5.31 2.52 2.25 2.55 1.43 0.97 0.82 0.69 0.57 0.47 0.41 0.36 0.37 0.36 0.32 0.25 0.24 0.22 0.21 0.17 0.00 0.16 0.17 0.16 0.00 0.00 0.00 0.00 0.00 0.00 0.16 0.18 0.19 0.19 0.20 0.20 0.20 0.20 0.20 0.20
3.56 3.90 3.05 4.39 4.56 4.45 3.84 3.56 3.47 3.50 3.57 3.42 3.51 3.32 3.75 4.18 4.03 3.89 3.66 3.36 3.69 3.31 2.76 2.72 3.81 2.78 3.72 3.73 2.85 3.89 3.35 3.01 3.62 3.37 2.52 2.20 1.65 1.32 0.93 0.79 0.66 0.52 0.45 0.40 0.36 0.37 0.34 0.30 0.23 0.20 0.18 0.20 0.16 0.00 0.00 0.00 0.00 0.00 0.00 0.00 0.00 0.00 0.00 0.00 0.17 0.18 0.19 0.19 0.20 0.20 0.20 0.20 0.19
3.14 3.04 2.79 3.98 4.40 4.02 3.61 3.33 3.51 3.55 3.20 2.93 2.99 3.05 3.37 3.70 3.58 3.57 3.83 3.59 3.65 3.67 3.82 4.15 4.49 3.49 4.37 4.15 2.60 3.22 3.54 3.17 3.34 3.16 2.78 2.39 1.68 1.40 0.98 0.84 0.63 0.49 0.45 0.42 0.39 0.39 0.37 0.33 0.24 0.20 0.00 0.17 0.00 0.00 0.00 0.00 0.00 0.00 0.00 0.00 0.00 0.00 0.00 0.00 0.16 0.17 0.18 0.19 0.19 0.19 0.19 0.19 0.19
3.15 2.92 2.71 3.14 3.32 2.93 3.02 3.00 2.89 2.94 2.82 2.75 2.88 2.74 2.82 3.26 3.23 3.39 3.86 3.54 3.62 3.56 3.97 4.36 4.66 4.82 4.92 4.54 3.18 3.50 3.84 3.71 3.37 2.88 2.55 2.20 1.74 1.37 0.93 0.76 0.52 0.44 0.40 0.43 0.44 0.45 0.37 0.28 0.23 0.20 0.00 0.00 0.00 0.00 0.00 0.00 0.00 0.00 0.00 0.00 0.00 0.00 0.00 0.00 0.00 0.17 0.18 0.18 0.19 0.19 0.19 0.19 0.19
3.10 2.86 2.86 2.88 2.87 2.92 2.71 2.61 2.58 2.51 2.37 2.72 2.70 2.40 2.69 2.84 3.10 3.48 3.51 3.17 3.32 3.45 4.06 4.35 4.51 4.71 4.90 4.60 4.25 4.10 4.49 3.71 3.50 3.31 3.15 2.61 2.07 1.54 1.03 0.82 0.55 0.46 0.40 0.40 0.39 0.36 0.29 0.23 0.18 0.00 0.00 0.00 0.00 0.00 0.00 0.00 0.00 0.00 0.00 0.00 0.00 0.00 0.00 0.00 0.00 0.16 0.17 0.18 0.18 0.18 0.18 0.18 0.18
2.89 3.11 2.87 2.75 2.66 2.39 2.53 2.31 2.19 2.23 2.21 2.44 2.66 2.54 2.62 3.02 3.30 3.20 2.81 2.94 3.06 3.26 3.78 4.28 4.34 4.35 4.56 4.51 4.71 4.39 4.31 3.61 3.85 3.64 3.33 3.20 2.27 1.52 1.13 0.85 0.62 0.51 0.48 0.44 0.41 0.39 0.33 0.26 0.21 0.21 0.00 0.00 0.25 0.00 0.00 0.00 0.00 0.00 0.00 0.00 0.00 0.00 0.00 0.00 0.00 0.00 0.16 0.17 0.18 0.18 0.18 0.18 0.18
2.65 2.65 2.74 2.61 2.51 2.26 2.31 2.17 2.04 2.24 2.69 2.68 2.69 2.67 2.82 2.94 3.06 2.55 2.35 2.43 1.63 2.06 3.36 3.88 4.49 4.74 4.65 4.40 4.66 4.43 3.25 3.48 3.90 3.79 3.76 3.49 2.57 1.44 1.05 0.74 0.61 0.52 0.48 0.45 0.43 0.40 0.34 0.31 0.28 0.29 0.29 0.17 0.30 0.00 0.00 0.00 0.00 0.00 0.00 0.00 0.00 0.00 0.00 0.00 0.00 0.00 0.00 0.16 0.17 0.17 0.17 0.17 0.17
2.14 2.02 2.21 2.42 2.14 2.39 2.27 2.17 1.98 2.57 2.88 2.87 2.64 2.67 2.51 2.60 2.45 2.10 2.22 1.87 1.56 2.74 2.77 3.62 4.30 5.08 5.25 4.27 4.22 4.03 3.55 3.78 3.71 3.44 3.47 3.52 2.57 1.35 0.96 0.69 0.56 0.48 0.44 0.43 0.42 0.40 0.36 0.36 0.30 0.41 0.36 0.23 0.19 0.00 0.00 0.00 0.00 0.00 0.00 0.00 0.00 0.00 0.00 0.00 0.00 0.00 0.00 0.00 0.16 0.17 0.17 0.17 0.17
1.96 2.02 2.11 2.06 1.94 1.96 2.25 2.40 2.66 3.09 2.97 2.73 2.35 2.39 2.32 2.27 2.02 1.94 1.78 1.79 1.35 2.36 2.48 3.38 4.16 4.99 4.92 4.44 4.17 3.90 3.60 3.25 2.79 3.20 3.56 3.85 2.65 1.36 0.94 0.67 0.53 0.45 0.38 0.38 0.37 0.38 0.34 0.34 0.30 0.42 0.42 0.29 0.19 0.00 0.00 0.00 0.00 0.00 0.00 0.00 0.00 0.00 0.00 0.00 0.00 0.00 0.00 0.00 0.00 0.16 0.16 0.16 0.16
1.88 1.97 2.10 2.02 1.82 2.03 2.58 3.10 3.52 3.07 2.71 2.43 2.10 2.01 1.88 1.86 1.79 1.65 1.56 1.38 1.42 1.82 1.95 2.79 3.59 5.03 5.00 4.34 3.93 3.95 3.30 2.65 2.19 2.74 3.57 3.14 2.09 1.19 0.80 0.63 0.51 0.42 0.36 0.35 0.40 0.38 0.37 0.36 0.32 0.39 0.39 0.30 0.21 0.00 0.00 0.00 0.00 0.00 0.00 0.00 0.00 0.00 0.00 0.00 0.00 0.00 0.00 0.00 0.00 0.00 0.00 0.00 0.00
1.80 1.88 1.97 1.98 1.94 2.09 3.08 3.78 3.60 2.98 2.54 2.00 1.69 1.69 1.64 1.48 1.46 1.39 1.37 1.30 1.58 2.11 1.91 2.84 3.40 4.25 4.22 3.62 2.86 3.16 2.61 2.03 2.09 2.63 2.98 2.64 1.82 1.07 0.79 0.61 0.50 0.39 0.33 0.34 0.36 0.36 0.37 0.39 0.37 0.46 0.31 0.22 0.20 0.00 0.00 0.00 0.00 0.00 0.00 0.00 0.00 0.00 0.00 0.00 0.00 0.00 0.00 0.00 0.00 0.00 0.00 0.00 0.00
1.69 1.85 2.06 2.06 2.13 2.25 2.70 3.70 2.98 2.46 2.24 1.81 1.58 1.64 1.54 1.36 1.19 1.16 1.21 1.06 1.60 1.69 1.57 2.33 3.18 4.00 4.17 3.48 2.66 2.24 1.79 1.60 2.01 2.76 2.46 1.68 1.17 0.87 0.71 0.56 0.46 0.35 0.31 0.29 0.33 0.33 0.30 0.31 0.36 0.39 0.28 0.22 0.19 0.00 0.00 0.00 0.00 0.00 0.00 0.00 0.00 0.00 0.00 0.00 0.00 0.00 0.00 0.00 0.00 0.00 0.00 0.00 0.00
1.61 1.79 1.77 1.93 2.29 2.32 2.20 2.55 2.47 1.94 1.78 1.65 1.53 1.49 1.35 1.24 1.16 1.15 1.14 1.05 1.05 1.07 1.26 2.18 2.95 3.12 3.39 2.56 2.15 1.99 1.77 1.77 2.00 2.25 1.78 1.42 0.91 0.80 0.63 0.49 0.38 0.31 0.27 0.28 0.30 0.26 0.26 0.29 0.27 0.24 0.24 0.21 0.17 0.00 0.00 0.00 0.00 0.00 0.00 0.00 0.00 0.00 0.00 0.00 0.00 0.00 0.00 0.00 0.00 0.00 0.00 0.00 0.00
1.64 1.83 1.82 1.88 1.93 1.88 1.85 1.80 1.73 1.59 1.44 1.44 1.46 1.41 1.28 1.19 1.18 1.17 1.14 1.13 0.92 1.00 1.32 2.07 2.73 2.81 2.55 2.30 1.68 1.76 1.70 1.71 1.91 2.02 1.57 1.14 0.79 0.66 0.48 0.41 0.35 0.31 0.27 0.26 0.25 0.23 0.23 0.25 0.24 0.22 0.19 0.17 0.00 0.00 0.00 0.00 0.00 0.00 0.00 0.00 0.00 0.00 0.00 0.00 0.00 0.00 0.00 0.00 0.00 0.00 0.00 0.00 0.00
1.59 1.71 1.79 1.77 1.67 1.64 1.45 1.49 1.38 1.28 1.26 1.32 1.35 1.26 1.18 1.15 1.15 1.17 1.11 1.03 0.79 0.93 1.11 1.59 2.35 1.86 1.68 1.59 1.47 1.53 1.54 1.56 1.62 1.90 1.62 1.09 0.68 0.56 0.44 0.38 0.34 0.30 0.27 0.24 0.24 0.24 0.22 0.23 0.22 0.19 0.18 0.00 0.00 0.00 0.00 0.00 0.00 0.00 0.00 0.00 0.00 0.00 0.00 0.00 0.00 0.00 0.00 0.00 0.00 0.00 0.00 0.00 0.00
1.40 1.50 1.57 1.51 1.41 1.17 0.93 0.86 0.98 1.05 1.13 1.23 1.24 1.13 1.09 1.07 1.09 1.12 1.07 1.02 0.88 0.97 1.03 1.19 1.60 1.28 1.34 1.46 1.48 1.53 1.50 1.43 1.61 1.57 1.19 0.73 0.56 0.48 0.41 0.37 0.33 0.30 0.25 0.22 0.23 0.20 0.19 0.19 0.18 0.19 0.00 0.00 0.00 0.00 0.00 0.00 0.00 0.00 0.00 0.00 0.00 0.00 0.00 0.00 0.00 0.00 0.00 0.00 0.00 0.00 0.00 0.00 0.00
1.19 1.27 1.36 1.31 1.15 0.97 0.86 0.89 0.94 0.97 1.08 1.17 1.14 1.11 1.05 0.97 1.02 1.01 1.05 0.97 0.95 0.94 1.01 1.06 1.12 1.17 1.22 1.43 1.61 1.62 1.52 1.48 1.71 1.56 1.11 0.69 0.50 0.45 0.40 0.40 0.32 0.29 0.25 0.23 0.21 0.18 0.00 0.16 0.18 0.17 0.00 0.00 0.00 0.00 0.00 0.00 0.00 0.00 0.00 0.00 0.00 0.00 0.00 0.00 0.00 0.00 0.00 0.00 0.00 0.00 0.00 0.00 0.00
1.05 1.01 1.14 1.09 1.06 0.96 0.97 0.91 0.90 0.95 1.02 1.04 0.99 1.00 0.99 0.98 0.94 0.92 0.95 0.94 0.92 0.94 1.01 1.02 1.10 1.17 1.09 1.49 1.63 1.55 1.54 1.43 1.67 1.19 0.92 0.60 0.47 0.42 0.40 0.36 0.34 0.30 0.28 0.24 0.20 0.18 0.17 0.17 0.16 0.00 0.00 0.00 0.00 0.00 0.00 0.00 0.00 0.00 0.00 0.00 0.00 0.00 0.00 0.00 0.00 0.00 0.00 0.00 0.00 0.00 0.00 0.00 0.00
1.00 1.01 1.04 1.14 1.11 1.07 1.08 0.96 0.91 0.93 0.92 0.88 0.87 0.91 0.94 0.95 0.87 0.89 0.89 0.90 0.90 0.93 0.99 1.06 1.14 1.13 1.05 1.45 1.34 1.36 1.30 1.27 1.56 0.97 0.75 0.53 0.45 0.43 0.44 0.39 0.35 0.29 0.23 0.21 0.20 0.18 0.17 0.00 0.00 0.00 0.00 0.00 0.00 0.00 0.00 0.00 0.00 0.00 0.00 0.00 0.00 0.00 0.00 0.00 0.00 0.00 0.00 0.00 0.00 0.00 0.00 0.00 0.00
1.08 1.07 1.11 1.26 1.40 1.19 1.03 0.96 0.88 0.84 0.80 0.77 0.74 0.81 0.92 0.89 0.92 0.94 0.93 0.83 0.86 0.89 0.96 1.01 1.07 1.06 1.08 1.21 1.01 1.02 1.10 1.12 1.12 0.92 0.66 0.51 0.46 0.42 0.45 0.38 0.35 0.29 0.24 0.21 0.19 0.00 0.00 0.00 0.00 0.00 0.00 0.00 0.00 0.00 0.00 0.00 0.00 0.00 0.00 0.00 0.00 0.00 0.00 0.00 0.00 0.00 0.00 0.00 0.00 0.00 0.00 0.00 0.00
1.11 1.29 1.24 1.50 1.50 1.32 0.96 0.82 0.74 0.66 0.68 0.66 0.65 0.74 0.87 0.92 0.90 0.92 0.80 0.79 0.82 0.85 0.86 1.04 1.05 0.91 0.92 0.99 0.82 0.84 0.90 0.87 0.94 0.74 0.55 0.49 0.44 0.42 0.42 0.38 0.34 0.29 0.24 0.21 0.20 0.16 0.00 0.00 0.00 0.00 0.00 0.00 0.00 0.00 0.00 0.00 0.00 0.00 0.00 0.00 0.00 0.00 0.00 0.00 0.00 0.00 0.00 0.00 0.00 0.00 0.00 0.00 0.00
1.12 1.24 1.32 1.60 1.41 0.94 0.77 0.67 0.59 0.55 0.55 0.55 0.58 0.64 0.79 0.88 0.86 0.87 0.76 0.76 0.78 0.80 0.81 0.94 0.83 0.83 0.74 0.78 0.69 0.75 0.78 0.78 0.72 0.58 0.50 0.46 0.43 0.41 0.39 0.36 0.32 0.27 0.24 0.22 0.19 0.17 0.17 0.17 0.17 0.00 0.00 0.00 0.00 0.00 0.00 0.00 0.00 0.00 0.00 0.00 0.00 0.00 0.00 0.00 0.00 0.00 0.00 0.00 0.00 0.00 0.00 0.00 0.00
0.97 1.05 1.47 1.45 1.13 0.73 0.62 0.53 0.46 0.49 0.47 0.48 0.52 0.55 0.66 0.68 0.72 0.72 0.72 0.75 0.74 0.75 0.73 0.78 0.74 0.71 0.66 0.65 0.63 0.69 0.69 0.71 0.65 0.54 0.48 0.45 0.42 0.40 0.36 0.32 0.30 0.26 0.24 0.21 0.19 0.18 0.18 0.19 0.19 0.00 0.00 0.00 0.00 0.00 0.00 0.00 0.00 0.00 0.00 0.00 0.00 0.00 0.00 0.00 0.00 0.00 0.00 0.00 0.00 0.00 0.00 0.00 0.00
0.73 0.74 1.21 1.07 0.70 0.57 0.45 0.45 0.42 0.42 0.43 0.43 0.47 0.48 0.53 0.56 0.65 0.67 0.69 0.71 0.70 0.70 0.65 0.65 0.65 0.63 0.62 0.50 0.49 0.64 0.63 0.64 0.57 0.52 0.49 0.46 0.43 0.39 0.34 0.30 0.27 0.25 0.22 0.21 0.19 0.00 0.00 0.20 0.19 0.00 0.00 0.00 0.00 0.00 0.00 0.00 0.00 0.00 0.00 0.00 0.00 0.00 0.00 0.00 0.00 0.00 0.00 0.00 0.00 0.00 0.00 0.00 0.00
0.57 0.59 0.80 0.62 0.51 0.39 0.38 0.34 0.37 0.38 0.40 0.42 0.44 0.43 0.45 0.50 0.56 0.60 0.61 0.63 0.59 0.62 0.62 0.52 0.52 0.53 0.52 0.51 0.50 0.48 0.64 0.61 0.55 0.50 0.48 0.47 0.43 0.39 0.33 0.20 0.00 0.00 0.00 0.00 0.00 0.00 0.00 0.20 0.19 0.00 0.00 0.00 0.00 0.00 0.00 0.00 0.00 0.00 0.00 0.00 0.00 0.00 0.00 0.00 0.00 0.00 0.00 0.00 0.00 0.00 0.00 0.00 0.00
