dati/cumulata_oraria_prisma_2018052810.txt
ncols        251
nrows        249
xllcorner         436000.00000
yllcorner        4918000.00000
cellsize           1000.00000
NODATA_value          -9999.00000
[rows 32 to 63 of 249, columns 146 to 218 of 251]
-9999.00 -9999.00 -9999.00 -9999.00 2.94 3.23 3.27 2.78 2.65 2.46 2.54 2.27 2.04 1.84 1.72 1.58 1.46 1.24 1.12 1.05 0.94 0.83 0.83 0.84 0.85 0.87 0.88 0.90 0.92 0.94 0.96 0.97 0.98 0.99 0.99 1.13 -9999.00 -9999.00 -9999.00 -9999.00 -9999.00 -9999.00 -9999.00 -9999.00 -9999.00 -9999.00 -9999.00 -9999.00 -9999.00 -9999.00 -9999.00 -9999.00 -9999.00 -9999.00 -9999.00 -9999.00 -9999.00 -9999.00 -9999.00 -9999.00 -9999.00 -9999.00 -9999.00 -9999.00 -9999.00 -9999.00 -9999.00 -9999.00 -9999.00 -9999.00 -9999.00 -9999.00 -9999.00
-9999.00 -9999.00 -9999.00 3.10 2.97 3.36 3.07 3.01 2.72 2.50 2.42 2.38 2.13 1.99 1.79 1.68 1.48 1.20 1.16 0.97 0.86 0.86 0.87 0.87 0.89 0.90 0.92 0.93 0.95 0.97 0.99 1.00 1.01 1.01 1.15 1.18 1.25 1.34 -9999.00 -9999.00 -9999.00 -9999.00 -9999.00 -9999.00 -9999.00 -9999.00 -9999.00 -9999.00 -9999.00 -9999.00 -9999.00 -9999.00 -9999.00 -9999.00 -9999.00 -9999.00 -9999.00 -9999.00 -9999.00 -9999.00 -9999.00 -9999.00 -9999.00 -9999.00 -9999.00 -9999.00 -9999.00 -9999.00 -9999.00 -9999.00 -9999.00 -9999.00 -9999.00
-9999.00 -9999.00 -9999.00 3.17 3.04 2.96 3.20 3.09 2.84 2.63 2.49 2.45 2.33 2.02 1.87 1.60 1.39 1.22 1.10 1.03 0.90 0.90 0.90 0.91 0.92 0.93 0.95 0.97 0.98 1.00 1.01 1.02 1.03 1.14 1.22 1.33 1.36 1.54 1.67 -9999.00 -9999.00 -9999.00 -9999.00 -9999.00 -9999.00 -9999.00 -9999.00 -9999.00 -9999.00 -9999.00 -9999.00 -9999.00 -9999.00 -9999.00 -9999.00 -9999.00 -9999.00 -9999.00 -9999.00 -9999.00 -9999.00 -9999.00 -9999.00 -9999.00 -9999.00 -9999.00 -9999.00 -9999.00 -9999.00 -9999.00 -9999.00 -9999.00 -9999.00
-9999.00 -9999.00 -9999.00 3.38 3.07 2.99 2.90 3.13 3.22 2.68 2.51 2.38 2.52 2.04 1.90 1.59 1.41 1.24 1.13 1.10 0.93 0.93 0.94 0.94 0.96 0.97 0.98 1.00 1.01 1.03 1.04 1.05 1.06 1.16 1.28 1.32 1.40 1.39 1.75 1.61 -9999.00 -9999.00 -9999.00 -9999.00 -9999.00 -9999.00 -9999.00 -9999.00 -9999.00 -9999.00 -9999.00 -9999.00 -9999.00 -9999.00 -9999.00 -9999.00 -9999.00 -9999.00 -9999.00 -9999.00 -9999.00 -9999.00 -9999.00 -9999.00 -9999.00 -9999.00 -9999.00 -9999.00 -9999.00 -9999.00 -9999.00 -9999.00 -9999.00
-9999.00 -9999.00 -9999.00 -9999.00 3.52 3.25 3.14 3.21 2.89 2.69 2.49 2.29 2.24 2.15 1.92 1.64 1.38 1.19 1.11 0.96 0.96 0.97 0.97 0.98 0.99 1.00 1.01 1.03 1.04 1.05 1.07 1.07 1.08 1.20 1.26 1.34 1.48 1.47 1.54 1.64 -9999.00 -9999.00 -9999.00 -9999.00 -9999.00 -9999.00 -9999.00 -9999.00 -9999.00 -9999.00 -9999.00 -9999.00 -9999.00 -9999.00 -9999.00 -9999.00 -9999.00 -9999.00 -9999.00 -9999.00 -9999.00 -9999.00 -9999.00 -9999.00 -9999.00 -9999.00 -9999.00 -9999.00 -9999.00 -9999.00 -9999.00 -9999.00 -9999.00
-9999.00 -9999.00 -9999.00 -9999.00 3.48 3.32 2.80 2.89 2.85 2.61 2.51 2.29 2.19 2.11 1.96 1.68 1.43 1.21 1.16 0.99 0.99 1.00 1.00 1.01 1.02 1.03 1.04 1.06 1.07 1.08 1.09 1.09 1.10 1.09 1.22 1.37 1.49 1.49 1.56 1.62 -9999.00 -9999.00 -9999.00 -9999.00 -9999.00 -9999.00 -9999.00 -9999.00 -9999.00 -9999.00 -9999.00 -9999.00 -9999.00 -9999.00 -9999.00 -9999.00 -9999.00 -9999.00 -9999.00 -9999.00 -9999.00 -9999.00 -9999.00 -9999.00 -9999.00 -9999.00 -9999.00 -9999.00 -9999.00 -9999.00 -9999.00 -9999.00 -9999.00
-9999.00 -9999.00 -9999.00 -9999.00 -9999.00 2.95 2.74 2.74 2.75 2.64 2.54 2.37 2.22 2.10 1.96 1.69 1.42 1.15 1.12 1.02 1.02 1.02 1.03 1.04 1.05 1.06 1.07 1.08 1.09 1.10 1.11 1.11 1.11 1.11 1.20 1.38 1.51 1.57 1.72 1.72 -9999.00 -9999.00 -9999.00 -9999.00 -9999.00 -9999.00 -9999.00 -9999.00 -9999.00 -9999.00 -9999.00 -9999.00 -9999.00 -9999.00 -9999.00 -9999.00 -9999.00 -9999.00 -9999.00 -9999.00 -9999.00 -9999.00 -9999.00 -9999.00 -9999.00 -9999.00 -9999.00 -9999.00 -9999.00 -9999.00 -9999.00 -9999.00 -9999.00
-9999.00 -9999.00 -9999.00 -9999.00 -9999.00 -9999.00 2.78 2.71 2.72 2.69 2.48 2.39 2.20 2.11 1.92 1.74 1.50 1.25 1.16 1.04 1.04 1.05 1.06 1.06 1.07 1.08 1.09 1.10 1.11 1.12 1.12 1.12 1.12 1.12 1.21 1.25 1.41 1.53 1.69 1.74 -9999.00 -9999.00 -9999.00 -9999.00 -9999.00 -9999.00 -9999.00 -9999.00 -9999.00 -9999.00 -9999.00 -9999.00 -9999.00 -9999.00 -9999.00 -9999.00 -9999.00 -9999.00 -9999.00 -9999.00 -9999.00 -9999.00 -9999.00 -9999.00 -9999.00 -9999.00 -9999.00 -9999.00 -9999.00 -9999.00 -9999.00 -9999.00 -9999.00
-9999.00 -9999.00 -9999.00 -9999.00 -9999.00 -9999.00 -9999.00 2.65 2.59 2.60 2.51 2.46 2.28 2.06 1.93 1.74 1.56 1.24 1.17 1.13 1.06 1.07 1.07 1.08 1.09 1.10 1.11 1.12 1.13 1.13 1.13 1.13 1.13 1.12 1.11 1.25 1.38 1.51 1.58 1.69 1.68 -9999.00 -9999.00 -9999.00 -9999.00 -9999.00 -9999.00 -9999.00 -9999.00 -9999.00 -9999.00 -9999.00 -9999.00 -9999.00 -9999.00 -9999.00 -9999.00 -9999.00 -9999.00 -9999.00 -9999.00 -9999.00 -9999.00 -9999.00 -9999.00 -9999.00 -9999.00 -9999.00 -9999.00 -9999.00 -9999.00 -9999.00 -9999.00
-9999.00 -9999.00 -9999.00 -9999.00 -9999.00 -9999.00 -9999.00 -9999.00 2.59 2.49 2.49 2.43 2.29 1.98 1.83 1.65 1.48 1.35 1.23 1.17 1.18 1.08 1.09 1.10 1.10 1.11 1.12 1.13 1.13 1.14 1.14 1.14 1.13 1.12 1.10 1.22 1.35 1.43 1.50 1.57 1.67 -9999.00 -9999.00 -9999.00 -9999.00 -9999.00 -9999.00 -9999.00 -9999.00 -9999.00 -9999.00 -9999.00 -9999.00 -9999.00 -9999.00 -9999.00 -9999.00 -9999.00 -9999.00 -9999.00 -9999.00 -9999.00 -9999.00 -9999.00 -9999.00 -9999.00 -9999.00 -9999.00 -9999.00 -9999.00 -9999.00 -9999.00 -9999.00
-9999.00 -9999.00 -9999.00 -9999.00 -9999.00 -9999.00 -9999.00 -9999.00 2.53 2.40 2.26 2.29 2.21 2.02 1.81 1.63 1.53 1.40 1.34 1.29 1.29 1.28 1.22 1.10 1.11 1.12 1.12 1.13 1.13 1.14 1.13 1.13 1.12 1.11 1.10 1.19 1.23 1.44 1.46 1.57 1.60 -9999.00 -9999.00 -9999.00 -9999.00 -9999.00 -9999.00 -9999.00 -9999.00 -9999.00 -9999.00 -9999.00 -9999.00 -9999.00 -9999.00 -9999.00 -9999.00 -9999.00 -9999.00 -9999.00 -9999.00 -9999.00 -9999.00 -9999.00 -9999.00 -9999.00 -9999.00 -9999.00 -9999.00 -9999.00 -9999.00 -9999.00 -9999.00
2.28 -9999.00 -9999.00 -9999.00 -9999.00 -9999.00 -9999.00 -9999.00 2.26 2.24 2.25 2.22 2.20 2.07 1.87 1.64 1.50 1.45 1.38 1.35 1.34 1.28 1.34 1.32 1.30 1.30 1.12 1.12 1.13 1.13 1.13 1.12 1.11 1.10 1.08 1.16 1.24 1.35 1.55 1.46 1.52 -9999.00 -9999.00 -9999.00 -9999.00 -9999.00 -9999.00 -9999.00 -9999.00 -9999.00 -9999.00 -9999.00 -9999.00 -9999.00 -9999.00 -9999.00 -9999.00 -9999.00 -9999.00 -9999.00 -9999.00 -9999.00 -9999.00 -9999.00 -9999.00 -9999.00 -9999.00 -9999.00 -9999.00 -9999.00 -9999.00 -9999.00 -9999.00
2.09 -9999.00 -9999.00 -9999.00 -9999.00 -9999.00 -9999.00 2.18 2.17 2.02 2.05 2.12 2.13 2.05 1.82 1.64 1.56 1.50 1.48 1.46 1.44 1.38 1.36 1.33 1.30 1.33 1.23 1.11 1.11 1.11 1.11 1.10 1.09 1.08 1.06 1.04 1.16 1.25 1.43 1.51 1.50 -9999.00 -9999.00 -9999.00 -9999.00 -9999.00 -9999.00 -9999.00 -9999.00 -9999.00 -9999.00 -9999.00 -9999.00 -9999.00 -9999.00 -9999.00 -9999.00 -9999.00 -9999.00 -9999.00 -9999.00 -9999.00 -9999.00 -9999.00 -9999.00 -9999.00 -9999.00 -9999.00 -9999.00 -9999.00 -9999.00 -9999.00 -9999.00
-9999.00 -9999.00 -9999.00 -9999.00 -9999.00 -9999.00 2.06 1.96 1.98 1.98 1.98 2.02 2.06 2.00 1.84 1.71 1.52 1.45 1.50 1.49 1.44 1.41 1.46 1.41 1.39 1.43 1.24 1.09 1.09 1.09 1.09 1.08 1.07 1.05 1.03 1.01 1.15 1.26 1.56 1.52 -9999.00 -9999.00 -9999.00 -9999.00 -9999.00 -9999.00 -9999.00 -9999.00 -9999.00 -9999.00 -9999.00 -9999.00 -9999.00 -9999.00 -9999.00 -9999.00 -9999.00 -9999.00 -9999.00 -9999.00 -9999.00 -9999.00 -9999.00 -9999.00 -9999.00 -9999.00 -9999.00 -9999.00 -9999.00 -9999.00 -9999.00 -9999.00 -9999.00
1.89 1.84 1.81 1.81 1.97 1.91 1.91 1.91 1.88 1.87 1.82 1.90 2.00 1.99 1.80 1.73 1.48 1.38 1.45 1.60 1.63 1.55 1.47 1.35 1.31 1.32 1.23 1.06 1.06 1.06 1.05 1.05 1.03 1.02 1.00 0.97 1.10 1.33 1.59 1.51 -9999.00 -9999.00 -9999.00 -9999.00 -9999.00 -9999.00 -9999.00 -9999.00 -9999.00 -9999.00 -9999.00 -9999.00 -9999.00 -9999.00 -9999.00 -9999.00 -9999.00 -9999.00 -9999.00 -9999.00 -9999.00 -9999.00 -9999.00 -9999.00 -9999.00 -9999.00 -9999.00 -9999.00 -9999.00 -9999.00 -9999.00 -9999.00 -9999.00
1.75 1.74 1.76 1.72 1.75 1.77 1.77 1.73 1.77 1.81 1.73 1.81 1.93 1.90 1.75 1.70 1.58 1.49 1.44 1.50 1.53 1.55 1.49 1.44 1.35 1.30 1.16 1.03 1.03 1.02 1.02 1.01 0.99 0.98 0.96 0.93 1.09 1.25 1.56 1.52 -9999.00 -9999.00 -9999.00 -9999.00 -9999.00 -9999.00 -9999.00 -9999.00 -9999.00 -9999.00 -9999.00 -9999.00 -9999.00 -9999.00 -9999.00 -9999.00 -9999.00 -9999.00 -9999.00 -9999.00 -9999.00 -9999.00 -9999.00 -9999.00 -9999.00 -9999.00 -9999.00 -9999.00 -9999.00 -9999.00 -9999.00 -9999.00 -9999.00
1.58 1.61 1.63 1.61 1.65 1.68 1.71 1.69 1.70 1.71 1.75 1.73 1.81 1.90 1.74 1.66 1.54 1.48 1.56 1.60 1.65 1.77 1.60 1.42 1.34 1.25 1.18 0.99 0.99 0.98 0.97 0.96 0.95 0.93 0.91 0.89 0.86 1.14 1.31 -9999.00 -9999.00 -9999.00 -9999.00 -9999.00 -9999.00 -9999.00 -9999.00 -9999.00 -9999.00 -9999.00 -9999.00 -9999.00 -9999.00 -9999.00 -9999.00 -9999.00 -9999.00 -9999.00 -9999.00 -9999.00 -9999.00 -9999.00 -9999.00 -9999.00 -9999.00 -9999.00 -9999.00 -9999.00 -9999.00 -9999.00 -9999.00 -9999.00 -9999.00
1.50 1.54 1.60 1.49 1.46 1.50 1.51 1.59 1.57 1.61 1.51 1.66 1.80 1.70 1.68 1.71 1.60 1.54 1.50 1.55 1.57 1.67 1.61 1.40 1.25 1.15 1.08 0.94 0.94 0.93 0.93 0.91 0.90 0.88 0.86 0.84 0.82 1.08 -9999.00 -9999.00 -9999.00 -9999.00 -9999.00 -9999.00 -9999.00 -9999.00 -9999.00 -9999.00 -9999.00 -9999.00 -9999.00 -9999.00 -9999.00 -9999.00 -9999.00 -9999.00 -9999.00 -9999.00 -9999.00 -9999.00 -9999.00 -9999.00 -9999.00 -9999.00 -9999.00 -9999.00 -9999.00 -9999.00 -9999.00 -9999.00 -9999.00 -9999.00 -9999.00
1.27 1.33 1.38 1.37 1.37 1.41 1.45 1.44 1.43 1.45 1.45 1.40 1.65 1.64 1.60 1.67 1.62 1.54 1.64 1.55 1.73 1.83 1.71 1.41 1.26 1.10 0.89 0.89 0.89 0.88 0.87 0.86 0.85 0.83 0.81 0.79 0.77 0.74 0.94 -9999.00 -9999.00 -9999.00 -9999.00 -9999.00 -9999.00 -9999.00 -9999.00 -9999.00 -9999.00 -9999.00 -9999.00 -9999.00 -9999.00 -9999.00 -9999.00 -9999.00 -9999.00 -9999.00 -9999.00 -9999.00 -9999.00 -9999.00 -9999.00 -9999.00 -9999.00 -9999.00 -9999.00 -9999.00 -9999.00 -9999.00 -9999.00 -9999.00 -9999.00
1.12 1.23 1.25 1.21 1.22 1.27 1.34 1.35 1.37 1.38 1.36 1.33 1.43 1.44 1.58 1.68 1.70 1.63 1.63 1.53 1.62 1.80 1.67 1.43 0.98 0.84 0.84 0.84 0.83 0.83 0.82 0.81 0.79 0.78 0.76 0.74 0.71 0.69 0.66 -9999.00 -9999.00 -9999.00 -9999.00 -9999.00 -9999.00 -9999.00 -9999.00 -9999.00 -9999.00 -9999.00 -9999.00 -9999.00 -9999.00 -9999.00 -9999.00 -9999.00 -9999.00 -9999.00 -9999.00 -9999.00 -9999.00 -9999.00 -9999.00 -9999.00 -9999.00 -9999.00 -9999.00 -9999.00 -9999.00 -9999.00 -9999.00 -9999.00 -9999.00
0.96 1.05 1.13 1.14 1.16 1.21 1.29 1.25 1.18 1.14 1.15 1.19 1.26 1.39 1.51 1.64 1.66 1.62 1.60 1.47 1.39 1.32 1.31 1.14 0.98 0.78 0.78 0.78 0.77 0.77 0.76 0.75 0.73 0.72 0.70 0.68 0.66 0.63 0.61 0.58 -9999.00 -9999.00 -9999.00 -9999.00 -9999.00 -9999.00 -9999.00 -9999.00 -9999.00 -9999.00 -9999.00 -9999.00 -9999.00 -9999.00 -9999.00 -9999.00 -9999.00 -9999.00 -9999.00 -9999.00 -9999.00 -9999.00 -9999.00 -9999.00 -9999.00 -9999.00 -9999.00 -9999.00 -9999.00 -9999.00 -9999.00 -9999.00 -9999.00
0.82 0.88 0.94 1.05 1.06 1.14 1.17 1.14 1.10 1.07 1.08 1.04 1.12 1.18 1.19 1.43 1.53 1.51 1.55 1.48 1.33 1.25 1.19 1.07 0.98 0.72 0.72 0.72 0.71 0.71 0.70 0.69 0.68 0.66 0.64 0.63 0.60 0.58 0.56 0.53 -9999.00 -9999.00 -9999.00 -9999.00 -9999.00 -9999.00 -9999.00 -9999.00 -9999.00 -9999.00 -9999.00 -9999.00 -9999.00 -9999.00 -9999.00 -9999.00 -9999.00 -9999.00 -9999.00 -9999.00 -9999.00 -9999.00 -9999.00 -9999.00 -9999.00 -9999.00 -9999.00 -9999.00 -9999.00 -9999.00 -9999.00 -9999.00 -9999.00
0.73 0.83 0.92 0.97 1.00 1.04 1.00 0.93 0.88 0.86 0.87 0.96 1.09 1.14 1.34 1.43 1.50 1.16 1.18 1.14 1.05 1.03 0.96 0.85 0.80 0.75 0.66 0.66 0.65 0.65 0.64 0.63 0.62 0.60 0.59 0.57 0.55 0.53 0.51 -9999.00 -9999.00 -9999.00 -9999.00 -9999.00 -9999.00 -9999.00 -9999.00 -9999.00 -9999.00 -9999.00 -9999.00 -9999.00 -9999.00 -9999.00 -9999.00 -9999.00 -9999.00 -9999.00 -9999.00 -9999.00 -9999.00 -9999.00 -9999.00 -9999.00 -9999.00 -9999.00 -9999.00 -9999.00 -9999.00 -9999.00 -9999.00 -9999.00 -9999.00
0.57 0.70 0.82 0.89 0.98 0.99 0.90 0.83 0.80 0.66 0.60 0.63 0.79 0.84 1.01 1.14 1.12 1.13 1.12 1.09 0.96 0.97 0.89 0.82 0.78 0.76 0.76 0.60 0.59 0.59 0.58 0.57 0.56 0.54 0.53 0.51 0.50 0.48 0.46 -9999.00 -9999.00 -9999.00 -9999.00 -9999.00 -9999.00 -9999.00 -9999.00 -9999.00 -9999.00 -9999.00 -9999.00 -9999.00 -9999.00 -9999.00 -9999.00 -9999.00 -9999.00 -9999.00 -9999.00 -9999.00 -9999.00 -9999.00 -9999.00 -9999.00 -9999.00 -9999.00 -9999.00 -9999.00 -9999.00 -9999.00 -9999.00 -9999.00 -9999.00
0.52 0.65 0.60 0.64 0.68 0.72 0.65 0.60 0.54 0.53 0.54 0.57 0.70 0.77 0.88 1.07 1.08 1.12 1.09 1.11 1.11 1.04 0.98 0.83 0.78 0.72 0.64 0.67 0.53 0.53 0.52 0.51 0.50 0.49 0.48 0.46 0.44 0.43 0.41 -9999.00 -9999.00 -9999.00 -9999.00 -9999.00 -9999.00 -9999.00 -9999.00 -9999.00 -9999.00 -9999.00 -9999.00 -9999.00 -9999.00 -9999.00 -9999.00 -9999.00 -9999.00 -9999.00 -9999.00 -9999.00 -9999.00 -9999.00 -9999.00 -9999.00 -9999.00 -9999.00 -9999.00 -9999.00 -9999.00 -9999.00 -9999.00 -9999.00 -9999.00
0.33 0.39 0.50 0.54 0.62 0.68 0.59 0.57 0.52 0.46 0.38 0.51 0.57 0.68 0.75 0.92 1.07 1.04 1.04 1.05 1.05 0.99 0.92 0.85 0.64 0.68 0.67 0.68 0.48 0.47 0.46 0.46 0.45 0.43 0.42 0.41 0.39 0.38 0.36 -9999.00 -9999.00 -9999.00 -9999.00 -9999.00 -9999.00 -9999.00 -9999.00 -9999.00 -9999.00 -9999.00 -9999.00 -9999.00 -9999.00 -9999.00 -9999.00 -9999.00 -9999.00 -9999.00 -9999.00 -9999.00 -9999.00 -9999.00 -9999.00 -9999.00 -9999.00 -9999.00 -9999.00 -9999.00 -9999.00 -9999.00 -9999.00 -9999.00 -9999.00
0.33 0.35 0.39 0.47 0.56 0.57 0.54 0.51 0.48 0.34 0.35 0.36 0.48 0.61 0.67 0.85 0.98 0.91 0.93 0.96 1.05 1.01 0.81 0.73 0.61 0.60 0.61 0.63 0.42 0.42 0.41 0.40 0.39 0.38 0.37 0.36 0.35 0.33 0.32 -9999.00 -9999.00 -9999.00 -9999.00 -9999.00 -9999.00 -9999.00 -9999.00 -9999.00 -9999.00 -9999.00 -9999.00 -9999.00 -9999.00 -9999.00 -9999.00 -9999.00 -9999.00 -9999.00 -9999.00 -9999.00 -9999.00 -9999.00 -9999.00 -9999.00 -9999.00 -9999.00 -9999.00 -9999.00 -9999.00 -9999.00 -9999.00 -9999.00 -9999.00
0.18 0.32 0.34 0.44 0.52 0.53 0.48 0.49 0.43 0.31 0.32 0.33 0.34 0.48 0.57 0.69 0.82 0.90 0.91 0.91 0.98 0.92 0.78 0.66 0.58 0.50 0.51 0.38 0.37 0.37 0.36 0.35 0.34 0.34 0.33 0.32 0.30 0.29 -9999.00 -9999.00 -9999.00 -9999.00 -9999.00 -9999.00 -9999.00 -9999.00 -9999.00 -9999.00 -9999.00 -9999.00 -9999.00 -9999.00 -9999.00 -9999.00 -9999.00 -9999.00 -9999.00 -9999.00 -9999.00 -9999.00 -9999.00 -9999.00 -9999.00 -9999.00 -9999.00 -9999.00 -9999.00 -9999.00 -9999.00 -9999.00 -9999.00 -9999.00 -9999.00
0.17 0.18 0.32 0.41 0.43 0.47 0.46 0.44 0.41 0.28 0.29 0.30 0.31 0.31 0.52 0.59 0.58 0.66 0.75 0.74 0.87 0.78 0.66 0.55 0.47 0.41 0.33 0.33 0.32 0.32 0.31 0.31 0.30 0.29 0.28 0.27 0.26 0.25 -9999.00 -9999.00 -9999.00 -9999.00 -9999.00 -9999.00 -9999.00 -9999.00 -9999.00 -9999.00 -9999.00 -9999.00 -9999.00 -9999.00 -9999.00 -9999.00 -9999.00 -9999.00 -9999.00 -9999.00 -9999.00 -9999.00 -9999.00 -9999.00 -9999.00 -9999.00 -9999.00 -9999.00 -9999.00 -9999.00 -9999.00 -9999.00 -9999.00 -9999.00 -9999.00
0.17 0.18 0.29 0.37 0.40 0.41 0.39 0.39 0.39 0.26 0.27 0.27 0.28 0.28 0.29 0.44 0.53 0.57 0.65 0.69 0.67 0.83 0.65 0.52 0.43 0.29 0.29 0.29 0.28 0.28 0.27 0.26 0.26 0.25 0.24 0.23 0.23 -9999.00 -9999.00 -9999.00 -9999.00 -9999.00 -9999.00 -9999.00 -9999.00 -9999.00 -9999.00 -9999.00 -9999.00 -9999.00 -9999.00 -9999.00 -9999.00 -9999.00 -9999.00 -9999.00 -9999.00 -9999.00 -9999.00 -9999.00 -9999.00 -9999.00 -9999.00 -9999.00 -9999.00 -9999.00 -9999.00 -9999.00 -9999.00 -9999.00 -9999.00 -9999.00 -9999.00
0.16 0.17 0.18 0.30 0.36 0.36 0.36 0.36 0.23 0.24 0.24 0.25 0.25 0.26 0.26 0.39 0.45 0.52 0.57 0.59 0.58 0.73 0.57 0.41 0.37 0.26 0.25 0.25 0.24 0.24 0.23 0.23 0.22 0.21 0.21 0.20 -9999.00 -9999.00 -9999.00 -9999.00 -9999.00 -9999.00 -9999.00 -9999.00 -9999.00 -9999.00 -9999.00 -9999.00 -9999.00 -9999.00 -9999.00 -9999.00 -9999.00 -9999.00 -9999.00 -9999.00 -9999.00 -9999.00 -9999.00 -9999.00 -9999.00 -9999.00 -9999.00 -9999.00 -9999.00 -9999.00 -9999.00 -9999.00 -9999.00 -9999.00 -9999.00 -9999.00 -9999.00
0.16 0.17 0.18 0.19 0.19 0.20 0.21 0.21 0.22 0.22 0.23 0.23 0.23 0.23 0.24 0.24 0.39 0.46 0.51 0.50 0.51 0.69 0.56 0.36 0.22 0.22 0.22 0.21 0.21 0.20 0.20 0.19 0.19 0.18 0.18 0.17 -9999.00 -9999.00 -9999.00 -9999.00 -9999.00 -9999.00 -9999.00 -9999.00 -9999.00 -9999.00 -9999.00 -9999.00 -9999.00 -9999.00 -9999.00 -9999.00 -9999.00 -9999.00 -9999.00 -9999.00 -9999.00 -9999.00 -9999.00 -9999.00 -9999.00 -9999.00 -9999.00 -9999.00 -9999.00 -9999.00 -9999.00 -9999.00 -9999.00 -9999.00 -9999.00 -9999.00 -9999.00
