dati/cumulata_oraria_prisma_2018052718.txt
ncols        251
nrows        249
xllcorner         436000.00000
yllcorner        4918000.00000
cellsize           1000.00000
NODATA_value          -9999.00000
[rows 32 to 63 of 249, columns 73 to 145 of 251]
-9999.00 -9999.00 -9999.00 -9999.00 -9999.00 -9999.00 -9999.00 -9999.00 -9999.00 -9999.00 -9999.00 -9999.00 -9999.00 3.18 4.06 4.33 5.33 5.04 5.76 6.13 6.42 6.61 6.57 5.02 4.05 3.14 3.12 3.47 3.51 2.75 3.21 -9999.00 -9999.00 -9999.00 -9999.00 -9999.00 -9999.00 -9999.00 -9999.00 -9999.00 -9999.00 -9999.00 -9999.00 -9999.00 -9999.00 -9999.00 -9999.00 -9999.00 -9999.00 -9999.00 -9999.00 -9999.00 -9999.00 -9999.00 11.89 13.78 15.81 14.79 13.25 11.84 11.16 11.36 11.14 10.13 10.20 9.92 10.81 10.51 -9999.00 -9999.00 -9999.00 -9999.00 -9999.00
-9999.00 -9999.00 -9999.00 -9999.00 -9999.00 -9999.00 -9999.00 -9999.00 -9999.00 -9999.00 -9999.00 -9999.00 -9999.00 -9999.00 4.43 5.88 5.60 4.90 5.36 5.22 5.09 5.62 6.15 5.68 4.54 3.50 2.85 2.77 3.18 2.96 5.37 -9999.00 -9999.00 -9999.00 -9999.00 -9999.00 -9999.00 -9999.00 -9999.00 -9999.00 -9999.00 -9999.00 -9999.00 -9999.00 -9999.00 -9999.00 -9999.00 8.57 10.34 11.56 -9999.00 -9999.00 12.93 13.51 15.03 17.02 16.38 15.45 14.74 13.83 12.15 11.61 11.62 11.29 11.53 12.19 13.77 11.13 -9999.00 -9999.00 -9999.00 -9999.00 -9999.00
-9999.00 -9999.00 -9999.00 -9999.00 -9999.00 -9999.00 -9999.00 -9999.00 -9999.00 -9999.00 -9999.00 -9999.00 -9999.00 -9999.00 4.98 5.74 6.39 5.43 4.61 4.10 4.34 4.04 4.48 4.33 4.04 3.74 2.51 2.20 2.19 2.45 4.35 -9999.00 -9999.00 -9999.00 -9999.00 -9999.00 -9999.00 -9999.00 -9999.00 -9999.00 -9999.00 -9999.00 -9999.00 -9999.00 -9999.00 -9999.00 -9999.00 9.36 16.41 18.24 15.71 12.96 13.82 15.39 16.75 15.57 14.76 14.51 16.22 16.06 14.13 12.68 13.12 13.53 15.02 16.01 17.45 13.93 -9999.00 -9999.00 -9999.00 -9999.00 -9999.00
-9999.00 -9999.00 -9999.00 -9999.00 -9999.00 -9999.00 -9999.00 -9999.00 -9999.00 -9999.00 -9999.00 -9999.00 -9999.00 -9999.00 5.04 6.02 5.59 4.79 4.38 3.97 3.68 3.44 3.40 3.03 3.19 2.89 2.01 1.99 1.92 2.04 2.81 3.96 -9999.00 -9999.00 -9999.00 -9999.00 -9999.00 -9999.00 -9999.00 -9999.00 -9999.00 -9999.00 -9999.00 -9999.00 -9999.00 -9999.00 6.74 8.45 18.14 20.36 16.25 13.74 13.60 14.42 15.70 13.78 13.22 13.63 15.84 16.86 15.43 14.90 14.16 14.50 15.32 17.00 16.70 14.70 -9999.00 -9999.00 -9999.00 -9999.00 -9999.00
-9999.00 -9999.00 -9999.00 -9999.00 -9999.00 -9999.00 -9999.00 -9999.00 -9999.00 -9999.00 -9999.00 -9999.00 -9999.00 -9999.00 5.61 5.88 5.26 4.27 3.86 3.56 3.26 3.31 3.22 2.68 2.32 2.28 2.09 2.01 1.92 1.85 2.53 3.66 4.68 -9999.00 -9999.00 -9999.00 -9999.00 -9999.00 -9999.00 -9999.00 -9999.00 -9999.00 -9999.00 -9999.00 -9999.00 -9999.00 6.21 7.92 15.09 17.32 14.86 13.76 12.96 13.28 13.98 12.56 12.25 13.07 14.94 15.62 15.30 15.10 13.55 14.24 15.73 16.23 16.59 16.76 16.60 -9999.00 -9999.00 -9999.00 -9999.00
-9999.00 -9999.00 -9999.00 -9999.00 -9999.00 -9999.00 -9999.00 -9999.00 -9999.00 -9999.00 -9999.00 -9999.00 -9999.00 4.81 5.57 4.99 4.71 4.15 3.63 3.30 3.20 3.14 2.95 2.71 2.51 2.47 2.54 2.15 1.98 2.29 2.12 2.30 3.22 3.94 -9999.00 -9999.00 -9999.00 -9999.00 -9999.00 -9999.00 -9999.00 -9999.00 -9999.00 -9999.00 -9999.00 -9999.00 -9999.00 6.85 10.49 11.46 11.30 13.46 11.45 11.11 11.75 10.82 10.77 11.60 13.46 14.83 14.67 14.81 14.60 13.95 15.21 17.42 18.46 18.81 21.99 -9999.00 -9999.00 -9999.00 -9999.00
-9999.00 -9999.00 -9999.00 -9999.00 -9999.00 -9999.00 -9999.00 -9999.00 -9999.00 -9999.00 -9999.00 -9999.00 -9999.00 5.01 4.04 4.52 4.24 3.93 3.34 3.27 3.04 3.04 2.89 2.98 3.02 2.83 2.77 2.53 2.24 2.30 2.39 2.12 2.15 2.56 2.98 3.28 -9999.00 -9999.00 -9999.00 -9999.00 -9999.00 -9999.00 5.16 5.22 -9999.00 -9999.00 5.52 6.10 7.85 8.98 11.33 13.39 12.25 9.14 8.83 9.11 9.75 9.90 11.84 13.75 14.16 15.30 12.44 13.24 15.09 16.68 19.35 24.03 28.38 -9999.00 -9999.00 -9999.00 -9999.00
-9999.00 -9999.00 -9999.00 -9999.00 -9999.00 -9999.00 -9999.00 -9999.00 -9999.00 -9999.00 -9999.00 -9999.00 4.43 4.37 4.13 3.88 3.69 3.45 3.44 3.50 3.16 3.26 3.36 3.29 3.63 3.30 3.24 3.06 2.45 2.96 2.53 2.33 3.05 2.46 2.38 3.04 4.83 3.92 3.07 3.61 -9999.00 4.57 5.63 5.96 6.25 6.04 5.35 5.73 7.46 8.58 9.93 13.92 12.11 9.26 8.36 7.95 7.95 8.75 9.53 11.58 10.94 12.31 11.82 11.44 13.20 14.45 19.62 25.97 40.85 -9999.00 -9999.00 -9999.00 -9999.00
-9999.00 -9999.00 -9999.00 -9999.00 -9999.00 -9999.00 -9999.00 -9999.00 -9999.00 -9999.00 -9999.00 -9999.00 4.51 4.61 4.62 3.84 3.64 3.51 3.23 3.67 3.77 3.77 3.63 3.38 3.73 3.39 2.91 2.62 2.50 2.75 2.96 2.78 3.97 3.36 2.84 2.80 3.96 3.50 3.47 3.13 3.75 4.19 4.99 4.95 5.26 5.68 6.07 6.49 7.41 7.78 7.53 10.86 10.72 9.61 8.81 7.52 7.48 8.05 8.57 9.01 8.84 9.30 9.52 9.56 10.90 12.04 15.87 18.74 25.70 31.06 22.49 -9999.00 -9999.00
-9999.00 -9999.00 -9999.00 -9999.00 -9999.00 -9999.00 -9999.00 -9999.00 -9999.00 -9999.00 -9999.00 5.79 4.31 4.93 4.59 4.06 3.69 3.41 4.02 4.55 4.66 4.53 4.55 4.40 3.48 2.98 2.81 2.37 2.59 2.64 3.35 3.33 3.29 3.04 2.62 3.27 3.51 2.43 2.56 2.96 3.56 4.18 4.85 4.77 4.98 5.71 6.71 7.43 7.95 6.97 6.55 7.69 7.97 7.87 7.74 7.37 7.20 7.67 7.88 8.08 8.25 8.46 8.51 8.28 9.20 10.55 11.43 11.06 13.58 13.17 15.22 18.44 19.42
-9999.00 -9999.00 -9999.00 -9999.00 -9999.00 -9999.00 -9999.00 -9999.00 -9999.00 -9999.00 4.94 6.94 6.81 5.24 4.89 4.45 3.98 4.08 4.57 5.36 5.37 5.35 5.23 4.51 3.65 3.08 2.92 2.50 2.38 2.33 2.95 2.65 2.40 2.42 2.33 3.31 2.80 2.00 2.37 2.72 3.35 4.00 4.21 4.19 4.91 5.83 6.82 7.16 7.58 6.50 6.49 6.63 6.56 6.80 6.74 6.78 6.77 7.04 7.34 7.68 8.42 8.51 8.23 7.83 7.54 6.80 6.61 7.42 9.12 9.22 8.29 8.76 8.63
-9999.00 -9999.00 -9999.00 -9999.00 -9999.00 -9999.00 -9999.00 -9999.00 -9999.00 -9999.00 5.02 5.84 5.54 5.22 5.03 5.01 4.70 4.54 4.97 5.66 5.85 5.12 4.88 4.62 4.14 3.66 3.05 2.69 2.53 2.36 2.41 2.08 2.16 1.97 1.95 2.05 1.94 1.88 2.13 2.55 2.88 3.23 3.67 4.08 4.62 5.47 5.86 6.84 7.79 8.21 6.44 6.15 6.15 6.19 6.42 6.85 7.15 7.67 7.50 8.09 8.20 7.95 7.75 7.50 7.26 6.44 6.51 6.45 6.91 6.66 7.31 7.47 6.48
-9999.00 -9999.00 -9999.00 -9999.00 -9999.00 -9999.00 -9999.00 -9999.00 -9999.00 -9999.00 5.06 5.47 4.67 4.76 5.18 5.42 6.05 5.80 6.31 6.53 5.85 5.61 5.24 4.79 4.30 3.98 3.54 3.29 2.84 2.46 2.17 2.13 1.78 1.62 1.73 1.82 1.85 1.88 2.10 2.60 2.81 2.96 3.60 4.04 4.57 5.18 6.10 7.57 8.26 9.10 7.08 6.13 6.21 6.26 6.91 7.51 8.05 8.08 7.90 8.23 7.94 8.00 8.01 8.65 7.75 7.01 6.90 6.29 6.60 6.54 6.25 5.63 5.89
-9999.00 -9999.00 -9999.00 -9999.00 -9999.00 -9999.00 -9999.00 -9999.00 -9999.00 -9999.00 5.09 5.20 4.82 4.89 5.67 6.25 7.06 7.58 8.11 7.51 6.53 6.40 5.43 4.56 4.30 4.39 4.08 3.89 3.87 3.25 2.37 2.32 1.81 1.53 1.73 1.92 2.02 2.17 2.12 2.49 2.84 3.23 3.59 4.50 5.38 6.54 7.59 8.79 9.06 8.48 7.71 6.37 6.26 6.48 7.02 7.84 8.02 8.06 8.15 7.87 7.69 8.19 8.51 8.48 7.61 7.15 7.61 6.70 6.29 6.42 6.12 5.58 5.09
-9999.00 -9999.00 -9999.00 -9999.00 -9999.00 -9999.00 -9999.00 -9999.00 4.64 4.95 5.62 5.29 5.16 5.44 5.94 7.85 9.55 10.41 11.34 11.57 10.33 8.91 6.31 4.60 3.94 3.75 3.78 3.84 4.24 4.49 3.42 3.15 1.84 1.72 2.22 2.13 2.13 2.25 2.37 2.69 3.21 3.53 3.85 5.21 6.76 8.12 8.65 9.50 10.11 9.19 8.91 7.11 6.75 6.99 7.46 7.81 8.31 8.58 8.34 7.93 7.60 7.96 8.45 8.77 8.39 7.84 7.98 6.84 6.45 6.66 6.17 5.92 5.62
-9999.00 -9999.00 -9999.00 -9999.00 -9999.00 -9999.00 -9999.00 -9999.00 4.66 5.67 6.05 5.31 5.60 6.36 6.87 8.62 11.90 14.02 15.45 16.36 14.01 10.67 6.83 4.65 3.79 3.42 3.53 3.22 3.80 4.21 4.09 3.90 2.79 1.84 3.47 2.46 2.18 2.30 2.48 2.76 3.47 3.67 4.19 5.57 7.51 8.53 8.55 10.23 10.57 10.23 9.70 7.73 7.66 7.71 7.72 8.36 8.45 8.91 9.01 8.37 7.94 7.80 8.05 7.94 7.41 6.79 6.84 6.98 6.08 6.38 6.43 6.74 7.02
-9999.00 -9999.00 -9999.00 -9999.00 -9999.00 -9999.00 -9999.00 4.81 5.22 6.21 6.47 5.53 5.79 7.21 8.66 10.05 12.50 18.62 21.47 22.88 17.36 13.26 7.50 4.91 3.68 3.65 3.58 2.86 2.81 3.06 3.40 4.03 3.02 2.12 2.63 2.62 2.63 2.61 2.77 2.95 3.32 3.71 4.38 5.10 6.44 7.11 8.45 10.29 12.95 10.52 9.49 9.02 8.94 7.92 8.78 9.55 10.23 9.56 9.37 7.78 6.76 6.45 6.97 7.39 6.83 6.29 5.87 5.93 6.15 6.28 6.42 7.31 7.43
-9999.00 -9999.00 -9999.00 -9999.00 -9999.00 -9999.00 5.31 5.07 5.85 5.98 5.96 5.64 5.42 7.19 9.19 16.41 17.28 19.47 22.31 24.15 19.38 13.20 9.01 5.33 4.08 4.16 3.81 3.04 2.62 2.36 2.70 2.64 2.23 2.25 2.71 3.01 2.99 2.55 2.69 3.20 3.38 3.70 4.28 4.87 5.70 6.36 7.19 9.35 11.59 9.48 8.45 8.89 8.97 8.59 9.35 10.17 9.84 9.40 8.85 6.87 6.23 6.30 6.92 6.88 6.05 5.68 5.49 5.67 5.47 5.52 5.50 5.34 6.56
-9999.00 -9999.00 -9999.00 -9999.00 -9999.00 -9999.00 5.83 5.64 5.45 5.44 5.43 5.32 5.45 7.14 8.96 13.85 17.47 19.65 21.91 21.26 16.97 13.61 11.87 6.61 4.61 4.55 3.98 3.09 2.51 2.63 2.57 2.60 2.41 2.80 3.58 4.38 2.98 2.88 3.02 3.21 3.37 3.95 4.42 4.98 5.37 6.02 6.68 8.91 9.56 7.69 6.87 7.67 8.18 8.46 9.33 9.44 8.73 9.08 7.93 6.43 6.00 6.33 7.04 7.06 6.35 5.69 5.46 5.28 5.19 5.10 5.34 5.15 5.72
-9999.00 -9999.00 -9999.00 -9999.00 -9999.00 -9999.00 5.87 5.43 5.41 5.24 5.32 5.38 5.37 6.24 7.49 9.37 12.74 17.27 20.33 17.62 14.61 15.56 11.65 7.24 5.24 4.58 4.26 3.37 2.46 2.54 2.50 2.44 2.59 3.08 3.18 3.79 3.05 3.20 3.25 3.37 3.58 3.76 4.22 4.67 5.05 5.35 5.83 7.55 7.94 6.47 6.60 7.04 7.65 8.21 8.74 8.44 9.21 9.12 7.70 6.26 5.77 6.11 6.68 6.83 6.13 5.83 6.20 6.12 6.33 5.90 5.63 5.16 5.84
-9999.00 -9999.00 -9999.00 -9999.00 -9999.00 -9999.00 5.69 5.29 5.26 5.22 5.26 4.97 5.71 5.75 6.58 7.52 9.33 14.13 17.29 14.56 14.40 15.63 12.71 8.27 5.78 4.97 4.73 3.75 2.95 2.64 2.41 2.24 2.46 3.21 3.12 3.23 3.52 3.23 3.32 3.48 3.48 3.65 4.17 4.61 4.89 5.18 5.56 6.28 5.90 5.97 6.07 6.82 7.61 7.75 8.14 7.93 8.26 7.07 6.32 5.97 5.77 6.50 7.32 7.61 7.72 7.78 7.42 6.97 6.66 6.44 6.75 7.15 7.64
-9999.00 -9999.00 -9999.00 10.20 8.40 7.73 6.04 5.23 5.17 5.13 5.34 5.64 5.46 6.15 6.75 7.57 8.96 11.07 12.17 12.86 14.44 18.11 15.08 10.18 7.48 5.77 4.61 3.62 3.16 2.94 2.54 2.40 2.73 3.12 3.21 3.00 2.77 3.03 3.28 3.26 3.39 3.63 4.21 4.47 4.73 4.93 5.14 5.67 5.79 5.48 5.71 6.36 6.89 7.03 7.19 7.50 7.67 7.21 6.89 7.03 6.91 7.42 7.78 7.84 7.95 8.82 9.40 8.99 8.99 8.21 7.29 7.02 7.27
-9999.00 -9999.00 12.24 10.45 9.23 7.31 5.96 5.60 5.56 5.73 6.31 6.98 6.92 7.72 8.55 9.11 10.81 11.60 12.62 15.65 18.65 14.13 10.96 8.69 6.86 5.65 4.23 3.59 3.10 2.79 2.64 2.86 3.00 2.85 2.82 2.63 2.91 3.17 3.18 3.25 3.57 4.11 4.26 4.67 4.93 4.93 5.71 5.56 5.15 5.49 6.31 6.57 6.91 6.93 6.66 6.62 6.69 7.38 7.63 7.29 8.52 9.82 9.66 8.90 9.20 9.49 9.23 9.49 9.95 8.78 8.08 8.41 8.32
-9999.00 18.35 16.40 13.85 11.38 9.48 8.47 7.62 7.16 8.02 8.03 7.92 8.29 8.57 9.48 10.04 11.46 11.91 13.70 15.76 16.52 13.60 10.42 8.90 7.60 5.78 4.87 3.96 3.33 2.93 2.70 2.92 3.02 2.88 2.91 2.98 3.05 3.05 3.20 3.25 3.64 3.93 4.40 4.54 4.60 5.02 5.60 5.86 5.03 5.33 5.93 6.31 6.70 6.46 6.54 6.32 6.99 7.88 8.55 7.78 7.87 9.00 10.77 11.34 9.86 9.40 9.17 9.49 9.89 8.71 8.13 8.21 5.60
24.51 23.32 23.21 17.74 15.69 11.70 10.95 10.43 10.73 10.09 9.34 9.08 8.95 9.54 9.31 9.28 11.57 13.50 17.13 18.67 15.53 12.89 10.55 8.64 7.65 5.99 5.01 3.91 3.35 3.05 2.93 2.86 3.04 3.05 3.15 3.17 3.34 3.28 3.14 3.34 3.37 3.65 4.19 4.15 4.29 4.61 5.34 5.49 4.74 5.41 5.77 6.05 6.65 6.33 6.14 6.19 6.81 7.61 8.45 7.88 7.73 8.82 10.99 11.24 9.67 9.39 6.23 5.98 6.15 5.89 5.71 5.64 5.55
19.99 25.79 24.09 21.88 18.49 14.75 13.41 14.31 13.53 11.55 10.39 9.96 9.56 9.13 8.58 9.28 11.32 15.79 19.68 19.69 15.04 11.08 9.67 8.01 7.11 5.95 4.97 3.95 3.45 3.04 3.07 2.97 2.95 3.12 3.44 3.51 3.60 3.48 3.48 3.45 3.51 3.88 3.99 4.35 4.31 4.78 5.36 4.41 4.41 5.17 5.94 5.85 6.36 6.27 6.10 5.96 6.71 7.36 8.06 7.91 6.22 6.30 7.41 7.72 6.90 6.21 6.32 5.25 5.38 5.10 4.94 4.91 4.69
11.95 21.66 22.54 23.25 19.44 16.70 16.20 14.76 13.64 11.42 10.76 9.71 9.10 8.21 8.38 9.09 12.54 16.20 19.75 20.30 14.88 11.67 9.44 7.79 6.72 5.90 4.83 3.90 3.37 3.04 3.16 3.20 3.13 3.40 3.83 3.80 4.02 3.86 3.80 3.70 3.85 3.85 4.04 4.47 4.59 4.80 5.62 4.57 3.63 4.04 4.68 5.74 6.07 6.29 4.98 4.89 5.51 5.65 5.94 6.49 5.22 5.38 6.09 5.69 5.47 5.30 5.28 5.19 5.15 5.02 4.95 4.93 4.80
8.48 16.61 19.90 18.52 16.38 16.47 14.05 12.69 11.48 10.68 9.90 8.86 7.84 7.50 7.95 8.87 11.81 16.61 20.38 20.92 15.06 12.17 9.28 8.06 6.73 5.92 4.85 3.91 3.38 3.22 3.51 3.36 3.30 3.55 3.96 3.78 4.01 4.09 3.99 3.78 3.83 3.83 3.40 3.57 3.30 3.41 3.72 3.50 3.47 3.50 3.63 4.29 4.04 4.33 4.34 4.45 4.57 4.73 5.09 5.12 5.09 5.18 5.68 5.65 5.61 5.30 5.31 5.29 5.24 5.18 5.09 5.06 4.97
6.23 12.30 12.17 11.86 11.38 12.39 12.46 12.11 11.48 9.84 8.50 7.25 7.04 6.84 7.36 9.78 13.92 17.41 20.99 21.58 17.03 12.91 10.45 9.55 8.33 6.43 5.28 4.28 3.75 3.51 3.59 3.45 3.48 3.69 3.84 3.85 3.83 3.08 2.99 3.01 2.94 2.87 3.01 2.99 3.08 3.11 3.39 3.59 3.39 3.43 3.53 3.53 3.69 3.89 4.06 4.33 4.52 4.72 5.40 5.57 5.55 5.75 5.83 5.74 5.66 5.58 5.29 5.28 5.24 5.20 5.14 5.12 5.15
5.79 8.72 9.33 9.19 7.70 10.13 12.20 12.42 10.37 8.65 7.66 6.56 6.30 6.76 6.88 10.13 14.26 19.77 25.41 21.59 16.08 12.71 12.25 11.53 9.23 6.66 4.93 4.52 4.02 3.68 3.19 3.04 3.02 2.88 2.94 3.07 2.79 2.75 2.66 3.11 2.90 2.80 3.03 3.22 3.54 3.51 3.71 3.94 3.59 3.65 3.66 3.50 3.76 3.98 4.22 4.40 4.77 5.19 5.66 5.73 5.57 5.76 5.86 5.41 5.60 5.62 5.33 5.28 5.26 5.22 5.14 5.12 5.08
4.54 7.02 7.87 8.13 8.49 10.48 10.14 9.71 8.23 7.10 6.16 5.99 5.83 6.30 7.64 10.75 16.87 25.15 28.46 20.70 15.86 13.57 14.53 11.82 7.51 5.54 4.45 4.04 3.62 3.65 3.03 2.88 2.92 2.82 2.72 2.64 2.66 2.53 2.64 2.88 2.82 2.88 3.03 3.33 3.57 3.56 3.51 3.85 3.67 3.63 3.64 3.61 3.81 3.93 4.23 4.26 4.81 5.18 5.36 5.66 5.57 5.69 5.78 5.60 5.48 5.32 5.18 5.22 5.24 5.22 5.13 5.07 5.07
3.90 5.54 5.90 6.96 10.33 9.47 7.72 6.33 5.77 5.58 5.30 5.37 5.83 6.32 8.57 11.09 17.46 26.02 29.03 22.62 15.35 14.99 13.71 10.09 8.63 5.66 4.76 4.30 3.83 3.55 3.52 2.89 2.78 2.71 2.69 2.55 2.49 2.71 2.78 2.68 2.78 2.93 3.00 3.28 3.56 3.43 3.53 3.71 3.42 3.47 3.56 3.66 3.76 3.88 4.08 4.18 4.73 4.79 5.14 5.15 5.43 5.47 5.14 5.22 5.17 5.19 5.13 5.18 5.18 5.15 5.10 5.02 5.05
