dati/cumulata_oraria_prisma_2018052717.txt
ncols        251
nrows        249
xllcorner         436000.00000
yllcorner        4918000.00000
cellsize           1000.00000
NODATA_value          -9999.00000
[rows 32 to 63 of 249, columns 146 to 218 of 251]
-9999.00 -9999.00 -9999.00 -9999.00 2.98 2.91 2.78 2.62 2.67 3.46 6.79 6.68 6.58 6.32 8.00 8.09 6.54 7.00 9.59 12.14 25.33 25.90 18.28 12.00 9.75 8.61 7.37 7.88 6.04 6.40 7.11 6.99 6.37 5.58 4.75 4.13 -9999.00 -9999.00 -9999.00 -9999.00 -9999.00 -9999.00 -9999.00 -9999.00 -9999.00 -9999.00 -9999.00 -9999.00 -9999.00 -9999.00 -9999.00 -9999.00 -9999.00 -9999.00 -9999.00 -9999.00 -9999.00 -9999.00 -9999.00 -9999.00 -9999.00 -9999.00 -9999.00 -9999.00 -9999.00 -9999.00 -9999.00 -9999.00 -9999.00 -9999.00 -9999.00 -9999.00 -9999.00
-9999.00 -9999.00 -9999.00 2.91 2.84 2.74 2.65 2.56 2.78 3.38 5.21 5.45 5.50 5.11 5.45 6.01 6.78 9.69 15.50 14.93 20.67 20.52 16.05 13.77 10.45 8.71 8.98 13.87 10.81 15.74 10.30 9.01 6.96 5.65 4.69 4.43 3.97 3.90 -9999.00 -9999.00 -9999.00 -9999.00 -9999.00 -9999.00 -9999.00 -9999.00 -9999.00 -9999.00 -9999.00 -9999.00 -9999.00 -9999.00 -9999.00 -9999.00 -9999.00 -9999.00 -9999.00 -9999.00 -9999.00 -9999.00 -9999.00 -9999.00 -9999.00 -9999.00 -9999.00 -9999.00 -9999.00 -9999.00 -9999.00 -9999.00 -9999.00 -9999.00 -9999.00
-9999.00 -9999.00 -9999.00 2.93 2.83 2.64 2.49 2.47 2.54 2.79 3.12 5.82 6.31 6.80 7.01 5.99 5.37 9.12 14.44 20.93 21.66 20.98 16.97 15.74 11.21 8.34 11.64 17.34 21.20 18.98 13.57 8.92 7.11 5.73 5.25 4.51 4.24 4.16 4.15 -9999.00 -9999.00 -9999.00 -9999.00 -9999.00 -9999.00 -9999.00 -9999.00 -9999.00 -9999.00 -9999.00 -9999.00 -9999.00 -9999.00 -9999.00 -9999.00 -9999.00 -9999.00 -9999.00 -9999.00 -9999.00 -9999.00 -9999.00 -9999.00 -9999.00 -9999.00 -9999.00 -9999.00 -9999.00 -9999.00 -9999.00 -9999.00 -9999.00 -9999.00
-9999.00 -9999.00 -9999.00 3.45 3.18 2.62 2.31 2.32 2.82 2.80 3.01 4.03 7.85 8.02 9.13 6.70 8.51 14.39 20.95 22.36 24.88 22.35 19.23 16.48 11.13 8.58 7.53 13.12 18.92 16.45 12.13 11.05 7.24 6.21 5.19 4.83 4.31 4.30 4.37 4.09 -9999.00 -9999.00 -9999.00 -9999.00 -9999.00 -9999.00 -9999.00 -9999.00 -9999.00 -9999.00 -9999.00 -9999.00 -9999.00 -9999.00 -9999.00 -9999.00 -9999.00 -9999.00 -9999.00 -9999.00 -9999.00 -9999.00 -9999.00 -9999.00 -9999.00 -9999.00 -9999.00 -9999.00 -9999.00 -9999.00 -9999.00 -9999.00 -9999.00
-9999.00 -9999.00 -9999.00 -9999.00 5.95 6.52 3.37 2.32 2.87 3.13 2.75 3.11 8.36 10.17 10.78 8.83 10.70 16.51 22.12 20.74 20.42 18.73 15.89 14.78 12.87 11.46 11.83 10.55 11.36 11.15 11.76 9.82 7.78 5.96 5.22 4.72 4.16 4.19 4.00 3.93 -9999.00 -9999.00 -9999.00 -9999.00 -9999.00 -9999.00 -9999.00 -9999.00 -9999.00 -9999.00 -9999.00 -9999.00 -9999.00 -9999.00 -9999.00 -9999.00 -9999.00 -9999.00 -9999.00 -9999.00 -9999.00 -9999.00 -9999.00 -9999.00 -9999.00 -9999.00 -9999.00 -9999.00 -9999.00 -9999.00 -9999.00 -9999.00 -9999.00
-9999.00 -9999.00 -9999.00 -9999.00 11.66 8.41 4.13 3.06 2.72 3.63 3.85 2.87 4.33 10.44 12.45 12.54 13.87 16.66 20.65 18.92 18.38 14.41 12.87 11.35 13.50 12.49 12.47 12.95 10.50 9.82 10.93 9.97 5.72 4.85 4.39 4.15 4.17 4.06 4.11 4.08 -9999.00 -9999.00 -9999.00 -9999.00 -9999.00 -9999.00 -9999.00 -9999.00 -9999.00 -9999.00 -9999.00 -9999.00 -9999.00 -9999.00 -9999.00 -9999.00 -9999.00 -9999.00 -9999.00 -9999.00 -9999.00 -9999.00 -9999.00 -9999.00 -9999.00 -9999.00 -9999.00 -9999.00 -9999.00 -9999.00 -9999.00 -9999.00 -9999.00
-9999.00 -9999.00 -9999.00 -9999.00 -9999.00 11.28 8.68 6.53 4.55 6.21 6.27 5.72 5.50 7.77 14.08 13.37 12.55 17.22 19.81 20.77 17.93 14.89 11.04 10.29 9.85 9.13 9.98 10.38 12.85 11.03 10.58 7.72 6.25 4.98 4.83 4.23 4.24 4.22 4.05 4.07 -9999.00 -9999.00 -9999.00 -9999.00 -9999.00 -9999.00 -9999.00 -9999.00 -9999.00 -9999.00 -9999.00 -9999.00 -9999.00 -9999.00 -9999.00 -9999.00 -9999.00 -9999.00 -9999.00 -9999.00 -9999.00 -9999.00 -9999.00 -9999.00 -9999.00 -9999.00 -9999.00 -9999.00 -9999.00 -9999.00 -9999.00 -9999.00 -9999.00
-9999.00 -9999.00 -9999.00 -9999.00 -9999.00 -9999.00 13.20 11.02 9.91 15.90 10.46 8.21 7.74 10.85 13.46 11.36 10.50 17.46 24.40 21.96 19.12 15.12 10.52 8.60 7.63 8.32 8.69 8.76 10.82 10.65 9.14 7.55 6.41 5.34 4.60 4.74 4.38 4.11 4.07 3.96 -9999.00 -9999.00 -9999.00 -9999.00 -9999.00 -9999.00 -9999.00 -9999.00 -9999.00 -9999.00 -9999.00 -9999.00 -9999.00 -9999.00 -9999.00 -9999.00 -9999.00 -9999.00 -9999.00 -9999.00 -9999.00 -9999.00 -9999.00 -9999.00 -9999.00 -9999.00 -9999.00 -9999.00 -9999.00 -9999.00 -9999.00 -9999.00 -9999.00
-9999.00 -9999.00 -9999.00 -9999.00 -9999.00 -9999.00 -9999.00 23.59 26.59 24.68 19.39 13.28 9.54 8.02 6.99 6.70 11.24 19.03 23.63 24.48 21.26 20.92 13.28 8.35 6.78 5.96 6.06 8.70 11.45 11.33 10.67 7.98 6.35 5.64 4.85 4.52 4.51 4.05 3.82 3.78 3.66 -9999.00 -9999.00 -9999.00 -9999.00 -9999.00 -9999.00 -9999.00 -9999.00 -9999.00 -9999.00 -9999.00 -9999.00 -9999.00 -9999.00 -9999.00 -9999.00 -9999.00 -9999.00 -9999.00 -9999.00 -9999.00 -9999.00 -9999.00 -9999.00 -9999.00 -9999.00 -9999.00 -9999.00 -9999.00 -9999.00 -9999.00 -9999.00
-9999.00 -9999.00 -9999.00 -9999.00 -9999.00 -9999.00 -9999.00 -9999.00 32.33 27.25 21.17 13.18 9.67 5.66 4.69 4.64 14.17 21.21 26.68 29.51 29.97 27.93 22.46 10.44 6.34 5.42 5.41 9.53 11.77 13.78 10.87 8.48 6.02 5.43 4.76 4.52 4.35 4.17 3.83 3.58 3.53 -9999.00 -9999.00 -9999.00 -9999.00 -9999.00 -9999.00 -9999.00 -9999.00 -9999.00 -9999.00 -9999.00 -9999.00 -9999.00 -9999.00 -9999.00 -9999.00 -9999.00 -9999.00 -9999.00 -9999.00 -9999.00 -9999.00 -9999.00 -9999.00 -9999.00 -9999.00 -9999.00 -9999.00 -9999.00 -9999.00 -9999.00 -9999.00
-9999.00 -9999.00 -9999.00 -9999.00 -9999.00 -9999.00 -9999.00 -9999.00 20.56 21.94 18.38 12.92 8.01 5.24 3.90 4.87 14.22 28.23 29.02 31.64 35.73 27.42 22.47 12.45 7.19 4.92 5.46 5.33 11.35 12.28 10.54 8.35 5.90 4.84 4.20 4.32 4.21 4.08 3.89 3.55 3.36 -9999.00 -9999.00 -9999.00 -9999.00 -9999.00 -9999.00 -9999.00 -9999.00 -9999.00 -9999.00 -9999.00 -9999.00 -9999.00 -9999.00 -9999.00 -9999.00 -9999.00 -9999.00 -9999.00 -9999.00 -9999.00 -9999.00 -9999.00 -9999.00 -9999.00 -9999.00 -9999.00 -9999.00 -9999.00 -9999.00 -9999.00 -9999.00
2.13 -9999.00 -9999.00 -9999.00 -9999.00 -9999.00 -9999.00 -9999.00 17.64 15.74 14.67 10.99 6.48 2.76 2.80 7.48 13.58 30.36 25.56 24.91 28.05 21.42 16.06 14.13 8.53 5.84 4.47 4.37 10.76 7.73 8.65 8.05 5.54 4.36 4.03 3.87 3.75 3.72 3.51 3.44 3.25 -9999.00 -9999.00 -9999.00 -9999.00 -9999.00 -9999.00 -9999.00 -9999.00 -9999.00 -9999.00 -9999.00 -9999.00 -9999.00 -9999.00 -9999.00 -9999.00 -9999.00 -9999.00 -9999.00 -9999.00 -9999.00 -9999.00 -9999.00 -9999.00 -9999.00 -9999.00 -9999.00 -9999.00 -9999.00 -9999.00 -9999.00 -9999.00
2.10 -9999.00 -9999.00 -9999.00 -9999.00 -9999.00 -9999.00 12.99 13.17 8.67 6.77 4.22 2.89 2.47 4.09 14.42 20.33 27.62 28.70 26.79 22.48 18.94 18.24 18.38 15.28 8.57 5.58 5.88 4.62 5.97 7.51 8.32 4.67 3.84 3.66 3.59 3.56 3.54 3.46 3.39 3.39 -9999.00 -9999.00 -9999.00 -9999.00 -9999.00 -9999.00 -9999.00 -9999.00 -9999.00 -9999.00 -9999.00 -9999.00 -9999.00 -9999.00 -9999.00 -9999.00 -9999.00 -9999.00 -9999.00 -9999.00 -9999.00 -9999.00 -9999.00 -9999.00 -9999.00 -9999.00 -9999.00 -9999.00 -9999.00 -9999.00 -9999.00 -9999.00
-9999.00 -9999.00 -9999.00 -9999.00 -9999.00 -9999.00 10.02 14.53 11.04 7.30 5.68 4.46 2.65 1.43 6.57 14.20 20.49 16.91 22.74 23.65 22.05 20.52 20.40 21.72 19.98 13.19 10.06 5.72 5.14 4.94 4.74 4.70 4.24 3.61 3.74 3.52 3.39 3.34 3.50 3.66 -9999.00 -9999.00 -9999.00 -9999.00 -9999.00 -9999.00 -9999.00 -9999.00 -9999.00 -9999.00 -9999.00 -9999.00 -9999.00 -9999.00 -9999.00 -9999.00 -9999.00 -9999.00 -9999.00 -9999.00 -9999.00 -9999.00 -9999.00 -9999.00 -9999.00 -9999.00 -9999.00 -9999.00 -9999.00 -9999.00 -9999.00 -9999.00 -9999.00
1.88 1.69 1.64 1.96 3.24 5.42 8.88 10.34 8.31 7.64 4.01 2.37 1.46 1.62 7.97 10.60 19.26 17.72 19.36 18.11 17.37 20.73 22.22 24.12 15.90 15.02 10.01 6.26 4.83 4.84 4.42 4.36 3.97 3.64 3.57 3.53 3.39 3.42 3.53 3.48 -9999.00 -9999.00 -9999.00 -9999.00 -9999.00 -9999.00 -9999.00 -9999.00 -9999.00 -9999.00 -9999.00 -9999.00 -9999.00 -9999.00 -9999.00 -9999.00 -9999.00 -9999.00 -9999.00 -9999.00 -9999.00 -9999.00 -9999.00 -9999.00 -9999.00 -9999.00 -9999.00 -9999.00 -9999.00 -9999.00 -9999.00 -9999.00 -9999.00
2.18 1.86 2.19 2.60 2.76 4.41 6.56 7.74 8.40 7.56 5.14 2.77 1.76 2.26 3.64 13.52 12.71 12.19 15.80 16.75 13.67 15.26 16.24 19.88 15.56 16.50 13.95 7.96 4.03 3.61 3.34 3.36 3.37 3.50 3.40 3.33 3.35 3.55 3.48 3.45 -9999.00 -9999.00 -9999.00 -9999.00 -9999.00 -9999.00 -9999.00 -9999.00 -9999.00 -9999.00 -9999.00 -9999.00 -9999.00 -9999.00 -9999.00 -9999.00 -9999.00 -9999.00 -9999.00 -9999.00 -9999.00 -9999.00 -9999.00 -9999.00 -9999.00 -9999.00 -9999.00 -9999.00 -9999.00 -9999.00 -9999.00 -9999.00 -9999.00
2.24 2.45 3.06 3.67 3.21 5.37 6.65 6.28 7.65 7.97 8.32 5.08 3.51 1.98 5.68 7.74 6.04 6.50 7.80 7.28 6.20 6.11 10.02 11.28 14.45 16.33 13.43 8.51 4.10 3.14 3.07 3.11 3.21 3.33 3.15 2.90 3.36 3.43 3.59 -9999.00 -9999.00 -9999.00 -9999.00 -9999.00 -9999.00 -9999.00 -9999.00 -9999.00 -9999.00 -9999.00 -9999.00 -9999.00 -9999.00 -9999.00 -9999.00 -9999.00 -9999.00 -9999.00 -9999.00 -9999.00 -9999.00 -9999.00 -9999.00 -9999.00 -9999.00 -9999.00 -9999.00 -9999.00 -9999.00 -9999.00 -9999.00 -9999.00 -9999.00
2.80 3.22 3.77 5.15 5.45 5.96 4.50 5.56 6.48 8.72 8.14 6.08 4.48 3.17 2.68 3.13 4.14 5.00 6.63 5.80 4.38 5.27 6.35 7.89 8.10 9.31 10.09 10.78 3.99 3.91 3.08 2.81 2.60 2.68 2.69 2.67 2.65 3.05 -9999.00 -9999.00 -9999.00 -9999.00 -9999.00 -9999.00 -9999.00 -9999.00 -9999.00 -9999.00 -9999.00 -9999.00 -9999.00 -9999.00 -9999.00 -9999.00 -9999.00 -9999.00 -9999.00 -9999.00 -9999.00 -9999.00 -9999.00 -9999.00 -9999.00 -9999.00 -9999.00 -9999.00 -9999.00 -9999.00 -9999.00 -9999.00 -9999.00 -9999.00 -9999.00
4.85 5.40 4.69 5.39 4.88 4.61 3.92 3.78 3.53 5.54 5.67 5.40 5.26 3.85 2.09 2.19 2.20 3.55 2.14 1.83 2.12 3.02 3.32 5.23 7.02 7.64 10.08 11.43 5.45 4.03 2.94 2.64 2.48 2.57 2.53 2.47 2.55 2.66 2.77 -9999.00 -9999.00 -9999.00 -9999.00 -9999.00 -9999.00 -9999.00 -9999.00 -9999.00 -9999.00 -9999.00 -9999.00 -9999.00 -9999.00 -9999.00 -9999.00 -9999.00 -9999.00 -9999.00 -9999.00 -9999.00 -9999.00 -9999.00 -9999.00 -9999.00 -9999.00 -9999.00 -9999.00 -9999.00 -9999.00 -9999.00 -9999.00 -9999.00 -9999.00
7.62 7.50 7.55 7.03 5.45 4.19 3.79 3.15 3.05 3.85 5.05 5.03 4.73 2.94 2.10 2.08 2.10 2.05 2.10 1.85 1.71 1.90 2.64 2.83 5.63 5.64 5.79 8.09 6.94 4.21 3.11 3.26 2.76 2.55 2.52 2.60 2.63 2.48 2.46 -9999.00 -9999.00 -9999.00 -9999.00 -9999.00 -9999.00 -9999.00 -9999.00 -9999.00 -9999.00 -9999.00 -9999.00 -9999.00 -9999.00 -9999.00 -9999.00 -9999.00 -9999.00 -9999.00 -9999.00 -9999.00 -9999.00 -9999.00 -9999.00 -9999.00 -9999.00 -9999.00 -9999.00 -9999.00 -9999.00 -9999.00 -9999.00 -9999.00 -9999.00
7.71 7.77 8.50 7.87 5.02 4.12 3.59 3.11 3.08 3.23 3.79 3.38 3.86 3.07 2.19 2.44 2.38 2.24 1.93 1.72 1.56 2.07 2.10 3.85 4.96 6.66 7.09 9.31 6.88 6.30 4.74 3.45 2.78 2.52 2.61 2.70 2.54 2.40 2.38 1.97 -9999.00 -9999.00 -9999.00 -9999.00 -9999.00 -9999.00 -9999.00 -9999.00 -9999.00 -9999.00 -9999.00 -9999.00 -9999.00 -9999.00 -9999.00 -9999.00 -9999.00 -9999.00 -9999.00 -9999.00 -9999.00 -9999.00 -9999.00 -9999.00 -9999.00 -9999.00 -9999.00 -9999.00 -9999.00 -9999.00 -9999.00 -9999.00 -9999.00
6.02 6.56 8.61 7.39 6.00 4.80 3.66 3.69 4.01 3.31 3.40 3.30 2.65 2.42 2.19 2.88 2.61 2.30 1.96 1.80 1.55 1.70 2.10 3.85 5.00 4.70 6.31 6.99 8.25 6.42 4.76 4.07 2.40 2.10 2.16 2.08 1.95 2.00 1.89 1.86 -9999.00 -9999.00 -9999.00 -9999.00 -9999.00 -9999.00 -9999.00 -9999.00 -9999.00 -9999.00 -9999.00 -9999.00 -9999.00 -9999.00 -9999.00 -9999.00 -9999.00 -9999.00 -9999.00 -9999.00 -9999.00 -9999.00 -9999.00 -9999.00 -9999.00 -9999.00 -9999.00 -9999.00 -9999.00 -9999.00 -9999.00 -9999.00 -9999.00
5.81 8.22 7.56 6.37 5.84 4.60 4.95 4.80 3.85 3.82 3.37 3.01 2.83 2.55 2.51 2.52 2.26 1.72 1.48 1.31 1.27 1.43 1.45 3.25 3.21 6.04 5.34 5.69 4.69 4.99 3.33 2.51 2.04 1.94 1.86 1.79 1.92 1.85 1.82 -9999.00 -9999.00 -9999.00 -9999.00 -9999.00 -9999.00 -9999.00 -9999.00 -9999.00 -9999.00 -9999.00 -9999.00 -9999.00 -9999.00 -9999.00 -9999.00 -9999.00 -9999.00 -9999.00 -9999.00 -9999.00 -9999.00 -9999.00 -9999.00 -9999.00 -9999.00 -9999.00 -9999.00 -9999.00 -9999.00 -9999.00 -9999.00 -9999.00 -9999.00
5.39 6.86 6.14 6.36 6.11 4.96 4.32 4.41 4.00 3.39 3.06 2.70 2.46 2.30 2.11 2.10 1.85 1.68 1.58 1.42 1.33 1.33 1.43 2.22 2.37 4.07 4.80 4.37 5.04 4.54 3.78 2.50 1.97 1.90 1.87 1.80 1.92 1.98 2.08 -9999.00 -9999.00 -9999.00 -9999.00 -9999.00 -9999.00 -9999.00 -9999.00 -9999.00 -9999.00 -9999.00 -9999.00 -9999.00 -9999.00 -9999.00 -9999.00 -9999.00 -9999.00 -9999.00 -9999.00 -9999.00 -9999.00 -9999.00 -9999.00 -9999.00 -9999.00 -9999.00 -9999.00 -9999.00 -9999.00 -9999.00 -9999.00 -9999.00 -9999.00
5.52 5.68 5.00 4.88 4.86 4.38 4.16 4.04 3.76 3.49 3.24 2.95 2.66 2.42 2.23 2.08 1.91 1.85 1.72 1.63 1.58 1.48 1.55 2.92 3.60 4.61 3.94 3.50 4.25 3.63 3.33 2.60 2.26 2.00 1.86 1.87 1.94 1.99 2.03 -9999.00 -9999.00 -9999.00 -9999.00 -9999.00 -9999.00 -9999.00 -9999.00 -9999.00 -9999.00 -9999.00 -9999.00 -9999.00 -9999.00 -9999.00 -9999.00 -9999.00 -9999.00 -9999.00 -9999.00 -9999.00 -9999.00 -9999.00 -9999.00 -9999.00 -9999.00 -9999.00 -9999.00 -9999.00 -9999.00 -9999.00 -9999.00 -9999.00 -9999.00
5.19 5.10 5.00 4.97 5.11 4.93 4.56 4.22 4.00 3.71 3.34 3.08 2.82 2.58 2.40 2.22 2.10 1.97 1.83 1.72 1.64 1.58 2.26 4.68 8.19 5.41 8.92 4.50 3.25 3.13 3.24 2.62 2.23 2.07 1.97 1.99 2.02 2.08 2.19 -9999.00 -9999.00 -9999.00 -9999.00 -9999.00 -9999.00 -9999.00 -9999.00 -9999.00 -9999.00 -9999.00 -9999.00 -9999.00 -9999.00 -9999.00 -9999.00 -9999.00 -9999.00 -9999.00 -9999.00 -9999.00 -9999.00 -9999.00 -9999.00 -9999.00 -9999.00 -9999.00 -9999.00 -9999.00 -9999.00 -9999.00 -9999.00 -9999.00 -9999.00
5.32 5.22 5.29 5.24 5.14 5.04 4.80 4.50 4.32 4.00 3.57 3.30 3.07 2.84 2.67 2.38 2.26 2.19 2.09 1.86 1.76 1.96 13.53 14.46 8.88 11.83 9.08 5.65 3.59 2.57 2.19 2.26 2.20 1.99 2.02 2.06 2.08 2.05 2.06 -9999.00 -9999.00 -9999.00 -9999.00 -9999.00 -9999.00 -9999.00 -9999.00 -9999.00 -9999.00 -9999.00 -9999.00 -9999.00 -9999.00 -9999.00 -9999.00 -9999.00 -9999.00 -9999.00 -9999.00 -9999.00 -9999.00 -9999.00 -9999.00 -9999.00 -9999.00 -9999.00 -9999.00 -9999.00 -9999.00 -9999.00 -9999.00 -9999.00 -9999.00
5.41 5.65 5.61 5.54 5.41 5.27 5.03 4.79 4.60 4.27 3.89 3.65 3.44 3.21 2.97 2.71 2.48 2.34 2.18 1.97 2.47 5.11 10.05 12.55 11.73 12.63 7.91 5.77 3.48 2.53 2.13 2.19 2.20 2.08 2.02 2.03 2.06 2.07 -9999.00 -9999.00 -9999.00 -9999.00 -9999.00 -9999.00 -9999.00 -9999.00 -9999.00 -9999.00 -9999.00 -9999.00 -9999.00 -9999.00 -9999.00 -9999.00 -9999.00 -9999.00 -9999.00 -9999.00 -9999.00 -9999.00 -9999.00 -9999.00 -9999.00 -9999.00 -9999.00 -9999.00 -9999.00 -9999.00 -9999.00 -9999.00 -9999.00 -9999.00 -9999.00
5.64 5.85 5.92 5.84 5.68 5.55 5.33 5.08 4.82 4.53 4.17 3.95 3.67 3.45 3.08 2.83 2.67 2.40 2.20 2.17 1.98 5.68 5.93 11.24 11.66 12.03 11.62 5.60 3.49 2.98 2.23 2.13 2.09 2.12 2.06 2.04 2.08 2.13 -9999.00 -9999.00 -9999.00 -9999.00 -9999.00 -9999.00 -9999.00 -9999.00 -9999.00 -9999.00 -9999.00 -9999.00 -9999.00 -9999.00 -9999.00 -9999.00 -9999.00 -9999.00 -9999.00 -9999.00 -9999.00 -9999.00 -9999.00 -9999.00 -9999.00 -9999.00 -9999.00 -9999.00 -9999.00 -9999.00 -9999.00 -9999.00 -9999.00 -9999.00 -9999.00
5.86 6.08 6.11 6.04 5.87 5.68 5.55 5.33 5.06 4.89 4.65 4.28 4.15 3.89 3.59 3.21 2.85 2.50 2.27 2.14 2.20 2.06 6.92 7.31 7.54 9.45 10.88 5.38 4.04 2.93 2.38 2.14 2.09 2.16 2.18 2.06 2.19 -9999.00 -9999.00 -9999.00 -9999.00 -9999.00 -9999.00 -9999.00 -9999.00 -9999.00 -9999.00 -9999.00 -9999.00 -9999.00 -9999.00 -9999.00 -9999.00 -9999.00 -9999.00 -9999.00 -9999.00 -9999.00 -9999.00 -9999.00 -9999.00 -9999.00 -9999.00 -9999.00 -9999.00 -9999.00 -9999.00 -9999.00 -9999.00 -9999.00 -9999.00 -9999.00 -9999.00
6.54 6.34 6.31 6.26 6.08 5.89 5.75 5.59 5.29 4.97 5.10 4.67 4.59 4.26 3.98 3.53 4.03 2.81 2.47 2.28 2.29 2.27 5.02 4.33 4.19 5.71 6.53 4.01 4.40 3.28 2.36 2.36 2.20 2.23 2.31 2.31 -9999.00 -9999.00 -9999.00 -9999.00 -9999.00 -9999.00 -9999.00 -9999.00 -9999.00 -9999.00 -9999.00 -9999.00 -9999.00 -9999.00 -9999.00 -9999.00 -9999.00 -9999.00 -9999.00 -9999.00 -9999.00 -9999.00 -9999.00 -9999.00 -9999.00 -9999.00 -9999.00 -9999.00 -9999.00 -9999.00 -9999.00 -9999.00 -9999.00 -9999.00 -9999.00 -9999.00 -9999.00
8.38 7.13 6.68 6.70 6.45 6.31 6.25 6.03 5.78 5.74 5.84 5.46 5.76 6.02 5.67 5.04 4.03 3.12 2.51 2.30 2.12 2.26 2.18 2.91 4.73 5.17 6.26 4.08 3.10 2.58 2.38 2.37 2.20 2.27 2.37 2.46 -9999.00 -9999.00 -9999.00 -9999.00 -9999.00 -9999.00 -9999.00 -9999.00 -9999.00 -9999.00 -9999.00 -9999.00 -9999.00 -9999.00 -9999.00 -9999.00 -9999.00 -9999.00 -9999.00 -9999.00 -9999.00 -9999.00 -9999.00 -9999.00 -9999.00 -9999.00 -9999.00 -9999.00 -9999.00 -9999.00 -9999.00 -9999.00 -9999.00 -9999.00 -9999.00 -9999.00 -9999.00
