dati/cumulata_oraria_prisma_2018052719.txt
ncols        251
nrows        249
xllcorner         436000.00000
yllcorner        4918000.00000
cellsize           1000.00000
NODATA_value          -9999.00000
[rows 32 to 63 of 249, columns 146 to 218 of 251]
-9999.00 -9999.00 -9999.00 -9999.00 5.07 5.38 5.76 6.01 6.30 6.66 7.20 7.44 7.68 7.86 8.13 8.31 8.42 8.46 8.43 8.36 8.33 8.20 7.73 7.36 7.01 6.67 6.23 5.81 5.36 4.91 4.41 3.96 3.68 3.22 2.78 2.44 -9999.00 -9999.00 -9999.00 -9999.00 -9999.00 -9999.00 -9999.00 -9999.00 -9999.00 -9999.00 -9999.00 -9999.00 -9999.00 -9999.00 -9999.00 -9999.00 -9999.00 -9999.00 -9999.00 -9999.00 -9999.00 -9999.00 -9999.00 -9999.00 -9999.00 -9999.00 -9999.00 -9999.00 -9999.00 -9999.00 -9999.00 -9999.00 -9999.00 -9999.00 -9999.00 -9999.00 -9999.00
-9999.00 -9999.00 -9999.00 4.75 4.95 5.19 5.57 5.88 6.13 6.42 6.96 7.33 7.54 7.74 7.92 8.15 8.30 8.33 8.33 8.10 8.00 7.88 7.70 7.37 6.98 6.70 6.22 5.77 5.39 4.87 4.39 3.96 3.59 3.22 2.87 2.54 2.20 1.92 -9999.00 -9999.00 -9999.00 -9999.00 -9999.00 -9999.00 -9999.00 -9999.00 -9999.00 -9999.00 -9999.00 -9999.00 -9999.00 -9999.00 -9999.00 -9999.00 -9999.00 -9999.00 -9999.00 -9999.00 -9999.00 -9999.00 -9999.00 -9999.00 -9999.00 -9999.00 -9999.00 -9999.00 -9999.00 -9999.00 -9999.00 -9999.00 -9999.00 -9999.00 -9999.00
-9999.00 -9999.00 -9999.00 4.72 4.82 5.04 5.37 5.71 6.00 6.30 6.64 7.19 7.45 7.64 7.81 7.97 7.95 8.08 7.99 8.00 7.87 7.75 7.65 7.31 6.97 6.56 6.19 5.76 5.34 4.89 4.44 3.98 3.59 3.21 2.86 2.66 2.33 2.00 1.70 -9999.00 -9999.00 -9999.00 -9999.00 -9999.00 -9999.00 -9999.00 -9999.00 -9999.00 -9999.00 -9999.00 -9999.00 -9999.00 -9999.00 -9999.00 -9999.00 -9999.00 -9999.00 -9999.00 -9999.00 -9999.00 -9999.00 -9999.00 -9999.00 -9999.00 -9999.00 -9999.00 -9999.00 -9999.00 -9999.00 -9999.00 -9999.00 -9999.00 -9999.00
-9999.00 -9999.00 -9999.00 4.52 4.63 4.89 5.25 5.52 5.87 6.15 6.49 6.89 7.37 7.42 7.55 7.71 7.82 7.86 7.87 7.90 7.81 7.67 7.48 7.24 6.90 6.53 6.16 5.74 5.34 4.87 4.43 4.05 3.61 3.23 2.88 2.55 2.38 2.05 1.73 1.47 -9999.00 -9999.00 -9999.00 -9999.00 -9999.00 -9999.00 -9999.00 -9999.00 -9999.00 -9999.00 -9999.00 -9999.00 -9999.00 -9999.00 -9999.00 -9999.00 -9999.00 -9999.00 -9999.00 -9999.00 -9999.00 -9999.00 -9999.00 -9999.00 -9999.00 -9999.00 -9999.00 -9999.00 -9999.00 -9999.00 -9999.00 -9999.00 -9999.00
-9999.00 -9999.00 -9999.00 -9999.00 4.64 4.83 5.04 5.37 5.77 6.10 6.18 6.53 7.07 7.30 7.45 7.56 7.73 7.77 7.84 7.74 7.69 7.53 7.31 7.12 6.88 6.52 6.15 5.74 5.34 4.92 4.50 4.09 3.66 3.26 2.89 2.64 2.34 2.08 1.85 1.57 -9999.00 -9999.00 -9999.00 -9999.00 -9999.00 -9999.00 -9999.00 -9999.00 -9999.00 -9999.00 -9999.00 -9999.00 -9999.00 -9999.00 -9999.00 -9999.00 -9999.00 -9999.00 -9999.00 -9999.00 -9999.00 -9999.00 -9999.00 -9999.00 -9999.00 -9999.00 -9999.00 -9999.00 -9999.00 -9999.00 -9999.00 -9999.00 -9999.00
-9999.00 -9999.00 -9999.00 -9999.00 4.56 4.68 4.73 5.02 5.43 5.81 6.09 6.37 6.69 7.23 7.42 7.50 7.58 7.63 7.69 7.63 7.58 7.46 7.27 7.02 6.78 6.47 6.10 5.72 5.36 4.94 4.54 4.11 3.70 3.33 2.94 2.62 2.42 2.14 1.95 1.73 -9999.00 -9999.00 -9999.00 -9999.00 -9999.00 -9999.00 -9999.00 -9999.00 -9999.00 -9999.00 -9999.00 -9999.00 -9999.00 -9999.00 -9999.00 -9999.00 -9999.00 -9999.00 -9999.00 -9999.00 -9999.00 -9999.00 -9999.00 -9999.00 -9999.00 -9999.00 -9999.00 -9999.00 -9999.00 -9999.00 -9999.00 -9999.00 -9999.00
-9999.00 -9999.00 -9999.00 -9999.00 -9999.00 4.51 4.73 4.92 5.26 5.59 6.12 6.35 6.59 6.89 7.26 7.36 7.44 7.47 7.52 7.53 7.48 7.32 7.15 6.94 6.68 6.41 6.07 5.73 5.35 4.95 4.55 4.16 3.77 3.43 3.07 2.72 2.47 2.25 2.00 1.82 -9999.00 -9999.00 -9999.00 -9999.00 -9999.00 -9999.00 -9999.00 -9999.00 -9999.00 -9999.00 -9999.00 -9999.00 -9999.00 -9999.00 -9999.00 -9999.00 -9999.00 -9999.00 -9999.00 -9999.00 -9999.00 -9999.00 -9999.00 -9999.00 -9999.00 -9999.00 -9999.00 -9999.00 -9999.00 -9999.00 -9999.00 -9999.00 -9999.00
-9999.00 -9999.00 -9999.00 -9999.00 -9999.00 -9999.00 4.70 4.97 5.27 5.61 6.01 6.28 6.40 6.81 7.16 7.36 7.42 7.43 7.39 7.43 7.36 7.22 7.02 6.83 6.57 6.35 6.05 5.69 5.34 4.97 4.59 4.24 3.87 3.50 3.18 2.83 2.54 2.29 2.11 1.93 -9999.00 -9999.00 -9999.00 -9999.00 -9999.00 -9999.00 -9999.00 -9999.00 -9999.00 -9999.00 -9999.00 -9999.00 -9999.00 -9999.00 -9999.00 -9999.00 -9999.00 -9999.00 -9999.00 -9999.00 -9999.00 -9999.00 -9999.00 -9999.00 -9999.00 -9999.00 -9999.00 -9999.00 -9999.00 -9999.00 -9999.00 -9999.00 -9999.00
-9999.00 -9999.00 -9999.00 -9999.00 -9999.00 -9999.00 -9999.00 4.95 5.18 5.60 5.90 6.27 6.46 6.67 6.87 7.22 7.31 7.30 7.29 7.31 7.29 7.17 6.96 6.77 6.53 6.25 6.01 5.69 5.36 5.02 4.65 4.26 3.94 3.59 3.24 2.94 2.67 2.42 2.20 2.02 1.81 -9999.00 -9999.00 -9999.00 -9999.00 -9999.00 -9999.00 -9999.00 -9999.00 -9999.00 -9999.00 -9999.00 -9999.00 -9999.00 -9999.00 -9999.00 -9999.00 -9999.00 -9999.00 -9999.00 -9999.00 -9999.00 -9999.00 -9999.00 -9999.00 -9999.00 -9999.00 -9999.00 -9999.00 -9999.00 -9999.00 -9999.00 -9999.00
-9999.00 -9999.00 -9999.00 -9999.00 -9999.00 -9999.00 -9999.00 -9999.00 5.27 5.59 5.85 6.17 6.42 6.52 6.76 6.89 7.15 7.22 7.21 7.20 7.18 7.12 7.01 6.74 6.51 6.23 5.95 5.70 5.39 5.04 4.70 4.33 4.03 3.69 3.39 3.05 2.81 2.57 2.30 2.06 1.95 -9999.00 -9999.00 -9999.00 -9999.00 -9999.00 -9999.00 -9999.00 -9999.00 -9999.00 -9999.00 -9999.00 -9999.00 -9999.00 -9999.00 -9999.00 -9999.00 -9999.00 -9999.00 -9999.00 -9999.00 -9999.00 -9999.00 -9999.00 -9999.00 -9999.00 -9999.00 -9999.00 -9999.00 -9999.00 -9999.00 -9999.00 -9999.00
-9999.00 -9999.00 -9999.00 -9999.00 -9999.00 -9999.00 -9999.00 -9999.00 5.24 5.54 5.81 6.08 6.30 6.50 6.60 6.74 7.01 7.15 7.21 7.16 7.15 7.05 6.93 6.71 6.49 6.23 5.96 5.65 5.43 5.09 4.76 4.40 4.09 3.78 3.48 3.19 2.95 2.74 2.51 2.25 2.03 -9999.00 -9999.00 -9999.00 -9999.00 -9999.00 -9999.00 -9999.00 -9999.00 -9999.00 -9999.00 -9999.00 -9999.00 -9999.00 -9999.00 -9999.00 -9999.00 -9999.00 -9999.00 -9999.00 -9999.00 -9999.00 -9999.00 -9999.00 -9999.00 -9999.00 -9999.00 -9999.00 -9999.00 -9999.00 -9999.00 -9999.00 -9999.00
4.18 -9999.00 -9999.00 -9999.00 -9999.00 -9999.00 -9999.00 -9999.00 5.18 5.37 5.71 5.99 6.28 6.51 6.66 6.74 6.81 7.08 7.13 7.11 7.08 7.00 6.89 6.71 6.50 6.26 5.98 5.69 5.46 5.16 4.85 4.53 4.22 3.93 3.66 3.37 3.17 2.94 2.74 2.50 2.23 -9999.00 -9999.00 -9999.00 -9999.00 -9999.00 -9999.00 -9999.00 -9999.00 -9999.00 -9999.00 -9999.00 -9999.00 -9999.00 -9999.00 -9999.00 -9999.00 -9999.00 -9999.00 -9999.00 -9999.00 -9999.00 -9999.00 -9999.00 -9999.00 -9999.00 -9999.00 -9999.00 -9999.00 -9999.00 -9999.00 -9999.00 -9999.00
4.15 -9999.00 -9999.00 -9999.00 -9999.00 -9999.00 -9999.00 4.90 5.18 5.28 5.62 5.88 6.16 6.39 6.57 6.66 6.77 7.02 7.06 7.06 7.10 6.95 6.87 6.74 6.53 6.28 6.02 5.82 5.48 5.26 4.96 4.70 4.43 4.14 3.87 3.61 3.36 3.12 2.92 2.67 2.44 -9999.00 -9999.00 -9999.00 -9999.00 -9999.00 -9999.00 -9999.00 -9999.00 -9999.00 -9999.00 -9999.00 -9999.00 -9999.00 -9999.00 -9999.00 -9999.00 -9999.00 -9999.00 -9999.00 -9999.00 -9999.00 -9999.00 -9999.00 -9999.00 -9999.00 -9999.00 -9999.00 -9999.00 -9999.00 -9999.00 -9999.00 -9999.00
-9999.00 -9999.00 -9999.00 -9999.00 -9999.00 -9999.00 4.56 4.93 5.10 5.29 5.52 5.83 6.06 6.23 6.47 6.59 6.73 6.78 6.98 7.00 7.01 6.96 6.85 6.76 6.62 6.41 6.19 5.92 5.64 5.39 5.14 4.84 4.60 4.33 4.05 3.79 3.54 3.32 3.18 2.92 -9999.00 -9999.00 -9999.00 -9999.00 -9999.00 -9999.00 -9999.00 -9999.00 -9999.00 -9999.00 -9999.00 -9999.00 -9999.00 -9999.00 -9999.00 -9999.00 -9999.00 -9999.00 -9999.00 -9999.00 -9999.00 -9999.00 -9999.00 -9999.00 -9999.00 -9999.00 -9999.00 -9999.00 -9999.00 -9999.00 -9999.00 -9999.00 -9999.00
3.92 3.99 4.09 4.24 4.40 4.50 4.61 4.79 5.07 5.29 5.50 5.77 6.01 6.19 6.42 6.60 6.65 6.71 6.92 7.02 7.01 6.94 6.84 6.74 6.63 6.48 6.27 6.02 5.78 5.49 5.26 5.01 4.76 4.61 4.33 4.06 3.83 3.58 3.35 3.13 -9999.00 -9999.00 -9999.00 -9999.00 -9999.00 -9999.00 -9999.00 -9999.00 -9999.00 -9999.00 -9999.00 -9999.00 -9999.00 -9999.00 -9999.00 -9999.00 -9999.00 -9999.00 -9999.00 -9999.00 -9999.00 -9999.00 -9999.00 -9999.00 -9999.00 -9999.00 -9999.00 -9999.00 -9999.00 -9999.00 -9999.00 -9999.00 -9999.00
3.91 3.97 4.10 4.25 4.40 4.58 4.65 4.80 5.06 5.29 5.53 5.75 5.97 6.29 6.48 6.67 6.74 6.79 6.87 6.99 6.95 6.93 6.88 6.82 6.74 6.63 6.47 6.26 6.01 5.78 5.48 5.28 5.05 4.81 4.55 4.28 4.03 3.76 3.56 3.34 -9999.00 -9999.00 -9999.00 -9999.00 -9999.00 -9999.00 -9999.00 -9999.00 -9999.00 -9999.00 -9999.00 -9999.00 -9999.00 -9999.00 -9999.00 -9999.00 -9999.00 -9999.00 -9999.00 -9999.00 -9999.00 -9999.00 -9999.00 -9999.00 -9999.00 -9999.00 -9999.00 -9999.00 -9999.00 -9999.00 -9999.00 -9999.00 -9999.00
3.91 3.98 4.11 4.26 4.40 4.55 4.72 4.81 5.11 5.39 5.63 5.80 6.03 6.25 6.42 6.61 6.73 6.76 7.01 7.10 7.14 7.14 7.02 6.90 6.80 6.69 6.57 6.39 6.17 5.96 5.67 5.42 5.25 5.02 4.76 4.56 4.32 4.05 3.83 -9999.00 -9999.00 -9999.00 -9999.00 -9999.00 -9999.00 -9999.00 -9999.00 -9999.00 -9999.00 -9999.00 -9999.00 -9999.00 -9999.00 -9999.00 -9999.00 -9999.00 -9999.00 -9999.00 -9999.00 -9999.00 -9999.00 -9999.00 -9999.00 -9999.00 -9999.00 -9999.00 -9999.00 -9999.00 -9999.00 -9999.00 -9999.00 -9999.00 -9999.00
4.03 4.02 4.16 4.32 4.58 4.68 4.84 4.87 5.10 5.41 5.60 5.84 6.04 6.38 6.56 6.80 6.90 6.98 6.99 7.06 7.13 7.20 7.12 7.00 7.01 6.85 6.73 6.60 6.36 6.22 5.95 5.72 5.49 5.33 5.05 4.80 4.55 4.30 -9999.00 -9999.00 -9999.00 -9999.00 -9999.00 -9999.00 -9999.00 -9999.00 -9999.00 -9999.00 -9999.00 -9999.00 -9999.00 -9999.00 -9999.00 -9999.00 -9999.00 -9999.00 -9999.00 -9999.00 -9999.00 -9999.00 -9999.00 -9999.00 -9999.00 -9999.00 -9999.00 -9999.00 -9999.00 -9999.00 -9999.00 -9999.00 -9999.00 -9999.00 -9999.00
4.27 4.10 4.30 4.47 4.65 4.72 4.87 5.10 5.38 5.62 5.82 5.96 6.10 6.35 6.55 6.76 6.91 6.99 7.09 7.14 7.26 7.33 7.33 7.24 7.11 6.96 6.87 6.75 6.62 6.43 6.15 5.93 5.70 5.49 5.30 5.06 4.82 4.48 4.17 -9999.00 -9999.00 -9999.00 -9999.00 -9999.00 -9999.00 -9999.00 -9999.00 -9999.00 -9999.00 -9999.00 -9999.00 -9999.00 -9999.00 -9999.00 -9999.00 -9999.00 -9999.00 -9999.00 -9999.00 -9999.00 -9999.00 -9999.00 -9999.00 -9999.00 -9999.00 -9999.00 -9999.00 -9999.00 -9999.00 -9999.00 -9999.00 -9999.00 -9999.00
4.50 4.37 4.97 5.52 5.42 5.19 5.26 5.38 5.42 5.53 5.74 5.94 6.14 6.37 6.59 6.77 6.97 7.03 7.13 7.15 7.19 7.36 7.38 7.38 7.09 7.02 6.89 6.76 6.78 6.61 6.37 6.09 5.87 5.64 5.45 5.28 5.00 4.70 4.45 -9999.00 -9999.00 -9999.00 -9999.00 -9999.00 -9999.00 -9999.00 -9999.00 -9999.00 -9999.00 -9999.00 -9999.00 -9999.00 -9999.00 -9999.00 -9999.00 -9999.00 -9999.00 -9999.00 -9999.00 -9999.00 -9999.00 -9999.00 -9999.00 -9999.00 -9999.00 -9999.00 -9999.00 -9999.00 -9999.00 -9999.00 -9999.00 -9999.00 -9999.00
6.69 6.17 5.57 5.66 5.40 5.24 5.80 5.63 5.57 5.64 5.86 6.02 6.19 6.36 6.55 6.73 6.98 7.04 6.91 6.97 7.03 7.18 7.21 7.30 7.26 7.18 7.04 6.91 6.84 6.71 6.52 6.33 6.11 5.88 5.64 5.47 5.22 4.93 4.67 4.17 -9999.00 -9999.00 -9999.00 -9999.00 -9999.00 -9999.00 -9999.00 -9999.00 -9999.00 -9999.00 -9999.00 -9999.00 -9999.00 -9999.00 -9999.00 -9999.00 -9999.00 -9999.00 -9999.00 -9999.00 -9999.00 -9999.00 -9999.00 -9999.00 -9999.00 -9999.00 -9999.00 -9999.00 -9999.00 -9999.00 -9999.00 -9999.00 -9999.00
7.24 6.81 6.64 6.14 6.24 6.09 6.03 5.79 5.56 5.68 5.88 6.00 6.00 6.14 6.24 6.42 6.60 6.78 6.91 7.00 7.03 7.13 7.26 7.40 7.40 7.10 7.03 6.90 7.01 6.90 6.72 6.56 6.13 5.92 5.66 5.41 5.16 4.92 4.62 4.39 -9999.00 -9999.00 -9999.00 -9999.00 -9999.00 -9999.00 -9999.00 -9999.00 -9999.00 -9999.00 -9999.00 -9999.00 -9999.00 -9999.00 -9999.00 -9999.00 -9999.00 -9999.00 -9999.00 -9999.00 -9999.00 -9999.00 -9999.00 -9999.00 -9999.00 -9999.00 -9999.00 -9999.00 -9999.00 -9999.00 -9999.00 -9999.00 -9999.00
7.55 6.54 6.11 6.12 6.21 5.11 4.99 5.08 5.22 5.41 5.62 5.78 5.95 6.01 6.17 6.38 6.63 6.39 6.58 6.71 6.80 6.96 7.02 7.18 7.23 7.18 7.17 7.04 6.97 6.88 6.68 6.53 6.32 6.11 5.88 5.60 5.41 5.11 4.90 -9999.00 -9999.00 -9999.00 -9999.00 -9999.00 -9999.00 -9999.00 -9999.00 -9999.00 -9999.00 -9999.00 -9999.00 -9999.00 -9999.00 -9999.00 -9999.00 -9999.00 -9999.00 -9999.00 -9999.00 -9999.00 -9999.00 -9999.00 -9999.00 -9999.00 -9999.00 -9999.00 -9999.00 -9999.00 -9999.00 -9999.00 -9999.00 -9999.00 -9999.00
4.43 4.51 4.69 4.85 4.99 5.14 5.26 5.11 5.28 5.21 5.29 5.46 5.59 5.73 5.87 6.03 6.23 6.38 6.59 6.74 6.82 6.97 7.07 7.27 7.32 7.46 7.44 7.38 7.14 7.05 6.94 6.73 6.55 6.45 6.24 5.97 5.71 5.49 5.21 -9999.00 -9999.00 -9999.00 -9999.00 -9999.00 -9999.00 -9999.00 -9999.00 -9999.00 -9999.00 -9999.00 -9999.00 -9999.00 -9999.00 -9999.00 -9999.00 -9999.00 -9999.00 -9999.00 -9999.00 -9999.00 -9999.00 -9999.00 -9999.00 -9999.00 -9999.00 -9999.00 -9999.00 -9999.00 -9999.00 -9999.00 -9999.00 -9999.00 -9999.00
4.29 4.57 4.28 4.40 4.54 4.68 4.79 4.92 5.03 5.15 5.24 5.42 5.58 5.74 5.84 6.02 6.20 6.55 6.74 6.91 7.04 7.13 7.26 7.36 7.54 7.59 7.57 7.58 7.45 7.39 7.27 7.12 6.88 6.69 6.45 6.18 5.93 5.66 5.39 -9999.00 -9999.00 -9999.00 -9999.00 -9999.00 -9999.00 -9999.00 -9999.00 -9999.00 -9999.00 -9999.00 -9999.00 -9999.00 -9999.00 -9999.00 -9999.00 -9999.00 -9999.00 -9999.00 -9999.00 -9999.00 -9999.00 -9999.00 -9999.00 -9999.00 -9999.00 -9999.00 -9999.00 -9999.00 -9999.00 -9999.00 -9999.00 -9999.00 -9999.00
3.96 4.09 4.22 4.41 4.55 4.72 4.83 4.95 5.08 5.36 5.42 5.56 5.75 5.89 6.00 6.15 6.35 6.53 6.71 6.92 7.03 7.17 7.31 7.43 7.53 7.72 7.87 7.78 7.61 7.55 7.44 7.30 7.08 6.89 6.64 6.41 6.14 5.86 5.59 -9999.00 -9999.00 -9999.00 -9999.00 -9999.00 -9999.00 -9999.00 -9999.00 -9999.00 -9999.00 -9999.00 -9999.00 -9999.00 -9999.00 -9999.00 -9999.00 -9999.00 -9999.00 -9999.00 -9999.00 -9999.00 -9999.00 -9999.00 -9999.00 -9999.00 -9999.00 -9999.00 -9999.00 -9999.00 -9999.00 -9999.00 -9999.00 -9999.00 -9999.00
4.09 4.29 4.46 4.60 4.78 4.94 5.07 5.12 5.15 5.33 5.38 5.53 5.72 5.84 6.01 6.09 6.34 6.56 6.73 6.93 7.15 7.34 7.44 7.60 7.71 7.89 7.97 7.94 7.89 7.76 7.66 7.51 7.36 7.11 6.91 6.63 6.36 6.03 5.71 -9999.00 -9999.00 -9999.00 -9999.00 -9999.00 -9999.00 -9999.00 -9999.00 -9999.00 -9999.00 -9999.00 -9999.00 -9999.00 -9999.00 -9999.00 -9999.00 -9999.00 -9999.00 -9999.00 -9999.00 -9999.00 -9999.00 -9999.00 -9999.00 -9999.00 -9999.00 -9999.00 -9999.00 -9999.00 -9999.00 -9999.00 -9999.00 -9999.00 -9999.00
4.21 4.36 4.48 4.57 4.75 4.88 5.06 5.13 5.26 5.38 5.42 5.56 5.74 5.88 6.04 6.15 6.29 6.48 6.68 6.89 7.12 7.33 7.48 7.61 7.75 7.83 8.04 8.09 8.00 7.91 7.81 7.68 7.55 7.33 7.05 6.82 6.48 6.20 -9999.00 -9999.00 -9999.00 -9999.00 -9999.00 -9999.00 -9999.00 -9999.00 -9999.00 -9999.00 -9999.00 -9999.00 -9999.00 -9999.00 -9999.00 -9999.00 -9999.00 -9999.00 -9999.00 -9999.00 -9999.00 -9999.00 -9999.00 -9999.00 -9999.00 -9999.00 -9999.00 -9999.00 -9999.00 -9999.00 -9999.00 -9999.00 -9999.00 -9999.00 -9999.00
4.20 4.36 4.54 4.61 4.76 4.91 5.00 5.04 5.14 5.29 5.36 5.45 5.61 5.79 5.89 6.11 6.23 6.46 6.68 6.86 7.02 7.27 7.49 7.63 7.79 7.94 8.03 8.20 8.13 8.09 7.96 7.86 7.70 7.52 7.22 6.98 6.67 6.35 -9999.00 -9999.00 -9999.00 -9999.00 -9999.00 -9999.00 -9999.00 -9999.00 -9999.00 -9999.00 -9999.00 -9999.00 -9999.00 -9999.00 -9999.00 -9999.00 -9999.00 -9999.00 -9999.00 -9999.00 -9999.00 -9999.00 -9999.00 -9999.00 -9999.00 -9999.00 -9999.00 -9999.00 -9999.00 -9999.00 -9999.00 -9999.00 -9999.00 -9999.00 -9999.00
4.17 4.32 4.48 4.55 4.66 4.81 4.79 4.88 5.01 5.20 5.28 5.38 5.51 5.73 5.87 5.99 6.18 6.36 6.61 6.81 7.01 7.20 7.47 7.67 7.78 7.95 8.07 8.25 8.27 8.17 8.11 7.94 7.82 7.62 7.43 7.07 6.81 -9999.00 -9999.00 -9999.00 -9999.00 -9999.00 -9999.00 -9999.00 -9999.00 -9999.00 -9999.00 -9999.00 -9999.00 -9999.00 -9999.00 -9999.00 -9999.00 -9999.00 -9999.00 -9999.00 -9999.00 -9999.00 -9999.00 -9999.00 -9999.00 -9999.00 -9999.00 -9999.00 -9999.00 -9999.00 -9999.00 -9999.00 -9999.00 -9999.00 -9999.00 -9999.00 -9999.00
4.01 4.12 4.30 4.41 4.53 4.65 4.70 4.76 4.92 5.07 5.17 5.26 5.39 5.56 5.76 6.05 6.34 6.44 6.66 6.91 7.14 7.38 7.66 7.83 7.97 8.15 8.32 8.36 8.29 8.27 8.32 8.18 8.01 7.86 7.66 7.42 -9999.00 -9999.00 -9999.00 -9999.00 -9999.00 -9999.00 -9999.00 -9999.00 -9999.00 -9999.00 -9999.00 -9999.00 -9999.00 -9999.00 -9999.00 -9999.00 -9999.00 -9999.00 -9999.00 -9999.00 -9999.00 -9999.00 -9999.00 -9999.00 -9999.00 -9999.00 -9999.00 -9999.00 -9999.00 -9999.00 -9999.00 -9999.00 -9999.00 -9999.00 -9999.00 -9999.00 -9999.00
4.11 4.21 4.38 4.51 4.60 4.70 4.83 4.88 5.05 5.18 5.31 5.41 5.48 5.63 5.81 5.97 6.17 6.31 6.49 6.80 7.00 7.26 7.55 7.74 7.99 8.07 8.23 8.32 8.49 8.50 8.34 8.24 8.04 7.89 7.71 7.48 -9999.00 -9999.00 -9999.00 -9999.00 -9999.00 -9999.00 -9999.00 -9999.00 -9999.00 -9999.00 -9999.00 -9999.00 -9999.00 -9999.00 -9999.00 -9999.00 -9999.00 -9999.00 -9999.00 -9999.00 -9999.00 -9999.00 -9999.00 -9999.00 -9999.00 -9999.00 -9999.00 -9999.00 -9999.00 -9999.00 -9999.00 -9999.00 -9999.00 -9999.00 -9999.00 -9999.00 -9999.00
