dati/cumulata_oraria_prisma_2018052720.txt
ncols        251
nrows        249
xllcorner         436000.00000
yllcorner        4918000.00000
cellsize           1000.00000
NODATA_value          -9999.00000
[rows 64 to 95 of 249, columns 73 to 145 of 251]
2.87 3.01 2.60 2.57 2.44 2.49 2.37 2.43 2.64 2.37 2.30 1.94 2.11 2.02 1.91 1.91 1.75 1.78 1.84 1.86 1.74 1.74 1.94 1.82 1.95 1.97 2.63 3.34 3.69 4.25 4.13 3.49 3.84 4.25 4.67 5.05 4.99 4.66 4.56 4.28 3.96 3.70 3.26 2.84 2.72 2.65 2.59 2.51 2.36 2.27 2.24 2.22 2.15 2.01 1.95 1.97 1.97 2.09 2.19 2.24 2.26 2.21 2.45 2.50 2.60 2.71 3.23 2.64 3.44 3.53 2.48 2.32 2.24
2.07 2.89 2.73 2.26 2.21 1.99 1.75 1.79 2.03 1.66 1.75 2.00 1.95 1.91 1.76 1.72 1.85 1.66 1.75 1.81 1.79 2.06 2.20 1.88 1.90 2.28 2.75 2.68 2.74 3.33 3.82 3.20 3.84 4.13 4.62 5.00 4.86 4.45 4.33 3.99 3.59 3.07 2.80 2.63 2.51 2.45 2.41 2.31 2.20 2.15 2.12 2.17 2.19 2.13 2.22 2.19 2.27 2.44 2.49 2.55 2.59 2.54 2.52 2.55 2.58 2.60 3.44 2.94 3.47 3.81 2.32 2.18 2.14
1.65 2.14 2.19 2.19 1.75 1.66 1.51 1.59 1.46 1.48 1.77 2.09 2.04 1.89 1.92 1.80 1.96 1.87 2.03 2.09 2.03 2.11 2.05 2.26 2.53 3.00 3.05 2.57 2.41 2.55 3.38 3.18 3.50 3.70 4.43 4.89 4.75 4.25 3.93 3.23 2.92 2.54 2.42 2.39 2.32 2.30 2.25 2.15 1.99 1.99 1.95 2.07 2.08 2.00 2.06 2.15 2.27 2.45 2.44 2.47 2.51 2.67 2.58 2.63 2.53 2.55 3.69 3.10 3.47 3.49 2.21 2.06 2.03
1.48 1.84 1.97 1.79 1.62 1.47 1.35 1.39 1.34 1.53 1.82 2.14 2.01 2.01 1.87 1.98 1.93 1.70 2.11 2.15 2.02 1.89 2.14 2.35 2.60 2.74 2.89 2.82 2.40 2.30 2.71 3.18 3.13 3.36 4.26 4.62 4.44 4.07 3.43 2.82 2.38 2.26 2.21 2.13 2.08 2.15 2.11 1.97 1.89 1.86 1.85 1.93 1.94 2.01 1.97 2.08 2.35 2.40 2.45 2.39 3.19 3.69 2.49 2.51 2.55 2.61 3.27 3.25 2.65 2.52 2.36 2.25 2.18
1.38 1.47 1.42 1.37 1.24 1.24 1.24 1.24 1.30 1.41 1.60 1.75 1.81 2.06 2.05 1.84 1.70 1.50 2.18 2.14 1.95 1.94 2.28 2.47 2.43 2.67 2.98 2.62 2.10 1.68 2.37 3.17 2.98 3.54 3.75 4.08 4.02 3.25 2.93 2.36 2.16 2.10 2.06 2.00 1.92 1.93 1.87 1.81 1.71 1.70 1.65 1.83 1.85 2.10 1.89 1.98 2.31 2.35 2.40 2.30 3.90 4.36 2.45 2.48 2.39 2.45 2.74 2.80 2.42 2.35 2.09 2.02 1.97
1.41 1.38 1.36 1.30 1.37 1.18 1.08 1.04 1.11 1.18 1.29 1.43 1.60 1.90 1.75 1.73 1.77 1.87 2.06 1.87 2.02 1.45 1.96 2.31 2.20 2.52 2.90 2.95 2.14 1.84 1.67 2.73 3.33 4.07 3.52 3.60 4.18 3.14 2.51 2.11 2.07 2.02 1.98 1.91 1.80 1.82 1.78 1.69 1.61 1.60 1.56 1.67 1.67 1.73 1.77 1.86 2.06 2.07 2.07 2.03 2.39 2.52 2.00 2.04 2.09 2.10 2.13 2.10 1.86 1.80 1.76 1.74 1.66
1.54 1.47 1.48 1.46 1.32 1.15 0.97 0.95 1.03 1.02 1.14 1.18 1.44 1.43 1.29 1.58 1.70 1.82 1.93 1.88 1.79 1.22 1.16 2.14 2.38 2.38 2.68 2.82 2.99 2.42 1.46 2.33 3.47 4.75 3.20 3.15 4.63 2.86 2.13 2.09 2.03 2.04 1.97 1.80 1.72 1.76 1.73 1.63 1.53 1.50 1.53 1.57 1.61 1.64 1.68 1.76 1.97 2.14 2.02 1.93 2.01 2.00 2.07 2.17 2.23 2.22 2.19 2.12 2.07 1.94 1.83 1.75 1.69
1.66 1.61 1.73 1.42 1.22 1.07 1.00 0.94 0.97 1.04 1.20 1.09 1.21 1.06 1.23 1.32 1.44 1.63 1.78 1.64 1.54 1.06 1.03 1.57 2.26 1.97 2.24 2.64 2.70 2.82 1.69 1.93 3.26 4.32 2.81 2.81 3.41 2.42 2.02 1.99 1.99 1.94 1.83 1.75 1.68 1.65 1.54 1.56 1.45 1.43 1.43 1.53 1.58 1.56 1.65 1.73 1.90 2.01 1.92 1.85 1.87 1.90 2.00 2.12 2.18 2.17 2.12 2.04 1.99 1.87 1.73 1.65 1.60
1.70 1.58 1.46 1.57 1.33 1.11 0.99 0.95 0.93 0.97 1.07 1.22 1.16 1.24 1.08 1.31 1.28 1.49 1.64 1.39 1.41 1.46 1.20 1.25 2.16 1.82 2.22 2.37 2.40 3.50 2.69 2.40 3.34 3.13 2.63 2.38 2.22 1.95 1.79 1.79 1.79 1.73 1.67 1.66 1.58 1.50 1.47 1.46 1.38 1.37 1.37 1.48 1.54 1.54 1.62 1.69 1.86 1.90 1.79 1.74 1.77 1.80 1.87 2.02 2.08 2.07 1.96 1.89 1.87 1.77 1.72 1.62 1.57
1.59 1.47 1.48 1.42 1.33 1.13 1.09 0.94 0.97 1.01 1.36 1.37 1.23 1.03 1.00 1.06 1.10 1.15 1.54 1.46 1.40 1.69 1.79 1.67 2.05 2.02 2.47 2.72 2.43 2.88 2.73 2.75 2.60 2.83 2.44 2.18 1.96 1.82 1.68 1.74 1.76 1.65 1.58 1.50 1.41 1.35 1.31 1.42 1.34 1.30 1.28 1.38 1.42 1.44 1.52 1.53 1.57 1.53 1.42 1.37 1.39 1.33 1.33 1.39 1.42 1.55 1.48 1.54 1.48 1.45 1.38 1.36 1.35
1.46 1.40 1.41 1.34 1.38 1.14 1.08 1.05 1.23 1.30 1.44 1.39 1.21 1.09 0.97 0.96 0.88 1.06 1.46 1.29 1.47 1.78 1.94 1.94 2.02 2.36 2.86 3.18 2.68 2.55 3.18 3.39 2.61 2.11 1.87 1.80 1.64 1.54 1.44 1.44 1.43 1.34 1.28 1.40 1.34 1.31 1.27 1.27 1.23 1.21 1.23 1.34 1.40 1.46 1.54 1.56 1.55 1.50 1.43 1.38 1.43 1.37 1.38 1.41 1.37 1.32 1.25 1.24 1.17 1.17 1.16 1.09 1.09
1.25 1.16 1.18 1.29 1.36 1.29 1.12 1.27 1.43 1.44 1.50 1.52 1.35 1.12 0.86 0.80 0.98 1.27 1.40 1.48 1.62 1.77 1.63 1.65 1.87 2.53 3.33 3.65 3.44 2.93 3.24 3.37 2.53 2.11 1.80 1.72 1.61 1.51 1.44 1.42 1.35 1.25 1.18 1.15 1.11 1.09 1.06 1.06 1.05 1.08 1.15 1.34 1.49 1.49 1.66 1.71 1.46 1.51 1.42 1.42 1.47 1.47 1.53 1.61 1.53 1.52 1.53 1.48 1.44 1.45 1.40 1.31 1.32
1.36 1.41 1.42 1.38 1.35 1.27 1.28 1.35 1.55 1.48 1.54 1.50 1.29 1.02 0.87 0.89 1.32 1.94 2.02 1.98 1.68 1.69 1.54 1.56 1.88 3.05 3.81 4.05 3.72 3.36 3.15 2.61 2.45 1.94 1.88 1.70 1.58 1.50 1.47 1.39 1.34 1.28 1.25 1.20 1.15 1.12 1.10 1.08 1.08 1.12 1.19 1.25 1.84 1.54 1.78 1.75 1.46 1.52 1.51 1.44 1.49 1.58 1.68 1.71 1.56 1.55 1.56 1.49 1.41 1.40 1.35 1.27 1.24
1.28 1.42 1.51 1.51 1.45 1.37 1.39 1.48 1.54 1.44 1.56 1.41 1.09 0.94 0.92 1.06 1.90 3.11 3.83 2.63 1.31 1.46 1.45 1.72 2.39 3.89 4.36 4.08 3.65 3.47 2.95 2.47 2.61 2.04 1.89 1.71 1.66 1.55 1.47 1.40 1.38 1.35 1.29 1.21 1.19 1.21 1.15 1.16 1.15 1.23 1.34 1.34 1.89 1.52 1.43 1.31 1.24 1.23 1.24 1.20 1.24 1.34 1.50 1.53 1.52 1.51 1.52 1.49 1.40 1.47 1.36 1.31 1.31
1.51 1.43 1.49 1.44 1.39 1.44 1.63 1.67 1.59 1.51 1.54 1.41 1.11 0.93 0.92 1.27 2.21 2.96 3.58 1.99 1.27 1.61 1.92 2.63 2.93 4.59 4.98 4.12 3.45 3.52 3.55 3.04 2.63 2.10 1.97 1.88 1.72 1.60 1.49 1.43 1.38 1.33 1.30 1.24 1.21 1.21 1.17 1.17 1.12 1.30 1.39 1.45 1.64 1.69 1.42 1.29 1.18 1.20 1.28 1.15 1.13 1.22 1.34 1.40 1.29 1.21 1.20 1.21 1.23 1.18 1.14 1.09 1.04
1.64 1.44 1.32 1.29 1.34 1.47 1.48 1.60 1.48 1.54 1.56 1.40 1.12 1.04 1.04 1.15 1.45 1.99 2.48 2.04 1.10 1.59 2.30 3.27 4.29 4.92 4.95 4.14 3.61 3.70 3.03 2.82 2.72 2.56 2.50 2.16 2.06 1.80 1.65 1.61 1.44 1.37 1.30 1.23 1.22 1.21 1.16 1.15 1.12 1.35 1.49 1.42 1.52 1.63 1.38 1.23 1.14 1.28 1.29 1.15 1.11 1.28 1.35 1.29 1.29 1.14 1.13 1.18 1.15 1.11 1.06 1.00 0.87
2.01 1.57 1.19 1.17 1.26 1.39 1.42 1.69 1.76 1.84 1.73 1.56 1.23 1.16 1.21 1.26 1.37 1.58 1.90 1.81 1.73 1.65 2.32 3.38 4.06 4.52 4.68 4.18 3.78 3.58 3.13 3.07 2.82 2.64 2.57 2.30 2.04 1.86 1.73 1.68 1.57 1.51 1.47 1.39 1.39 1.34 1.26 1.15 1.14 1.32 1.44 1.32 1.27 1.32 1.35 1.19 1.12 1.36 1.33 1.07 1.05 1.21 1.26 1.19 1.26 1.19 1.08 1.10 1.11 1.09 0.92 0.77 0.75
2.39 1.89 1.38 1.50 1.58 1.30 1.66 1.94 2.16 2.02 1.95 1.68 1.49 1.44 1.45 1.51 1.59 1.70 2.06 2.02 2.09 2.76 3.67 4.53 3.64 3.94 4.09 3.67 3.59 3.93 3.67 3.36 2.86 2.72 2.60 2.33 2.17 1.98 1.86 1.76 1.66 1.57 1.52 1.47 1.43 1.36 1.31 1.24 1.23 1.38 1.22 1.09 1.18 1.21 1.04 0.99 1.01 1.19 1.17 1.06 1.11 1.21 1.17 1.08 1.11 1.00 0.93 0.95 1.01 0.99 0.83 0.73 0.72
2.95 2.43 1.84 2.10 2.01 1.60 1.79 2.41 2.25 2.49 2.48 2.07 2.08 1.92 1.87 2.03 1.98 2.31 2.50 2.06 2.54 4.13 4.59 4.69 3.69 3.94 4.30 4.17 3.81 3.63 3.38 3.03 2.75 2.79 2.57 2.40 2.23 2.07 1.95 1.83 1.73 1.62 1.57 1.47 1.42 1.34 1.26 1.20 1.21 1.28 1.10 1.00 1.01 1.00 0.92 0.92 0.87 0.93 0.86 0.82 0.85 0.92 0.90 0.85 0.96 0.91 0.87 0.92 0.91 0.80 0.66 0.67 0.66
3.65 2.99 2.37 2.41 2.31 2.64 2.66 3.34 3.10 4.26 3.95 3.58 3.00 2.85 3.03 2.80 3.15 3.54 3.41 3.06 3.48 4.19 5.10 3.59 3.66 3.71 4.51 4.28 4.06 3.75 3.61 3.38 3.14 2.83 2.75 2.60 2.34 2.20 2.05 1.88 1.74 1.62 1.51 1.47 1.40 1.29 1.19 1.21 1.17 1.12 1.05 0.95 0.99 0.93 0.84 0.84 0.79 0.73 0.65 0.62 0.73 0.80 0.80 0.83 0.83 0.75 0.70 0.65 0.59 0.49 0.50 0.58 0.56
4.57 4.12 2.85 3.27 3.12 4.11 5.40 5.40 6.51 7.72 7.68 5.83 4.74 4.74 4.20 4.81 4.86 4.92 5.14 5.19 5.34 5.80 5.55 4.00 3.72 3.86 4.66 4.69 4.51 3.92 3.80 3.66 3.43 3.15 2.99 2.79 2.51 2.25 2.04 1.86 1.69 1.67 1.54 1.46 1.37 1.27 1.20 1.12 1.13 1.08 0.98 0.93 0.94 0.91 0.82 0.76 0.70 0.64 0.59 0.59 0.65 0.70 0.66 0.69 0.70 0.62 0.54 0.55 0.53 0.47 0.48 0.48 0.46
6.57 6.82 4.12 5.47 7.48 7.92 9.50 9.98 14.32 14.34 10.83 7.98 6.98 5.74 6.73 7.20 8.69 7.93 8.32 8.55 6.25 6.15 5.92 4.14 4.33 5.06 5.06 5.12 4.99 4.64 4.33 4.10 3.77 3.50 3.31 3.11 2.73 2.35 2.11 1.89 1.77 1.64 1.49 1.38 1.28 1.27 1.17 1.12 1.09 1.02 0.94 0.89 0.91 0.82 0.73 0.71 0.64 0.58 0.56 0.56 0.57 0.55 0.52 0.59 0.59 0.57 0.51 0.46 0.40 0.39 0.39 0.36 0.34
13.06 11.26 8.81 9.50 12.96 16.82 15.22 17.45 18.52 16.73 11.42 8.41 7.59 8.24 9.40 11.00 10.77 9.08 8.83 9.32 9.68 6.87 4.76 4.54 5.13 5.82 5.89 6.19 6.05 5.22 4.74 4.27 4.22 3.81 3.61 3.31 2.98 2.51 2.29 2.03 1.85 1.69 1.55 1.43 1.33 1.21 1.10 1.02 0.99 0.99 0.93 0.87 0.84 0.76 0.69 0.63 0.60 0.52 0.51 0.50 0.52 0.49 0.45 0.53 0.50 0.46 0.40 0.37 0.36 0.38 0.36 0.36 0.33
20.06 15.28 13.20 11.62 16.27 21.57 19.12 18.73 15.09 12.04 9.61 8.38 9.98 12.84 15.85 16.52 12.80 9.24 8.67 8.68 8.86 6.94 5.13 5.69 6.29 6.65 6.55 6.76 6.28 5.61 5.27 4.99 4.81 4.60 3.99 3.52 3.00 2.68 2.38 2.26 1.96 1.79 1.64 1.52 1.37 1.27 1.15 1.07 0.99 0.91 0.84 0.77 0.81 0.71 0.65 0.56 0.50 0.44 0.47 0.46 0.48 0.43 0.41 0.36 0.33 0.32 0.34 0.33 0.35 0.37 0.30 0.26 0.23
27.45 18.65 13.82 13.48 20.51 24.46 19.72 13.33 9.94 9.10 9.31 10.02 18.08 23.13 28.07 21.52 15.29 11.24 8.86 8.36 8.65 6.93 6.91 7.36 8.64 8.38 6.78 6.55 6.68 6.26 5.93 5.93 5.50 4.73 4.40 3.69 3.14 2.76 2.46 2.23 2.05 1.86 1.81 1.66 1.44 1.31 1.20 1.11 1.01 0.92 0.87 0.79 0.72 0.69 0.58 0.48 0.47 0.45 0.46 0.43 0.39 0.36 0.31 0.31 0.29 0.30 0.26 0.23 0.23 0.20 0.17 0.19 0.19
35.48 24.98 15.81 16.93 21.09 20.30 10.34 7.61 5.55 7.35 10.90 19.25 30.28 33.80 31.89 21.41 16.67 13.56 10.95 9.37 9.25 7.95 8.31 10.02 13.39 11.89 7.77 6.95 7.57 6.88 6.56 6.47 6.10 5.34 4.66 3.78 3.37 2.92 2.62 2.36 2.14 1.95 1.76 1.62 1.49 1.47 1.33 1.15 1.05 0.99 0.94 0.87 0.71 0.57 0.46 0.38 0.46 0.45 0.50 0.48 0.41 0.35 0.30 0.24 0.25 0.23 0.19 0.00 0.17 0.18 0.18 0.00 0.00
32.61 28.85 21.36 15.47 14.12 9.41 3.50 2.97 3.27 5.44 9.75 22.57 28.54 30.39 29.89 22.89 16.69 14.95 14.21 13.22 10.74 9.54 10.65 12.07 14.53 11.45 10.49 8.06 8.69 7.85 7.31 7.11 6.58 6.36 5.21 4.15 3.49 3.07 2.73 2.47 2.24 2.04 1.85 1.69 1.52 1.38 1.28 1.21 1.12 1.12 1.10 0.89 0.72 0.56 0.44 0.39 0.39 0.48 0.48 0.44 0.40 0.34 0.27 0.24 0.25 0.22 0.18 0.00 0.00 0.00 0.00 0.00 0.00
30.85 15.26 14.60 8.20 4.83 2.65 1.92 2.03 2.56 4.37 7.71 18.30 25.49 26.42 23.19 18.68 12.60 13.65 14.00 14.99 11.73 12.32 12.60 12.95 13.64 13.06 12.36 10.46 10.05 9.07 8.15 7.38 6.98 6.36 5.24 4.33 3.60 3.21 2.87 2.59 2.36 2.14 1.94 1.76 1.61 1.44 1.32 1.20 1.10 1.03 1.03 0.92 0.69 0.55 0.43 0.39 0.38 0.47 0.50 0.48 0.38 0.28 0.21 0.21 0.26 0.18 0.00 0.00 0.00 0.00 0.00 0.00 0.00
14.75 6.60 7.50 1.73 1.34 1.18 1.41 1.73 2.56 4.48 6.54 11.78 11.99 13.93 14.83 11.34 11.12 12.23 12.60 12.37 12.25 13.05 12.57 13.71 15.76 17.59 15.25 11.24 10.16 9.83 8.75 7.93 6.72 5.95 5.06 4.30 3.72 3.35 3.01 2.71 2.47 2.22 2.02 1.84 1.66 1.49 1.34 1.24 1.14 1.18 1.11 0.91 0.79 0.63 0.46 0.42 0.44 0.58 0.61 0.54 0.38 0.27 0.21 0.23 0.27 0.18 0.00 0.00 0.00 0.00 0.00 0.00 0.00
4.36 0.97 1.29 1.00 0.95 1.04 1.37 1.78 2.74 3.88 5.72 6.13 6.45 6.73 7.59 7.97 10.19 12.58 13.12 12.15 12.25 13.12 13.39 12.66 15.24 18.74 16.64 11.74 9.29 8.83 8.56 7.97 7.10 6.21 5.23 4.67 3.82 3.41 3.09 2.80 2.53 2.31 2.10 1.90 1.71 1.53 1.42 1.28 1.25 1.33 1.37 1.11 0.65 0.55 0.48 0.51 0.50 0.56 0.59 0.54 0.40 0.28 0.25 0.30 0.26 0.00 0.00 0.00 0.00 0.00 0.00 0.00 0.00
0.81 0.59 0.81 0.78 0.88 1.08 1.51 1.88 2.66 3.74 5.23 5.75 5.49 4.79 5.60 7.94 11.36 13.84 13.51 12.44 11.68 12.91 11.52 10.51 11.81 13.91 13.67 10.90 9.42 8.58 7.53 7.77 6.70 6.08 5.57 4.69 3.91 3.49 3.13 2.83 2.57 2.37 2.13 1.92 1.75 1.59 1.46 1.37 1.30 1.57 1.53 1.04 0.67 0.55 0.48 0.41 0.43 0.46 0.59 0.49 0.37 0.34 0.24 0.29 0.28 0.19 0.00 0.00 0.00 0.00 0.00 0.00 0.00
0.59 0.56 0.68 0.79 0.89 1.11 1.55 2.14 2.81 4.53 5.76 5.56 5.10 4.20 6.16 9.59 13.68 14.96 13.13 10.84 8.52 9.59 8.84 7.94 9.09 9.26 11.29 9.52 9.22 6.74 7.19 7.31 6.15 5.82 5.28 4.68 4.00 3.56 3.17 2.89 2.63 2.40 2.16 1.95 1.76 1.58 1.47 1.43 1.49 1.83 1.79 0.93 0.68 0.59 0.51 0.41 0.43 0.44 0.56 0.50 0.29 0.34 0.26 0.26 0.18 0.00 0.00 0.00 0.00 0.00 0.00 0.00 0.00
