dati/cumulata_oraria_prisma_2018052823.txt
ncols        251
nrows        249
xllcorner         436000.00000
yllcorner        4918000.00000
cellsize           1000.00000
NODATA_value          -9999.00000
[rows 96 to 127 of 249, columns 144 to 215 of 251]
1.96 1.96 2.12 2.33 2.36 1.93 1.95 2.00 2.05 2.14 2.34 2.47 1.98 1.97 1.99 2.04 1.99 2.00 2.01 1.99 1.95 1.85 1.71 1.66 1.59 1.56 1.59 1.64 1.61 1.62 1.82 1.90 1.98 2.09 2.16 2.16 2.20 2.36 2.46 2.53 2.65 2.75 2.85 2.98 3.06 3.13 3.10 3.11 3.17 3.16 3.12 3.10 2.99 2.88 2.74 2.62 2.43 2.23 2.03 1.84 -9999.00 -9999.00 -9999.00 -9999.00 -9999.00 -9999.00 -9999.00 -9999.00 -9999.00 -9999.00 -9999.00 -9999.00
2.34 2.23 2.31 2.53 2.52 2.37 2.32 2.42 2.46 2.37 2.59 2.63 2.66 2.67 2.66 2.60 2.27 2.28 2.32 2.30 2.23 2.29 2.28 2.13 1.97 1.84 1.90 1.90 1.93 1.98 2.07 2.26 2.37 2.43 2.51 2.53 2.57 2.66 2.76 2.87 3.02 3.15 3.25 3.39 3.47 3.48 3.49 3.51 3.54 3.51 3.46 3.47 3.35 3.21 3.01 2.90 2.67 2.47 2.21 2.07 -9999.00 -9999.00 -9999.00 -9999.00 -9999.00 -9999.00 -9999.00 -9999.00 -9999.00 -9999.00 -9999.00 -9999.00
2.36 2.43 2.60 2.74 2.66 2.54 2.52 2.64 2.73 3.01 3.12 3.11 2.96 2.96 2.89 2.90 2.91 2.89 2.84 2.82 2.68 2.67 2.56 2.40 2.30 2.29 2.35 2.39 2.55 2.33 2.44 2.58 2.68 2.75 2.91 3.02 2.95 3.07 3.17 3.28 3.43 3.55 3.65 3.71 3.82 3.86 3.88 3.92 3.93 3.89 3.87 3.79 3.65 3.54 3.39 3.13 2.96 2.72 2.46 -9999.00 -9999.00 -9999.00 -9999.00 -9999.00 -9999.00 -9999.00 -9999.00 -9999.00 -9999.00 -9999.00 -9999.00 -9999.00
2.30 2.37 2.70 2.95 2.95 2.90 2.82 2.97 2.95 3.30 3.50 3.40 3.43 3.43 3.51 3.43 3.25 3.22 3.16 3.09 3.30 3.37 3.52 3.49 2.65 2.60 2.62 2.80 2.89 3.03 2.84 2.95 3.07 3.22 3.26 3.38 3.38 3.50 3.66 3.75 3.91 4.01 4.10 4.14 4.25 4.28 4.30 4.30 4.30 4.22 4.14 4.03 4.03 3.85 3.68 3.50 3.25 2.95 2.68 -9999.00 -9999.00 -9999.00 -9999.00 -9999.00 -9999.00 -9999.00 -9999.00 -9999.00 -9999.00 -9999.00 -9999.00 -9999.00
2.53 2.58 2.89 3.04 3.11 3.19 3.06 3.24 3.23 3.27 3.34 3.39 3.71 3.77 3.83 3.78 3.77 3.75 3.68 3.68 3.74 3.81 3.87 3.83 3.64 3.51 3.42 3.44 3.41 3.44 3.49 3.66 3.71 3.83 3.72 3.81 3.92 3.95 4.10 4.21 4.33 4.44 4.52 4.65 4.65 4.73 4.80 4.75 4.73 4.66 4.55 4.43 4.31 4.15 3.95 3.71 3.44 3.20 -9999.00 -9999.00 -9999.00 -9999.00 -9999.00 -9999.00 -9999.00 -9999.00 -9999.00 -9999.00 -9999.00 -9999.00 -9999.00 -9999.00
2.90 3.03 3.28 3.26 3.34 3.42 3.49 3.63 3.68 3.57 3.62 3.71 3.74 3.83 3.83 3.84 4.11 4.10 4.04 4.03 4.39 4.41 4.55 4.73 4.04 3.79 3.77 3.80 3.86 4.04 3.93 4.07 4.19 4.32 4.38 4.45 4.60 4.62 4.56 4.69 4.82 4.93 5.04 5.11 5.16 5.20 5.23 5.19 5.12 5.08 4.97 4.81 4.68 4.51 4.28 4.01 3.77 -9999.00 -9999.00 -9999.00 -9999.00 -9999.00 -9999.00 -9999.00 -9999.00 -9999.00 -9999.00 -9999.00 -9999.00 -9999.00 -9999.00 -9999.00
3.18 3.24 3.50 3.71 3.89 3.88 3.88 3.88 3.86 3.93 4.01 4.03 4.11 4.16 4.18 4.21 4.24 4.27 4.21 4.72 4.76 4.80 4.98 5.01 4.93 4.77 4.51 4.25 4.29 4.48 4.50 4.61 4.61 4.74 4.85 4.91 5.06 5.19 5.23 5.38 5.46 5.60 5.54 5.61 5.62 5.62 5.69 5.61 5.56 5.47 5.31 5.14 4.97 4.76 4.55 4.34 4.06 -9999.00 -9999.00 -9999.00 -9999.00 -9999.00 -9999.00 -9999.00 -9999.00 -9999.00 -9999.00 -9999.00 -9999.00 -9999.00 -9999.00 -9999.00
3.53 3.61 3.75 3.98 3.99 4.02 4.21 4.27 4.17 4.14 4.25 4.37 4.46 4.56 4.67 4.59 4.64 4.61 4.89 4.89 4.91 4.92 5.52 5.18 4.99 4.91 4.87 5.21 5.10 5.42 4.95 4.98 5.11 5.11 5.35 5.35 5.54 5.57 5.71 5.83 5.96 6.03 6.05 6.04 6.07 6.13 6.11 6.08 6.00 5.87 5.72 5.55 5.32 5.10 4.84 4.52 -9999.00 -9999.00 -9999.00 -9999.00 -9999.00 -9999.00 -9999.00 -9999.00 -9999.00 -9999.00 -9999.00 -9999.00 -9999.00 -9999.00 -9999.00 -9999.00
3.72 3.85 3.94 4.14 4.40 4.51 4.54 4.53 4.56 4.66 4.77 4.73 4.80 4.93 5.07 5.14 5.24 5.25 5.31 5.33 5.35 5.32 5.34 5.32 5.28 5.35 5.31 5.65 5.73 5.85 5.51 5.43 5.59 5.59 5.78 5.88 6.05 6.15 6.31 6.39 6.53 6.48 6.50 6.49 6.52 6.51 6.52 6.44 6.34 6.20 6.08 5.92 5.67 5.43 5.10 4.81 -9999.00 -9999.00 -9999.00 -9999.00 -9999.00 -9999.00 -9999.00 -9999.00 -9999.00 -9999.00 -9999.00 -9999.00 -9999.00 -9999.00 -9999.00 -9999.00
3.87 4.06 4.00 4.48 4.72 4.67 4.68 4.84 4.86 4.99 5.12 5.24 5.34 5.41 5.46 5.55 5.63 5.90 5.85 5.87 5.96 5.69 5.80 5.80 5.76 5.76 5.77 6.14 6.45 6.47 6.09 6.42 6.85 6.97 6.26 6.53 6.53 6.68 6.75 6.96 7.25 7.39 7.15 7.02 7.00 6.93 6.88 6.86 6.74 6.60 6.42 6.20 5.97 5.61 5.35 -9999.00 -9999.00 -9999.00 -9999.00 -9999.00 -9999.00 -9999.00 -9999.00 -9999.00 -9999.00 -9999.00 -9999.00 -9999.00 -9999.00 -9999.00 -9999.00 -9999.00
3.98 4.16 4.25 4.70 4.75 4.89 4.94 5.13 5.26 5.30 5.35 5.57 5.62 5.85 5.97 6.16 6.26 6.72 6.29 6.37 6.42 6.66 6.72 6.70 6.59 6.22 6.24 6.61 6.67 7.29 6.71 6.90 7.09 7.35 7.45 7.60 8.13 8.14 7.41 7.50 7.95 7.84 7.47 7.46 7.43 7.42 7.30 7.26 7.14 6.96 6.74 6.51 6.33 5.93 -9999.00 -9999.00 -9999.00 -9999.00 -9999.00 -9999.00 -9999.00 -9999.00 -9999.00 -9999.00 -9999.00 -9999.00 -9999.00 -9999.00 -9999.00 -9999.00 -9999.00 -9999.00
3.98 3.96 4.10 4.99 5.00 5.17 5.48 5.58 5.55 5.52 5.67 5.83 5.99 6.13 6.43 6.60 6.64 7.04 7.12 7.19 7.13 7.11 7.28 7.14 7.21 7.25 7.89 7.76 7.46 7.75 7.92 7.93 7.87 8.07 7.99 8.39 8.65 8.54 8.65 8.67 8.75 8.21 7.87 7.87 7.86 7.78 7.64 7.56 7.42 7.25 7.06 6.89 6.60 6.19 -9999.00 -9999.00 -9999.00 -9999.00 -9999.00 -9999.00 -9999.00 -9999.00 -9999.00 -9999.00 -9999.00 -9999.00 -9999.00 -9999.00 -9999.00 -9999.00 -9999.00 -9999.00
4.07 4.15 4.29 4.49 4.68 4.99 5.66 5.83 6.01 6.14 6.17 6.20 6.36 6.54 6.74 7.09 7.47 7.42 7.57 7.64 7.81 8.37 8.60 9.35 7.78 7.71 8.30 8.45 8.44 8.64 8.52 9.24 9.53 9.61 9.90 10.57 9.18 9.01 9.06 9.39 9.40 9.44 8.81 8.68 8.53 8.16 7.97 7.89 7.75 7.54 7.34 7.00 6.72 -9999.00 -9999.00 -9999.00 -9999.00 -9999.00 -9999.00 -9999.00 -9999.00 -9999.00 -9999.00 -9999.00 -9999.00 -9999.00 -9999.00 -9999.00 -9999.00 -9999.00 -9999.00 -9999.00
4.24 4.33 4.44 4.71 4.94 5.22 5.48 5.66 6.25 6.36 6.48 6.72 7.00 7.08 7.18 7.51 7.94 8.06 8.19 8.36 8.38 9.05 9.24 9.45 10.07 9.81 11.24 8.99 8.96 9.22 9.39 9.81 10.08 10.01 10.23 10.45 10.02 10.08 10.22 9.81 10.00 9.90 9.27 9.01 8.86 8.81 8.81 8.67 8.35 7.83 7.59 7.26 -9999.00 -9999.00 -9999.00 -9999.00 -9999.00 -9999.00 -9999.00 -9999.00 -9999.00 -9999.00 -9999.00 -9999.00 -9999.00 -9999.00 -9999.00 -9999.00 -9999.00 -9999.00 -9999.00 -9999.00
4.75 4.44 4.59 4.76 4.94 5.28 5.73 5.88 6.14 6.44 6.75 7.12 7.35 7.50 7.75 8.05 8.46 8.70 8.75 9.07 9.35 9.77 9.74 10.11 10.62 11.33 11.83 11.17 11.02 11.02 10.05 10.40 10.66 10.43 10.80 10.69 10.51 10.63 10.56 10.88 11.00 10.51 10.26 9.43 9.15 9.08 9.07 8.90 8.57 8.24 7.96 7.68 -9999.00 -9999.00 -9999.00 -9999.00 -9999.00 -9999.00 -9999.00 -9999.00 -9999.00 -9999.00 -9999.00 -9999.00 -9999.00 -9999.00 -9999.00 -9999.00 -9999.00 -9999.00 -9999.00 -9999.00
4.81 4.96 5.13 4.94 5.13 5.36 5.59 5.87 6.52 6.79 7.08 7.47 7.66 7.91 8.22 8.73 8.94 9.14 9.28 9.54 10.02 10.32 10.75 11.36 10.95 11.96 12.45 11.62 11.55 11.52 10.56 10.84 11.09 10.98 12.20 12.23 11.98 11.25 11.14 11.36 11.37 10.86 10.62 10.52 10.10 9.88 9.29 8.94 8.68 8.36 8.10 -9999.00 -9999.00 -9999.00 -9999.00 -9999.00 -9999.00 -9999.00 -9999.00 -9999.00 -9999.00 -9999.00 -9999.00 -9999.00 -9999.00 -9999.00 -9999.00 -9999.00 -9999.00 -9999.00 -9999.00 -9999.00
5.04 5.13 5.30 5.56 5.60 5.68 5.84 6.16 6.48 6.95 7.52 7.82 7.95 8.14 8.41 8.86 9.41 9.62 9.77 10.01 10.53 10.77 11.52 11.82 11.40 12.59 12.55 12.19 12.34 12.02 11.39 11.62 11.72 11.48 12.59 12.43 12.07 11.55 11.29 11.13 11.36 11.40 11.02 10.71 10.60 10.22 10.03 9.68 9.28 8.93 -9999.00 -9999.00 -9999.00 -9999.00 -9999.00 -9999.00 -9999.00 -9999.00 -9999.00 -9999.00 -9999.00 -9999.00 -9999.00 -9999.00 -9999.00 -9999.00 -9999.00 -9999.00 -9999.00 -9999.00 -9999.00 -9999.00
5.20 5.37 5.71 5.67 5.77 6.02 6.29 6.59 6.78 7.41 8.06 8.33 8.34 8.51 8.81 9.29 9.65 9.96 10.03 10.54 11.02 11.41 11.30 11.55 12.77 13.10 12.48 12.54 12.67 12.51 11.84 12.05 12.00 12.36 13.72 14.42 12.00 11.58 11.51 11.49 11.57 11.51 11.19 11.04 10.68 10.26 10.04 9.79 9.34 -9999.00 -9999.00 -9999.00 -9999.00 -9999.00 -9999.00 -9999.00 -9999.00 -9999.00 -9999.00 -9999.00 -9999.00 -9999.00 -9999.00 -9999.00 -9999.00 -9999.00 -9999.00 -9999.00 -9999.00 -9999.00 -9999.00 -9999.00
5.10 5.49 5.98 6.20 6.37 6.25 6.54 6.89 7.25 7.82 8.56 8.66 8.61 8.83 9.30 9.56 10.24 10.38 10.44 10.48 10.56 11.97 11.66 12.34 13.26 13.20 13.54 13.66 12.90 12.63 12.71 12.58 12.61 13.65 14.21 14.41 14.43 13.80 12.94 11.77 11.71 11.80 11.66 10.99 10.98 10.75 10.37 9.81 9.30 -9999.00 -9999.00 -9999.00 -9999.00 -9999.00 -9999.00 -9999.00 -9999.00 -9999.00 -9999.00 -9999.00 -9999.00 -9999.00 -9999.00 -9999.00 -9999.00 -9999.00 -9999.00 -9999.00 -9999.00 -9999.00 -9999.00 -9999.00
5.25 5.62 5.91 6.33 6.54 6.93 7.26 7.33 7.63 8.30 9.12 9.49 9.53 9.19 9.68 9.94 10.27 10.31 10.82 10.82 10.96 11.07 10.90 11.29 13.64 13.58 13.88 13.89 14.05 14.27 12.90 12.86 13.27 14.05 14.10 14.67 14.55 13.60 13.07 12.84 12.74 12.88 11.72 11.00 10.99 10.64 10.36 10.05 -9999.00 -9999.00 -9999.00 -9999.00 -9999.00 -9999.00 -9999.00 -9999.00 -9999.00 -9999.00 -9999.00 -9999.00 -9999.00 -9999.00 -9999.00 -9999.00 -9999.00 -9999.00 -9999.00 -9999.00 -9999.00 -9999.00 -9999.00 -9999.00
5.53 5.70 6.10 6.39 6.64 7.12 7.28 7.50 7.94 8.30 9.61 9.68 10.12 10.64 10.27 10.39 10.57 10.66 10.82 10.90 11.46 11.38 11.30 11.92 12.15 12.53 14.21 14.28 14.34 14.28 13.19 13.38 13.66 14.08 14.58 15.00 15.58 13.40 12.99 13.00 12.77 12.58 12.52 12.11 11.43 11.31 10.42 9.95 -9999.00 -9999.00 -9999.00 -9999.00 -9999.00 -9999.00 -9999.00 -9999.00 -9999.00 -9999.00 -9999.00 -9999.00 -9999.00 -9999.00 -9999.00 -9999.00 -9999.00 -9999.00 -9999.00 -9999.00 -9999.00 -9999.00 -9999.00 -9999.00
5.70 5.76 6.06 6.56 6.88 7.39 7.97 7.72 8.17 8.65 9.06 9.59 10.53 10.95 10.80 10.88 11.05 11.05 11.27 11.20 11.14 11.17 11.66 12.34 12.60 13.08 13.08 13.11 13.20 13.99 13.92 13.49 14.18 14.79 15.23 16.05 15.48 14.97 14.61 14.22 12.81 12.54 12.22 11.84 11.40 11.14 10.97 10.64 -9999.00 -9999.00 -9999.00 -9999.00 -9999.00 -9999.00 -9999.00 -9999.00 -9999.00 -9999.00 -9999.00 -9999.00 -9999.00 -9999.00 -9999.00 -9999.00 -9999.00 -9999.00 -9999.00 -9999.00 -9999.00 -9999.00 -9999.00 -9999.00
5.70 5.84 6.16 6.54 6.88 7.72 8.23 8.46 8.63 8.94 9.40 9.98 10.91 10.93 11.13 11.20 11.43 11.84 12.26 11.65 11.49 11.63 11.95 11.89 11.95 13.63 13.35 13.15 13.15 12.68 14.07 13.74 13.77 14.32 14.40 14.66 15.44 14.95 14.67 14.06 13.36 12.86 12.69 11.53 11.41 11.07 10.88 10.49 -9999.00 -9999.00 -9999.00 -9999.00 -9999.00 -9999.00 -9999.00 -9999.00 -9999.00 -9999.00 -9999.00 -9999.00 -9999.00 -9999.00 -9999.00 -9999.00 -9999.00 -9999.00 -9999.00 -9999.00 -9999.00 -9999.00 -9999.00 -9999.00
5.76 5.96 6.23 6.63 6.99 7.52 7.80 8.58 8.74 8.92 9.28 9.59 11.07 11.11 11.14 11.26 11.43 12.10 12.45 12.41 12.69 13.35 12.11 12.16 12.11 12.04 12.16 12.30 13.31 12.38 12.09 11.94 13.80 13.99 14.42 14.91 14.99 14.91 15.06 13.78 13.13 12.85 12.16 12.10 11.96 11.33 10.64 10.14 -9999.00 -9999.00 -9999.00 -9999.00 -9999.00 -9999.00 -9999.00 -9999.00 -9999.00 -9999.00 -9999.00 -9999.00 -9999.00 -9999.00 -9999.00 -9999.00 -9999.00 -9999.00 -9999.00 -9999.00 -9999.00 -9999.00 -9999.00 -9999.00
6.08 6.05 6.32 6.54 6.80 7.47 8.08 8.90 9.26 9.05 9.42 9.82 10.38 10.74 11.38 11.49 11.67 12.03 12.10 12.67 13.11 13.36 12.82 12.93 12.32 12.40 12.38 12.47 12.28 12.14 12.16 12.27 12.52 12.52 14.44 14.86 14.99 14.70 15.34 14.32 13.24 12.24 12.01 11.85 11.51 11.04 10.50 9.98 -9999.00 -9999.00 -9999.00 -9999.00 -9999.00 -9999.00 -9999.00 -9999.00 -9999.00 -9999.00 -9999.00 -9999.00 -9999.00 -9999.00 -9999.00 -9999.00 -9999.00 -9999.00 -9999.00 -9999.00 -9999.00 -9999.00 -9999.00 -9999.00
6.44 6.69 6.28 6.54 6.83 7.23 7.69 8.97 9.23 9.69 10.32 10.18 10.58 10.91 11.34 11.57 12.11 12.25 12.57 12.75 13.00 13.18 13.00 12.91 12.41 12.38 12.12 12.59 12.39 12.10 12.00 12.51 12.58 12.67 12.94 12.69 12.77 14.86 14.58 13.70 12.64 11.87 11.47 11.37 11.30 10.58 9.90 9.66 -9999.00 -9999.00 -9999.00 -9999.00 -9999.00 -9999.00 -9999.00 -9999.00 -9999.00 -9999.00 -9999.00 -9999.00 -9999.00 -9999.00 -9999.00 -9999.00 -9999.00 -9999.00 -9999.00 -9999.00 -9999.00 -9999.00 -9999.00 -9999.00
6.46 6.57 6.62 6.87 6.94 7.34 7.80 8.27 8.87 9.92 10.34 10.89 11.26 11.04 11.46 11.71 12.23 12.51 12.77 13.00 13.05 13.29 13.09 12.68 12.49 12.51 12.17 12.14 12.15 12.05 11.89 11.78 11.51 12.44 12.36 12.57 12.77 12.99 13.09 12.91 12.34 11.75 11.23 10.74 10.01 9.79 9.43 9.20 9.10 -9999.00 -9999.00 -9999.00 -9999.00 -9999.00 -9999.00 -9999.00 -9999.00 -9999.00 -9999.00 -9999.00 -9999.00 -9999.00 -9999.00 -9999.00 -9999.00 -9999.00 -9999.00 -9999.00 -9999.00 -9999.00 -9999.00 -9999.00
6.95 7.30 6.64 6.88 7.13 7.47 7.89 8.39 9.15 9.68 10.52 11.05 11.36 11.61 12.03 11.93 12.43 12.76 12.92 13.12 13.39 13.27 13.04 12.77 12.68 12.40 12.19 12.22 12.10 11.97 11.92 11.49 11.30 11.02 11.06 12.61 12.68 12.91 13.10 13.13 12.93 11.76 10.93 10.11 9.68 9.31 9.02 8.55 8.81 -9999.00 -9999.00 -9999.00 -9999.00 -9999.00 -9999.00 -9999.00 -9999.00 -9999.00 -9999.00 -9999.00 -9999.00 -9999.00 -9999.00 -9999.00 -9999.00 -9999.00 -9999.00 -9999.00 -9999.00 -9999.00 -9999.00 -9999.00
6.98 7.29 7.29 7.43 7.10 7.49 7.92 8.36 9.25 9.79 10.36 11.20 11.40 11.64 12.17 12.37 12.73 12.76 12.93 13.13 13.33 13.16 12.98 12.85 12.62 12.39 12.16 12.21 12.10 11.95 11.90 11.49 11.04 10.84 10.80 10.64 10.91 10.68 12.78 13.00 12.38 11.39 10.53 9.85 9.35 9.02 8.48 8.55 8.48 -9999.00 -9999.00 -9999.00 -9999.00 -9999.00 -9999.00 -9999.00 -9999.00 -9999.00 -9999.00 -9999.00 -9999.00 -9999.00 -9999.00 -9999.00 -9999.00 -9999.00 -9999.00 -9999.00 -9999.00 -9999.00 -9999.00 -9999.00
7.22 7.27 7.18 7.33 7.55 7.87 7.97 8.45 9.02 9.54 10.66 11.33 11.72 12.10 12.12 12.37 12.93 13.42 14.02 13.41 13.19 13.02 12.88 12.70 12.42 12.22 12.24 12.05 11.81 11.86 11.61 11.47 11.00 10.80 10.52 10.35 10.72 10.44 10.58 10.54 11.34 11.18 10.00 9.41 8.99 8.99 9.15 8.48 8.06 -9999.00 -9999.00 -9999.00 -9999.00 -9999.00 -9999.00 -9999.00 -9999.00 -9999.00 -9999.00 -9999.00 -9999.00 -9999.00 -9999.00 -9999.00 -9999.00 -9999.00 -9999.00 -9999.00 -9999.00 -9999.00 -9999.00 -9999.00
7.15 7.48 7.96 7.16 7.54 7.84 8.24 8.50 9.17 9.53 10.20 10.80 11.77 11.82 12.01 12.05 12.98 13.33 14.00 14.84 14.22 12.79 12.73 12.54 12.35 12.01 11.76 11.83 11.79 11.66 11.45 11.16 10.72 10.38 10.20 9.94 10.39 10.43 10.27 10.40 10.36 10.07 10.35 8.76 8.57 8.82 8.19 7.99 7.53 -9999.00 -9999.00 -9999.00 -9999.00 -9999.00 -9999.00 -9999.00 -9999.00 -9999.00 -9999.00 -9999.00 -9999.00 -9999.00 -9999.00 -9999.00 -9999.00 -9999.00 -9999.00 -9999.00 -9999.00 -9999.00 -9999.00 -9999.00
6.53 7.50 7.85 7.80 7.99 7.74 8.20 8.67 9.22 9.60 10.21 10.76 11.09 11.59 11.81 11.79 11.96 12.51 14.61 14.42 13.74 13.33 13.11 12.17 12.04 11.76 11.61 11.34 11.21 11.49 11.73 11.60 10.46 10.03 9.84 9.56 9.30 9.43 9.68 10.29 9.93 10.01 10.23 9.78 9.33 8.09 7.52 7.42 7.38 -9999.00 -9999.00 -9999.00 -9999.00 -9999.00 -9999.00 -9999.00 -9999.00 -9999.00 -9999.00 -9999.00 -9999.00 -9999.00 -9999.00 -9999.00 -9999.00 -9999.00 -9999.00 -9999.00 -9999.00 -9999.00 -9999.00 -9999.00
