dati/cumulata_oraria_prisma_2018052808.txt
ncols        251
nrows        249
xllcorner         436000.00000
yllcorner        4918000.00000
cellsize           1000.00000
NODATA_value          -9999.00000
[rows 64 to 95 of 249, columns 73 to 145 of 251]
1.25 1.56 1.60 1.60 1.84 1.91 1.96 2.09 2.31 2.42 2.57 2.36 2.16 1.87 1.78 1.66 1.71 1.62 1.35 1.15 1.09 0.85 0.84 0.65 0.63 0.93 1.18 1.32 1.59 1.81 1.81 1.89 2.17 2.03 2.11 2.04 1.75 1.74 1.80 1.85 1.68 1.54 1.55 1.61 1.68 1.86 1.98 1.87 1.83 1.89 1.90 1.66 1.68 1.69 1.73 1.83 1.95 2.00 2.02 2.03 1.97 1.78 1.64 1.52 1.42 1.35 1.23 1.14 0.94 0.87 0.81 0.74 0.68
1.32 1.62 1.68 1.67 1.63 1.74 1.69 1.78 2.06 1.85 2.06 2.03 2.01 1.65 1.63 1.69 1.61 1.54 1.44 1.21 1.21 0.96 1.04 0.74 0.71 0.82 1.03 1.25 1.35 1.55 1.70 1.92 1.95 1.98 2.02 1.83 1.75 1.70 1.75 1.74 1.63 1.62 1.66 1.70 1.75 1.89 2.05 2.02 1.99 2.07 2.10 1.95 1.95 1.96 1.97 2.03 2.13 2.22 2.19 2.31 2.17 1.95 1.79 1.65 1.53 1.44 1.38 1.28 1.36 0.97 0.89 0.83 0.76
1.46 1.65 1.66 1.63 1.66 1.72 1.76 1.75 1.78 1.82 1.93 1.88 2.00 1.71 1.70 1.86 1.64 1.54 1.45 1.39 1.22 1.10 0.98 0.88 0.87 1.01 1.07 1.03 1.16 1.58 1.74 2.06 2.08 2.06 1.85 1.81 1.78 1.70 1.76 1.71 1.67 1.66 1.73 1.76 1.83 1.94 2.13 2.12 2.16 2.25 2.24 2.12 2.13 2.22 2.21 2.25 2.36 2.40 2.41 2.64 2.54 2.25 2.05 1.84 1.66 1.58 1.48 1.44 1.45 1.15 0.99 0.92 0.85
1.62 1.72 1.72 1.71 1.73 1.83 1.89 1.85 1.79 1.89 2.07 2.01 1.95 1.57 1.62 1.79 1.66 1.16 1.15 1.32 1.23 0.96 0.94 0.84 0.87 0.99 1.08 1.14 1.36 1.52 1.73 2.14 1.99 1.90 1.77 1.64 1.63 1.60 1.69 1.77 1.70 1.76 1.79 1.84 1.92 2.03 2.20 2.23 2.29 2.39 2.43 2.43 2.55 2.44 2.44 2.47 2.54 2.54 2.50 2.55 2.56 2.76 2.26 2.03 1.82 1.73 1.60 1.63 1.72 1.55 1.34 1.20 1.07
1.84 1.89 1.86 1.88 1.87 1.98 1.93 1.96 1.79 1.97 1.98 1.91 1.75 1.60 1.65 1.61 1.57 1.04 1.09 1.24 1.17 0.99 0.87 0.87 0.82 0.89 1.02 1.09 1.23 1.14 1.64 2.06 1.94 1.94 1.54 1.50 1.54 1.53 1.62 1.73 1.73 1.78 1.85 1.89 1.94 2.06 2.18 2.32 2.40 2.49 2.52 2.67 2.71 2.63 2.61 2.64 2.64 2.62 2.58 2.63 2.75 2.98 2.40 2.17 1.96 1.83 1.68 1.63 1.83 1.78 1.65 1.54 1.35
2.12 2.11 2.07 2.04 2.05 2.00 2.04 1.96 1.96 1.86 1.98 1.88 1.63 1.55 1.51 1.38 1.36 1.21 1.42 1.21 1.18 0.93 0.75 0.88 0.84 0.74 0.89 1.09 1.13 1.19 1.28 1.85 2.08 2.36 1.71 1.52 1.75 1.56 1.57 1.67 1.67 1.77 1.89 1.93 1.99 2.10 2.31 2.38 2.49 2.58 2.65 2.73 2.77 2.70 2.72 2.75 2.84 2.77 2.69 2.64 2.73 2.90 2.43 2.33 2.13 1.98 1.77 1.68 1.94 2.13 2.05 1.90 1.51
2.42 2.41 2.34 2.28 2.22 2.15 2.12 2.01 1.98 1.94 1.85 1.76 1.68 1.58 1.45 1.41 1.41 1.27 1.43 1.31 1.07 0.63 0.48 0.74 0.77 0.69 0.79 0.89 1.06 1.15 0.90 1.48 1.98 2.74 1.68 1.51 1.72 1.56 1.53 1.64 1.64 1.79 1.94 1.97 2.03 2.15 2.33 2.48 2.61 2.72 2.81 2.79 2.84 2.87 2.93 2.96 3.00 2.98 2.99 2.85 2.78 2.75 2.61 2.53 2.36 2.19 1.95 1.82 2.02 2.75 2.96 2.55 1.96
2.76 2.71 2.63 2.53 2.46 2.39 2.32 2.20 2.16 2.10 1.97 1.77 1.66 1.55 1.49 1.48 1.36 1.35 1.32 1.23 0.99 0.53 0.41 0.43 0.64 0.53 0.70 0.81 1.00 1.08 0.87 1.46 1.73 2.07 1.59 1.44 1.52 1.36 1.45 1.55 1.57 1.79 1.98 1.99 2.05 2.13 2.34 2.52 2.69 2.82 2.89 2.98 3.06 3.11 3.15 3.15 3.16 3.25 3.23 3.23 3.00 2.90 2.72 2.60 2.45 2.30 2.05 1.91 2.12 2.84 2.97 2.63 2.04
3.04 3.02 2.83 2.79 2.71 2.63 2.60 2.47 2.40 2.22 2.09 2.06 1.87 1.74 1.67 1.45 1.34 1.28 1.20 1.02 0.93 0.71 0.38 0.33 0.52 0.48 0.59 0.70 0.89 1.03 0.91 1.23 1.40 1.58 1.41 1.37 1.40 1.30 1.34 1.40 1.45 1.71 1.93 2.02 2.11 2.17 2.34 2.54 2.72 2.83 2.92 3.12 3.21 3.21 3.31 3.32 3.40 3.49 3.41 3.38 3.18 3.07 2.85 2.73 2.56 2.46 2.32 2.11 2.16 2.39 2.75 2.84 2.53
3.40 3.29 3.13 3.08 3.06 2.98 2.83 2.69 2.51 2.43 2.28 2.14 1.90 1.73 1.63 1.44 1.31 1.24 1.14 0.98 0.81 0.64 0.52 0.37 0.37 0.42 0.48 0.54 0.66 0.92 0.73 0.97 0.98 1.24 1.33 1.29 1.33 1.31 1.30 1.36 1.44 1.72 1.96 2.13 2.27 2.25 2.42 2.59 2.81 2.98 3.21 3.11 3.21 3.37 3.49 3.54 3.51 3.36 3.37 3.27 3.18 3.14 2.89 2.67 2.51 2.48 2.37 2.22 2.14 2.25 2.42 2.44 2.56
3.76 3.65 3.54 3.43 3.30 3.17 2.98 2.98 2.81 2.62 2.46 2.31 2.05 1.86 1.61 1.46 1.34 1.22 0.97 0.84 0.68 0.51 0.41 0.33 0.29 0.30 0.39 0.44 0.60 0.70 0.61 0.78 0.88 0.95 0.98 1.08 1.18 1.22 1.22 1.27 1.36 1.56 1.93 2.24 2.34 2.48 2.59 2.61 2.83 2.98 3.25 3.43 3.49 3.65 3.92 3.86 3.86 3.74 3.61 3.50 3.46 3.45 3.03 2.87 2.58 2.52 2.42 2.30 2.23 2.26 2.27 2.23 2.45
4.16 4.03 3.91 3.76 3.61 3.46 3.37 3.16 3.00 2.78 2.59 2.43 2.10 1.86 1.64 1.54 1.24 1.04 0.85 0.71 0.57 0.42 0.31 0.24 0.19 0.21 0.31 0.34 0.42 0.39 0.55 0.70 0.87 0.92 0.92 1.04 1.19 1.31 1.34 1.31 1.39 1.53 1.92 2.26 2.55 2.48 2.60 2.59 2.69 2.85 3.13 3.53 3.69 3.76 4.21 4.29 4.05 4.15 3.94 3.68 3.62 3.65 3.37 3.23 3.06 2.82 2.72 2.62 2.59 2.54 2.44 2.29 2.06
4.60 4.49 4.34 4.16 3.98 3.76 3.67 3.47 3.21 3.12 2.94 2.80 2.40 2.05 1.93 1.57 1.37 1.02 0.60 0.73 0.52 0.34 0.23 0.00 0.00 0.00 0.18 0.23 0.26 0.32 0.45 0.65 0.82 0.83 0.90 1.00 1.23 1.38 1.37 1.36 1.47 1.65 2.08 2.53 2.84 2.86 3.00 2.92 2.84 2.91 3.12 3.37 3.89 3.85 4.34 4.28 4.12 4.33 4.25 3.89 3.88 4.05 3.77 3.51 3.33 3.04 2.87 2.84 2.74 2.70 2.62 2.36 2.12
5.09 4.93 4.74 4.55 4.33 4.10 3.99 3.70 3.44 3.42 3.13 2.85 2.61 2.28 2.00 1.82 1.48 0.77 0.74 0.64 0.35 0.26 0.00 0.00 0.00 0.00 0.00 0.00 0.00 0.27 0.30 0.52 0.80 0.76 0.79 0.91 1.16 1.45 1.46 1.38 1.58 1.72 2.31 2.86 3.24 3.25 3.09 3.12 3.02 2.97 3.19 3.34 3.57 3.56 3.80 3.70 3.76 4.16 4.13 3.77 3.63 3.86 3.68 3.49 3.39 3.17 3.03 3.01 2.91 3.03 2.90 2.81 2.30
5.58 5.38 5.21 5.00 4.71 4.44 4.22 3.94 3.69 3.58 3.30 3.00 2.67 2.42 2.10 1.91 1.33 0.89 0.87 0.46 0.24 0.00 0.00 0.00 0.00 0.00 0.00 0.00 0.00 0.20 0.28 0.46 0.66 0.63 0.70 0.84 1.10 1.47 1.52 1.35 1.54 1.81 2.25 2.88 3.33 3.50 3.36 3.40 3.23 4.08 3.71 3.46 3.59 3.98 4.02 3.91 4.01 4.20 4.11 3.72 3.72 3.82 3.61 3.56 3.38 3.06 3.01 2.97 3.11 3.19 2.95 3.14 2.64
0.00 0.00 5.68 5.41 5.11 4.80 4.52 4.24 3.96 3.71 3.36 3.12 2.66 2.31 2.03 1.66 1.39 0.98 0.78 0.49 0.17 0.00 0.00 0.00 0.00 0.00 0.00 0.00 0.00 0.20 0.37 0.42 0.51 0.55 0.61 0.82 1.09 1.49 1.70 1.51 1.43 1.69 2.16 2.59 3.18 3.27 3.16 3.32 3.09 4.20 4.21 4.18 3.65 4.17 4.38 4.05 4.31 4.38 4.29 4.03 4.22 4.08 3.76 3.52 3.26 3.18 3.07 3.29 3.19 3.17 3.28 3.28 2.73
0.00 0.00 6.12 5.81 5.48 5.13 4.79 4.45 4.16 3.81 3.49 3.12 2.73 2.31 1.99 1.76 1.42 0.94 0.70 0.34 0.00 0.00 0.00 0.00 0.00 0.00 0.00 0.00 0.00 0.00 0.23 0.29 0.41 0.45 0.54 0.77 1.06 1.42 1.73 1.55 1.57 1.91 2.24 2.43 2.66 3.01 3.02 3.38 3.30 4.04 4.38 5.10 3.87 4.42 4.22 4.17 4.28 4.55 4.52 4.15 4.23 4.02 3.78 3.54 3.27 3.19 3.21 3.60 4.03 4.22 4.39 4.19 3.44
0.00 6.91 6.61 6.25 5.88 5.50 5.08 4.66 4.33 3.91 3.51 3.14 2.71 2.28 1.92 1.72 1.38 0.94 0.57 0.17 0.00 0.00 0.00 0.00 0.00 0.00 0.00 0.00 0.00 0.00 0.00 0.19 0.28 0.36 0.47 0.64 0.85 1.34 1.60 1.62 1.60 1.84 2.24 2.61 2.73 3.03 2.97 3.31 3.36 4.37 4.00 3.82 4.09 4.67 4.51 4.22 4.14 4.56 4.43 3.98 4.31 4.09 3.77 3.54 3.19 3.06 3.14 3.46 4.13 4.53 4.50 4.17 3.42
7.75 7.46 7.10 6.73 6.31 5.86 5.41 4.90 4.45 4.00 3.59 3.17 2.71 2.32 1.93 1.71 1.21 0.86 0.40 0.00 0.00 0.00 0.00 0.00 0.00 0.00 0.00 0.00 0.00 0.00 0.00 0.00 0.00 0.27 0.38 0.59 0.83 1.17 1.43 1.42 1.52 1.67 1.90 2.27 2.76 3.15 3.16 3.19 3.38 3.61 4.13 4.12 4.33 4.49 4.48 4.28 4.22 4.54 4.22 3.81 3.81 3.81 3.70 3.55 3.14 2.98 3.09 3.50 4.08 4.82 4.62 4.01 3.02
8.30 8.01 7.62 7.23 6.82 6.32 5.81 5.28 4.70 4.28 3.74 3.23 2.84 2.39 1.96 1.60 1.10 0.64 0.32 0.00 0.00 0.00 0.00 0.00 0.00 0.00 0.00 0.00 0.00 0.00 0.00 0.00 0.00 0.00 0.24 0.37 0.57 0.95 1.16 1.39 1.48 1.54 1.69 2.10 2.70 2.79 2.83 3.05 3.14 3.34 3.90 4.18 4.40 4.49 4.55 4.30 4.33 4.30 4.07 3.90 3.67 3.64 3.54 3.23 3.09 2.88 2.99 3.52 4.02 4.83 4.70 3.77 2.72
8.83 8.51 8.11 7.69 7.26 6.72 6.17 5.59 5.06 4.44 3.84 3.41 2.94 2.41 2.02 1.46 1.07 0.69 0.25 0.00 0.00 0.00 0.00 0.00 0.00 0.00 0.00 0.00 0.00 0.00 0.00 0.00 0.00 0.00 0.00 0.27 0.41 0.74 0.98 1.18 1.34 1.45 1.51 1.74 2.24 2.40 2.55 2.88 2.94 3.08 3.38 3.79 4.31 4.26 4.62 4.61 4.55 4.11 3.96 3.88 3.66 3.56 3.62 3.30 3.16 2.94 2.93 3.37 4.09 4.78 4.64 3.36 2.41
9.31 8.96 8.57 8.12 7.64 7.10 6.51 5.93 5.26 4.73 4.11 3.55 2.96 2.43 2.00 1.45 1.01 0.54 0.17 0.00 0.00 0.00 0.00 0.00 0.00 0.00 0.00 0.00 0.00 0.00 0.00 0.00 0.00 0.00 0.00 0.17 0.32 0.59 0.82 1.03 1.35 1.40 1.40 1.54 1.73 2.10 2.34 2.63 2.69 2.76 2.89 3.05 3.96 4.11 4.21 4.16 4.08 3.84 3.97 3.90 3.81 3.60 3.53 3.29 3.14 2.96 2.85 3.41 4.21 4.56 4.46 3.11 2.15
9.76 9.39 8.97 8.49 7.96 7.43 6.82 6.13 5.60 4.93 4.29 3.62 3.01 2.54 1.99 1.56 1.03 0.48 0.00 0.00 0.00 0.00 0.00 0.00 0.00 0.00 0.00 0.00 0.00 0.00 0.00 0.00 0.00 0.00 0.00 0.00 0.25 0.45 0.57 0.84 1.29 1.33 1.40 1.36 1.54 1.63 2.06 2.36 2.48 2.44 2.55 3.08 3.59 3.85 4.01 3.82 3.70 3.70 3.56 3.64 3.64 3.46 3.37 3.18 3.08 2.88 3.02 3.62 4.43 4.24 3.84 2.58 2.07
10.15 9.77 9.32 8.81 8.28 7.69 7.05 6.36 5.70 5.05 4.35 3.66 3.12 2.52 2.03 1.43 0.98 0.37 0.00 0.00 0.00 0.00 0.00 0.00 0.00 0.00 0.00 0.00 0.00 0.00 0.00 0.00 0.00 0.00 0.00 0.00 0.00 0.26 0.40 0.77 1.11 1.27 1.31 1.27 1.32 1.48 1.83 2.18 2.51 2.26 2.26 2.58 3.28 3.34 3.59 3.46 3.25 3.14 3.36 3.49 3.41 3.34 3.23 3.01 2.85 2.74 2.83 3.37 4.36 3.86 3.24 2.71 1.87
10.49 10.08 9.62 9.12 8.57 7.96 7.27 6.52 5.88 5.13 4.40 3.78 3.02 2.50 1.92 1.45 0.87 0.38 0.00 0.00 0.00 0.00 0.00 0.00 0.00 0.00 0.00 0.00 0.00 0.00 0.00 0.00 0.00 0.00 0.00 0.00 0.00 0.00 0.34 0.58 0.87 1.10 1.08 1.15 1.25 1.37 1.59 2.13 2.33 2.01 2.07 2.36 2.45 2.87 2.77 2.99 3.14 3.01 3.15 3.35 3.31 3.06 2.89 2.87 2.77 2.63 2.47 2.81 3.26 2.80 2.76 2.36 1.77
10.76 10.34 9.87 9.37 8.75 8.08 7.45 6.70 5.95 5.19 4.44 3.72 3.11 2.46 1.86 1.22 0.72 0.23 0.00 0.00 0.00 0.00 0.00 0.00 0.00 0.00 0.00 0.00 0.00 0.00 0.00 0.00 0.00 0.00 0.00 0.00 0.00 0.00 0.22 0.49 0.74 0.86 0.89 1.00 1.04 1.22 1.44 1.98 2.03 1.91 1.94 2.28 2.16 2.22 2.43 2.64 2.86 2.86 3.02 3.38 3.45 3.07 2.79 2.74 2.66 2.51 2.33 2.67 2.99 2.60 2.53 2.05 1.37
10.86 10.52 10.06 9.50 8.88 8.22 7.57 6.71 6.02 5.27 4.50 3.76 2.98 2.33 1.73 1.20 0.59 0.17 0.00 0.00 0.00 0.00 0.00 0.00 0.00 0.00 0.00 0.00 0.00 0.00 0.00 0.00 0.00 0.00 0.00 0.00 0.00 0.00 0.18 0.31 0.58 0.73 0.84 0.92 0.95 1.05 1.25 1.49 1.68 1.71 2.15 2.34 2.10 2.16 2.26 2.51 2.35 2.41 2.68 2.96 3.24 3.09 2.50 2.32 2.43 2.54 2.26 2.58 2.73 2.38 2.15 1.94 1.30
11.01 10.66 10.17 9.57 8.95 8.28 7.52 6.80 6.06 5.27 4.50 3.68 2.97 2.30 1.70 1.05 0.54 0.00 0.00 0.00 0.00 0.00 0.00 0.00 0.00 0.00 0.00 0.00 0.00 0.00 0.00 0.00 0.00 0.00 0.00 0.00 0.00 0.00 0.00 0.27 0.39 0.65 0.78 0.71 0.81 0.90 1.16 1.35 1.54 1.60 1.77 2.61 2.06 2.05 2.12 2.24 2.27 2.21 2.46 2.84 2.85 2.80 2.30 2.01 2.41 2.43 2.20 2.46 2.67 2.26 2.11 1.85 1.22
11.07 10.60 10.19 9.59 8.93 8.23 7.46 6.74 5.95 5.17 4.39 3.64 2.82 2.15 1.55 0.98 0.44 0.00 0.00 0.00 0.00 0.00 0.00 0.00 0.00 0.00 0.00 0.00 0.00 0.00 0.00 0.00 0.00 0.00 0.00 0.00 0.00 0.00 0.00 0.24 0.35 0.46 0.56 0.66 0.76 0.84 1.04 1.17 1.37 1.39 1.78 2.37 2.11 2.00 2.08 2.21 2.07 2.05 2.27 2.37 2.46 2.44 2.18 1.87 1.92 1.97 1.89 2.12 2.58 2.26 1.97 1.74 1.30
11.06 10.58 10.15 9.55 8.86 8.14 7.39 6.59 5.80 5.01 4.22 3.47 2.73 2.03 1.43 0.85 0.27 0.00 0.00 0.00 0.00 0.00 0.00 0.00 0.00 0.00 0.00 0.00 0.00 0.00 0.00 0.00 0.00 0.00 0.00 0.00 0.00 0.00 0.00 0.21 0.32 0.42 0.52 0.62 0.71 0.79 0.98 1.13 1.23 1.37 2.01 2.30 2.04 1.82 1.89 1.96 2.18 2.24 2.18 2.20 2.25 2.09 1.86 1.76 1.84 1.89 1.91 2.21 2.22 2.13 1.80 1.91 1.24
10.97 10.49 9.93 9.41 8.73 8.01 7.23 6.44 5.52 4.73 3.96 3.21 2.51 1.85 1.25 0.70 0.22 0.00 0.00 0.00 0.00 0.00 0.00 0.00 0.00 0.00 0.00 0.00 0.00 0.00 0.00 0.00 0.00 0.00 0.00 0.00 0.00 0.00 0.00 0.18 0.28 0.39 0.48 0.57 0.66 0.73 0.95 1.06 1.16 1.24 1.45 2.20 2.19 1.75 1.78 1.82 1.92 2.04 2.15 2.13 2.03 1.86 1.73 1.64 1.70 1.79 1.72 1.84 2.01 1.98 1.73 1.68 1.18
10.80 10.33 9.78 9.16 8.48 7.75 6.99 6.20 5.41 4.63 3.87 3.13 2.43 1.78 1.19 0.65 0.18 0.00 0.00 0.00 0.00 0.00 0.00 0.00 0.00 0.00 0.00 0.00 0.00 0.00 0.00 0.00 0.00 0.00 0.00 0.00 0.00 0.00 0.00 0.00 0.25 0.35 0.44 0.53 0.61 0.68 0.88 0.98 1.05 1.16 1.42 2.34 2.08 1.95 2.19 1.86 1.87 1.94 2.01 1.98 1.87 1.76 1.64 1.63 1.71 1.67 1.64 1.94 1.80 1.59 1.57 1.88 1.16
