dati/cumulata_oraria_prisma_2018052716.txt
ncols        251
nrows        249
xllcorner         436000.00000
yllcorner        4918000.00000
cellsize           1000.00000
NODATA_value          -9999.00000
[rows 96 to 127 of 249, columns 146 to 218 of 251]
28.66 22.98 19.81 16.55 14.53 13.70 13.30 13.99 15.13 15.64 15.00 15.09 15.66 15.23 15.40 15.51 14.97 16.06 17.32 12.57 12.20 11.39 11.00 10.79 11.01 10.92 9.84 9.93 9.69 9.44 10.72 12.02 13.30 11.91 15.32 16.07 15.43 14.80 13.74 14.61 11.89 9.34 8.30 7.46 7.22 7.20 7.30 7.41 7.36 7.54 8.99 7.04 4.73 3.91 3.58 3.35 3.08 2.86 -9999.00 -9999.00 -9999.00 -9999.00 -9999.00 -9999.00 -9999.00 -9999.00 -9999.00 -9999.00 -9999.00 -9999.00 -9999.00 -9999.00 -9999.00
28.70 23.49 19.62 17.63 15.54 14.81 14.22 14.91 15.45 16.41 16.40 14.96 14.02 14.59 17.12 16.77 16.24 17.07 18.48 15.14 13.83 13.23 12.48 11.85 12.24 11.91 10.44 10.43 10.45 10.59 10.94 14.15 14.23 13.64 15.68 16.83 15.18 13.32 12.22 12.01 10.31 8.88 7.96 7.42 7.36 7.69 8.37 8.43 9.45 10.25 13.34 11.84 8.16 4.76 3.64 3.39 3.09 2.94 -9999.00 -9999.00 -9999.00 -9999.00 -9999.00 -9999.00 -9999.00 -9999.00 -9999.00 -9999.00 -9999.00 -9999.00 -9999.00 -9999.00 -9999.00
41.49 33.92 26.01 17.67 15.36 14.93 14.93 15.61 16.52 17.63 17.49 16.01 14.80 16.17 16.93 16.81 16.79 15.59 17.99 16.04 14.72 14.12 13.48 13.02 13.23 12.70 12.55 11.54 11.08 12.39 12.15 13.22 13.03 13.05 16.21 16.67 15.05 12.85 12.37 11.87 10.57 8.73 7.68 7.64 8.29 9.56 10.22 9.02 10.19 14.49 13.47 10.79 7.69 4.26 3.71 3.39 3.10 -9999.00 -9999.00 -9999.00 -9999.00 -9999.00 -9999.00 -9999.00 -9999.00 -9999.00 -9999.00 -9999.00 -9999.00 -9999.00 -9999.00 -9999.00 -9999.00
27.18 34.33 25.97 22.35 20.93 18.30 16.64 16.45 17.95 18.32 17.63 16.96 16.47 17.33 17.86 17.45 17.60 16.79 15.98 15.70 16.18 14.81 14.43 14.19 13.75 13.40 13.24 12.62 12.10 13.12 12.89 12.79 12.66 13.51 12.68 11.44 11.23 10.40 13.22 12.80 9.98 8.70 7.77 7.49 7.18 10.59 10.70 11.41 9.36 11.36 18.40 10.65 6.55 4.72 3.74 3.44 3.09 -9999.00 -9999.00 -9999.00 -9999.00 -9999.00 -9999.00 -9999.00 -9999.00 -9999.00 -9999.00 -9999.00 -9999.00 -9999.00 -9999.00 -9999.00 -9999.00
24.68 21.25 18.96 19.02 19.96 17.04 17.67 18.44 19.83 21.89 18.90 17.67 17.11 18.24 18.96 18.59 18.05 17.35 17.02 16.77 17.06 15.68 15.11 14.03 13.38 13.28 13.91 13.56 12.76 12.15 13.39 13.14 12.50 13.56 13.06 11.10 10.80 10.74 9.96 10.04 9.16 8.97 8.93 7.58 7.17 6.80 12.21 12.78 9.93 14.10 17.95 11.97 9.91 5.86 3.89 3.45 -9999.00 -9999.00 -9999.00 -9999.00 -9999.00 -9999.00 -9999.00 -9999.00 -9999.00 -9999.00 -9999.00 -9999.00 -9999.00 -9999.00 -9999.00 -9999.00 -9999.00
18.42 20.02 18.86 19.06 17.03 16.61 17.38 19.31 21.57 23.67 24.71 22.26 20.39 20.43 19.76 19.80 19.02 18.47 17.26 17.10 16.67 16.05 15.96 14.79 14.63 13.39 13.28 12.86 13.14 12.42 13.69 12.75 12.33 12.52 13.10 10.55 10.87 9.88 10.38 10.41 10.35 9.01 9.04 8.32 8.46 7.68 11.94 11.19 11.64 13.39 17.26 14.61 8.60 5.22 3.86 -9999.00 -9999.00 -9999.00 -9999.00 -9999.00 -9999.00 -9999.00 -9999.00 -9999.00 -9999.00 -9999.00 -9999.00 -9999.00 -9999.00 -9999.00 -9999.00 -9999.00 -9999.00
18.61 17.51 17.88 16.91 16.22 17.29 17.74 17.89 18.61 19.94 20.91 23.27 21.25 21.38 24.18 25.15 25.80 19.25 18.54 18.13 17.33 16.26 15.84 14.92 14.17 15.00 13.75 13.78 12.61 11.93 12.06 12.37 13.23 13.14 13.02 12.28 11.34 10.16 8.71 9.06 10.16 8.74 9.04 8.63 8.47 7.34 6.17 8.63 7.93 7.38 6.97 7.26 7.87 5.14 3.71 -9999.00 -9999.00 -9999.00 -9999.00 -9999.00 -9999.00 -9999.00 -9999.00 -9999.00 -9999.00 -9999.00 -9999.00 -9999.00 -9999.00 -9999.00 -9999.00 -9999.00 -9999.00
25.61 17.68 15.95 15.78 16.33 16.48 17.55 18.89 19.97 19.63 19.12 18.63 18.67 25.21 26.62 28.36 27.59 26.66 24.73 22.38 17.92 17.20 16.20 15.14 14.89 14.41 13.85 13.17 12.54 12.53 12.32 12.17 13.14 13.10 13.65 11.50 9.86 8.91 9.20 8.84 8.91 8.35 8.66 8.85 7.40 6.03 7.95 7.06 7.20 7.12 7.04 5.74 4.32 3.81 -9999.00 -9999.00 -9999.00 -9999.00 -9999.00 -9999.00 -9999.00 -9999.00 -9999.00 -9999.00 -9999.00 -9999.00 -9999.00 -9999.00 -9999.00 -9999.00 -9999.00 -9999.00 -9999.00
16.96 16.01 15.27 16.10 16.43 16.54 16.88 17.15 17.20 20.31 19.54 19.32 19.47 20.58 22.67 23.74 27.46 25.70 24.31 21.79 21.18 20.86 20.10 15.49 15.09 14.68 14.42 13.77 13.42 14.30 12.69 13.10 13.46 11.75 12.49 11.24 9.34 8.75 8.42 8.55 8.54 8.12 8.65 8.75 7.83 7.01 6.10 6.54 6.31 6.49 6.67 5.54 4.21 3.68 -9999.00 -9999.00 -9999.00 -9999.00 -9999.00 -9999.00 -9999.00 -9999.00 -9999.00 -9999.00 -9999.00 -9999.00 -9999.00 -9999.00 -9999.00 -9999.00 -9999.00 -9999.00 -9999.00
20.53 14.86 15.81 15.97 16.04 15.95 17.59 17.44 17.63 17.91 18.41 18.31 22.27 21.56 23.09 23.91 21.96 20.77 20.44 22.01 21.23 21.02 20.36 19.63 18.47 17.71 18.47 14.38 14.53 13.91 14.19 13.34 13.10 12.45 11.88 10.54 8.57 7.82 7.26 6.94 6.84 9.07 8.54 8.65 7.84 6.31 6.07 5.35 4.67 4.30 4.17 3.79 3.65 -9999.00 -9999.00 -9999.00 -9999.00 -9999.00 -9999.00 -9999.00 -9999.00 -9999.00 -9999.00 -9999.00 -9999.00 -9999.00 -9999.00 -9999.00 -9999.00 -9999.00 -9999.00 -9999.00 -9999.00
19.38 16.95 17.40 16.93 15.88 16.39 17.36 16.96 17.41 18.32 19.70 19.31 19.11 19.85 20.66 21.91 22.55 21.75 20.36 18.83 18.62 18.33 17.94 19.74 18.52 17.84 16.48 17.34 14.65 13.83 13.57 11.08 10.82 10.57 9.85 8.94 9.06 7.65 7.21 6.83 6.89 7.33 6.98 7.62 7.81 6.09 5.84 5.09 4.36 4.13 4.05 3.63 -9999.00 -9999.00 -9999.00 -9999.00 -9999.00 -9999.00 -9999.00 -9999.00 -9999.00 -9999.00 -9999.00 -9999.00 -9999.00 -9999.00 -9999.00 -9999.00 -9999.00 -9999.00 -9999.00 -9999.00 -9999.00
16.41 16.57 17.27 17.52 17.06 18.95 17.42 17.14 18.18 18.76 20.29 21.67 19.74 20.01 21.08 21.43 20.74 19.15 18.10 19.14 18.92 18.66 17.92 17.59 16.89 15.57 16.09 16.59 16.59 16.51 13.45 11.69 10.78 10.44 9.60 8.29 7.50 7.06 6.98 6.66 7.13 7.38 8.33 7.17 7.10 6.02 5.56 5.25 4.97 3.98 3.82 3.53 -9999.00 -9999.00 -9999.00 -9999.00 -9999.00 -9999.00 -9999.00 -9999.00 -9999.00 -9999.00 -9999.00 -9999.00 -9999.00 -9999.00 -9999.00 -9999.00 -9999.00 -9999.00 -9999.00 -9999.00 -9999.00
16.61 15.95 16.35 16.76 17.16 18.47 18.78 19.36 19.38 18.81 20.62 21.86 19.87 20.08 20.46 21.55 20.79 19.03 18.79 18.73 18.43 18.37 17.84 17.52 16.75 15.39 14.34 13.33 15.79 15.05 14.75 13.72 12.28 12.08 9.15 7.93 7.17 6.68 6.68 6.37 6.26 7.76 8.29 7.79 6.70 5.71 5.18 4.92 4.95 4.26 3.36 -9999.00 -9999.00 -9999.00 -9999.00 -9999.00 -9999.00 -9999.00 -9999.00 -9999.00 -9999.00 -9999.00 -9999.00 -9999.00 -9999.00 -9999.00 -9999.00 -9999.00 -9999.00 -9999.00 -9999.00 -9999.00 -9999.00
12.46 15.40 15.51 15.62 15.87 16.70 18.43 18.76 19.16 21.24 24.89 26.27 21.13 20.01 20.04 20.70 20.02 19.84 21.01 20.13 18.46 18.77 18.47 17.24 16.74 15.37 14.21 13.17 13.24 14.64 13.24 12.68 11.84 11.04 10.08 8.94 8.87 6.65 6.43 6.73 6.81 7.85 7.44 8.79 9.17 8.37 5.42 4.88 4.81 4.07 -9999.00 -9999.00 -9999.00 -9999.00 -9999.00 -9999.00 -9999.00 -9999.00 -9999.00 -9999.00 -9999.00 -9999.00 -9999.00 -9999.00 -9999.00 -9999.00 -9999.00 -9999.00 -9999.00 -9999.00 -9999.00 -9999.00 -9999.00
11.97 12.34 12.81 13.88 15.74 16.50 18.11 17.79 18.72 21.72 23.65 24.04 22.36 21.11 20.29 19.32 20.68 20.55 20.82 20.12 20.20 19.00 18.57 16.90 15.89 15.31 14.36 15.47 12.36 11.22 9.88 9.44 11.32 10.64 9.70 8.40 8.82 8.79 8.44 12.72 11.24 9.48 6.84 8.67 9.09 7.35 5.21 5.16 5.51 6.37 -9999.00 -9999.00 -9999.00 -9999.00 -9999.00 -9999.00 -9999.00 -9999.00 -9999.00 -9999.00 -9999.00 -9999.00 -9999.00 -9999.00 -9999.00 -9999.00 -9999.00 -9999.00 -9999.00 -9999.00 -9999.00 -9999.00 -9999.00
10.66 12.02 12.34 12.88 13.81 14.72 17.60 17.24 18.41 20.52 21.64 22.18 21.19 20.50 19.88 19.78 22.62 22.71 21.35 20.06 20.28 17.94 16.56 15.73 15.82 15.84 13.98 12.89 11.51 10.64 9.53 8.99 8.07 7.41 6.99 6.15 8.93 8.71 8.30 11.59 10.41 9.83 8.69 10.26 9.67 6.20 4.65 5.35 6.05 -9999.00 -9999.00 -9999.00 -9999.00 -9999.00 -9999.00 -9999.00 -9999.00 -9999.00 -9999.00 -9999.00 -9999.00 -9999.00 -9999.00 -9999.00 -9999.00 -9999.00 -9999.00 -9999.00 -9999.00 -9999.00 -9999.00 -9999.00 -9999.00
10.37 10.83 11.56 12.37 13.52 14.41 15.08 15.58 16.13 20.66 20.41 19.68 19.05 18.89 19.18 19.54 22.74 22.64 21.35 20.42 19.78 16.74 16.03 15.22 15.07 13.24 12.66 12.10 10.32 9.39 8.56 8.38 7.63 6.93 6.48 5.71 5.37 5.51 5.04 7.47 8.66 9.89 9.50 11.69 12.03 8.38 5.92 5.92 -9999.00 -9999.00 -9999.00 -9999.00 -9999.00 -9999.00 -9999.00 -9999.00 -9999.00 -9999.00 -9999.00 -9999.00 -9999.00 -9999.00 -9999.00 -9999.00 -9999.00 -9999.00 -9999.00 -9999.00 -9999.00 -9999.00 -9999.00 -9999.00 -9999.00
9.47 10.51 11.25 11.90 12.74 13.40 14.45 14.95 15.75 16.51 16.76 18.42 18.35 18.25 18.14 18.76 20.75 20.79 19.28 19.45 18.62 17.72 16.59 14.91 14.03 12.50 11.65 10.02 9.53 8.64 7.88 7.20 6.81 6.57 5.89 5.13 4.84 4.95 4.62 4.38 4.67 4.04 7.74 11.64 11.08 6.87 5.62 -9999.00 -9999.00 -9999.00 -9999.00 -9999.00 -9999.00 -9999.00 -9999.00 -9999.00 -9999.00 -9999.00 -9999.00 -9999.00 -9999.00 -9999.00 -9999.00 -9999.00 -9999.00 -9999.00 -9999.00 -9999.00 -9999.00 -9999.00 -9999.00 -9999.00 -9999.00
9.02 9.73 10.39 11.55 12.25 12.87 13.50 14.05 15.28 15.86 15.92 15.91 16.23 16.19 17.84 18.24 17.93 18.44 17.29 17.90 17.25 16.52 15.38 14.18 13.91 12.03 10.65 9.30 8.50 7.66 7.29 6.49 6.16 5.60 4.80 4.34 3.90 3.86 4.32 4.08 3.99 3.32 2.98 2.53 2.61 4.60 4.42 -9999.00 -9999.00 -9999.00 -9999.00 -9999.00 -9999.00 -9999.00 -9999.00 -9999.00 -9999.00 -9999.00 -9999.00 -9999.00 -9999.00 -9999.00 -9999.00 -9999.00 -9999.00 -9999.00 -9999.00 -9999.00 -9999.00 -9999.00 -9999.00 -9999.00 -9999.00
0.00 9.35 9.90 10.56 11.45 12.05 12.86 13.45 13.96 14.40 14.74 15.30 15.33 15.53 15.52 15.51 17.03 16.90 16.17 15.51 15.48 15.29 14.33 13.03 12.46 11.04 10.42 9.38 7.88 6.92 6.32 5.72 5.11 4.97 4.17 3.85 3.44 3.04 3.51 3.10 3.26 2.49 2.27 1.97 1.89 1.65 -9999.00 -9999.00 -9999.00 -9999.00 -9999.00 -9999.00 -9999.00 -9999.00 -9999.00 -9999.00 -9999.00 -9999.00 -9999.00 -9999.00 -9999.00 -9999.00 -9999.00 -9999.00 -9999.00 -9999.00 -9999.00 -9999.00 -9999.00 -9999.00 -9999.00 -9999.00 -9999.00
0.00 0.00 0.00 10.04 10.73 11.43 12.12 12.65 13.28 13.69 14.07 14.14 14.34 14.76 14.79 14.72 14.49 14.55 15.45 14.68 14.31 13.94 12.79 11.98 11.45 10.48 9.25 8.29 7.01 6.24 5.67 5.09 4.48 3.94 3.48 3.16 2.97 2.69 2.51 2.01 1.75 1.47 1.36 1.66 1.26 1.22 -9999.00 -9999.00 -9999.00 -9999.00 -9999.00 -9999.00 -9999.00 -9999.00 -9999.00 -9999.00 -9999.00 -9999.00 -9999.00 -9999.00 -9999.00 -9999.00 -9999.00 -9999.00 -9999.00 -9999.00 -9999.00 -9999.00 -9999.00 -9999.00 -9999.00 -9999.00 -9999.00
0.00 0.00 0.00 0.00 9.82 10.83 11.45 11.87 12.47 12.87 13.27 13.32 13.40 13.63 13.62 13.95 13.50 13.19 13.10 12.38 12.20 13.35 11.66 11.85 10.90 9.62 9.59 7.99 6.87 6.50 5.88 4.50 3.90 3.38 2.97 2.55 2.62 2.20 2.00 1.43 1.20 1.07 0.85 0.73 0.59 0.59 -9999.00 -9999.00 -9999.00 -9999.00 -9999.00 -9999.00 -9999.00 -9999.00 -9999.00 -9999.00 -9999.00 -9999.00 -9999.00 -9999.00 -9999.00 -9999.00 -9999.00 -9999.00 -9999.00 -9999.00 -9999.00 -9999.00 -9999.00 -9999.00 -9999.00 -9999.00 -9999.00
0.00 0.00 0.00 0.00 9.20 9.81 10.31 11.33 11.83 12.02 12.22 12.40 12.56 12.77 12.73 12.39 12.17 12.10 12.06 11.40 11.13 10.53 9.99 10.83 10.01 9.01 8.37 7.48 6.29 6.10 5.02 4.54 3.84 3.45 2.51 2.06 1.72 1.62 1.37 1.07 0.73 0.68 0.49 0.34 0.24 0.22 -9999.00 -9999.00 -9999.00 -9999.00 -9999.00 -9999.00 -9999.00 -9999.00 -9999.00 -9999.00 -9999.00 -9999.00 -9999.00 -9999.00 -9999.00 -9999.00 -9999.00 -9999.00 -9999.00 -9999.00 -9999.00 -9999.00 -9999.00 -9999.00 -9999.00 -9999.00 -9999.00
0.00 0.00 0.00 0.00 0.00 9.12 9.62 10.10 10.50 10.81 11.36 11.56 11.67 11.62 11.62 11.51 11.32 11.18 11.00 10.40 10.58 9.62 9.05 8.44 7.79 8.00 7.79 7.07 6.73 6.36 4.45 3.90 3.33 2.73 2.31 1.89 1.61 1.13 0.88 0.61 0.35 0.22 0.00 0.00 0.00 0.00 -9999.00 -9999.00 -9999.00 -9999.00 -9999.00 -9999.00 -9999.00 -9999.00 -9999.00 -9999.00 -9999.00 -9999.00 -9999.00 -9999.00 -9999.00 -9999.00 -9999.00 -9999.00 -9999.00 -9999.00 -9999.00 -9999.00 -9999.00 -9999.00 -9999.00 -9999.00 -9999.00
0.00 0.00 0.00 0.00 0.00 0.00 8.81 9.40 9.70 9.97 10.19 10.32 10.68 10.69 10.65 10.39 10.25 10.30 9.75 9.24 8.81 8.35 8.29 7.61 7.12 7.15 6.54 6.20 6.12 5.86 4.92 3.92 2.93 2.23 1.76 1.49 1.00 0.65 0.52 0.20 0.00 0.00 0.00 0.00 0.00 0.00 -9999.00 -9999.00 -9999.00 -9999.00 -9999.00 -9999.00 -9999.00 -9999.00 -9999.00 -9999.00 -9999.00 -9999.00 -9999.00 -9999.00 -9999.00 -9999.00 -9999.00 -9999.00 -9999.00 -9999.00 -9999.00 -9999.00 -9999.00 -9999.00 -9999.00 -9999.00 -9999.00
0.00 0.00 0.00 0.00 0.00 0.00 8.11 8.53 8.81 9.16 9.34 9.48 9.52 9.49 9.69 9.50 9.28 9.00 8.71 8.37 8.05 7.49 7.06 6.59 6.24 6.74 5.74 5.39 5.89 5.23 4.10 3.32 2.96 2.31 1.93 1.09 0.64 0.36 0.00 0.00 0.00 0.00 0.00 0.00 0.00 0.00 -9999.00 -9999.00 -9999.00 -9999.00 -9999.00 -9999.00 -9999.00 -9999.00 -9999.00 -9999.00 -9999.00 -9999.00 -9999.00 -9999.00 -9999.00 -9999.00 -9999.00 -9999.00 -9999.00 -9999.00 -9999.00 -9999.00 -9999.00 -9999.00 -9999.00 -9999.00 -9999.00
0.00 0.00 0.00 0.00 0.00 7.03 7.52 7.75 8.04 8.24 8.39 8.62 8.63 8.62 8.55 8.42 8.44 8.16 7.85 7.49 7.08 6.80 6.32 5.85 5.35 4.99 4.63 4.83 4.44 4.34 3.34 2.80 2.46 1.91 1.29 0.85 0.50 0.00 0.00 0.00 0.00 0.00 0.00 0.00 0.00 0.00 0.00 -9999.00 -9999.00 -9999.00 -9999.00 -9999.00 -9999.00 -9999.00 -9999.00 -9999.00 -9999.00 -9999.00 -9999.00 -9999.00 -9999.00 -9999.00 -9999.00 -9999.00 -9999.00 -9999.00 -9999.00 -9999.00 -9999.00 -9999.00 -9999.00 -9999.00 -9999.00
0.00 0.00 0.00 0.00 6.04 6.40 6.81 7.00 7.29 7.44 7.61 7.69 7.70 7.78 7.69 7.56 7.40 7.12 7.10 6.60 6.30 5.82 5.43 4.96 4.69 4.37 4.04 3.51 4.20 3.35 2.73 2.31 1.54 1.63 0.92 0.46 0.21 0.00 0.00 0.00 0.00 0.00 0.00 0.00 0.00 0.00 0.00 -9999.00 -9999.00 -9999.00 -9999.00 -9999.00 -9999.00 -9999.00 -9999.00 -9999.00 -9999.00 -9999.00 -9999.00 -9999.00 -9999.00 -9999.00 -9999.00 -9999.00 -9999.00 -9999.00 -9999.00 -9999.00 -9999.00 -9999.00 -9999.00 -9999.00 -9999.00
0.00 0.00 0.00 0.00 0.00 0.00 6.15 6.25 6.52 6.77 6.86 6.88 6.86 6.83 6.77 6.78 6.60 6.35 6.07 0.00 5.54 5.11 4.71 4.32 3.88 3.49 3.49 2.91 2.49 3.12 2.14 1.58 1.12 0.64 0.43 0.17 0.00 0.00 0.00 0.00 0.00 0.00 0.00 0.00 0.00 0.00 0.00 -9999.00 -9999.00 -9999.00 -9999.00 -9999.00 -9999.00 -9999.00 -9999.00 -9999.00 -9999.00 -9999.00 -9999.00 -9999.00 -9999.00 -9999.00 -9999.00 -9999.00 -9999.00 -9999.00 -9999.00 -9999.00 -9999.00 -9999.00 -9999.00 -9999.00 -9999.00
0.00 0.00 0.00 0.00 0.00 0.00 0.00 0.00 5.82 6.00 6.10 6.17 6.12 6.06 5.98 5.87 0.00 5.61 5.33 0.00 0.00 0.00 4.09 3.72 3.33 2.94 2.64 2.22 1.93 1.46 1.07 0.71 0.73 0.35 0.18 0.00 0.00 0.00 0.00 0.00 0.00 0.00 0.00 0.00 0.00 0.00 0.00 -9999.00 -9999.00 -9999.00 -9999.00 -9999.00 -9999.00 -9999.00 -9999.00 -9999.00 -9999.00 -9999.00 -9999.00 -9999.00 -9999.00 -9999.00 -9999.00 -9999.00 -9999.00 -9999.00 -9999.00 -9999.00 -9999.00 -9999.00 -9999.00 -9999.00 -9999.00
0.00 0.00 0.00 0.00 0.00 0.00 0.00 0.00 0.00 0.00 5.38 5.38 5.35 0.00 0.00 0.00 0.00 0.00 0.00 0.00 0.00 0.00 0.00 0.00 0.00 2.54 2.19 1.80 1.47 1.10 0.74 0.44 0.17 0.00 0.00 0.00 0.00 0.00 0.00 0.00 0.00 0.00 0.00 0.00 0.00 0.00 0.00 -9999.00 -9999.00 -9999.00 -9999.00 -9999.00 -9999.00 -9999.00 -9999.00 -9999.00 -9999.00 -9999.00 -9999.00 -9999.00 -9999.00 -9999.00 -9999.00 -9999.00 -9999.00 -9999.00 -9999.00 -9999.00 -9999.00 -9999.00 -9999.00 -9999.00 -9999.00
0.00 0.00 0.00 0.00 0.00 0.00 0.00 0.00 0.00 0.00 0.00 0.00 0.00 0.00 0.00 0.00 0.00 0.00 0.00 0.00 0.00 0.00 0.00 0.00 0.00 0.00 0.00 1.25 0.93 0.63 0.46 0.29 0.00 0.00 0.00 0.00 0.00 0.00 0.00 0.00 0.00 0.00 0.00 0.00 0.00 0.00 0.00 -9999.00 -9999.00 -9999.00 -9999.00 -9999.00 -9999.00 -9999.00 -9999.00 -9999.00 -9999.00 -9999.00 -9999.00 -9999.00 -9999.00 -9999.00 -9999.00 -9999.00 -9999.00 -9999.00 -9999.00 -9999.00 -9999.00 -9999.00 -9999.00 -9999.00 -9999.00
