dati/cumulata_oraria_prisma_2018052805.txt
ncols        251
nrows        249
xllcorner         436000.00000
yllcorner        4918000.00000
cellsize           1000.00000
NODATA_value          -9999.00000
[rows 64 to 95 of 249, columns 73 to 145 of 251]
4.51 3.67 3.15 2.96 3.00 3.25 3.03 2.95 2.68 2.37 2.78 2.55 2.62 2.66 2.81 3.15 3.33 3.57 3.94 4.56 4.87 4.79 5.01 4.62 4.22 4.88 4.79 4.74 4.81 4.86 4.90 5.41 5.29 5.35 5.04 4.82 4.83 4.91 5.10 4.96 4.62 4.24 3.80 3.40 3.30 3.42 4.31 4.24 3.36 2.90 2.62 2.40 2.24 2.16 1.97 1.68 1.52 1.57 1.68 1.54 1.29 1.25 1.38 1.61 1.82 2.11 2.54 2.61 3.03 3.39 2.71 2.34 2.23
3.62 4.11 3.12 2.63 2.86 2.82 2.74 2.60 2.36 2.10 2.34 2.54 2.59 2.67 2.86 3.06 3.37 3.69 3.90 4.37 4.95 5.09 5.50 4.88 4.37 4.92 4.76 4.57 4.48 4.46 5.01 5.55 5.70 5.60 5.42 5.26 5.22 5.40 5.41 5.41 5.10 4.54 4.06 3.79 3.56 3.60 4.41 4.44 3.74 3.18 2.75 2.67 2.52 2.30 2.29 1.94 1.69 1.76 1.77 1.64 1.37 1.27 1.36 1.62 1.75 2.07 2.43 2.74 3.68 4.49 3.09 2.69 2.37
3.52 3.28 2.62 2.48 2.56 2.48 2.77 2.57 2.39 2.04 2.40 2.52 2.61 2.70 2.93 3.22 3.51 3.77 3.83 4.49 5.16 5.40 5.62 5.38 4.84 5.37 5.53 4.75 4.57 4.38 5.11 5.83 6.08 5.81 5.77 5.49 5.59 5.62 5.73 5.53 5.38 4.92 4.47 4.06 3.84 3.80 4.34 4.39 3.70 3.33 2.89 2.74 2.49 2.40 2.54 2.28 1.84 1.85 1.87 1.79 1.49 1.29 1.37 1.57 1.67 1.86 2.29 2.44 4.36 4.71 3.06 2.74 2.30
3.44 3.18 2.55 2.66 2.58 2.43 2.67 2.63 2.45 2.20 2.54 2.58 2.71 2.78 2.97 3.34 3.52 3.32 3.65 4.36 4.93 5.27 5.59 5.57 5.16 5.38 5.33 4.89 4.84 4.78 5.08 5.77 6.06 6.06 5.90 5.99 5.95 5.81 5.88 5.63 5.48 5.51 4.85 4.44 4.15 4.05 4.26 4.24 3.85 3.50 3.01 2.89 2.59 2.58 2.58 2.47 1.99 1.87 2.05 1.99 1.76 1.57 1.35 1.47 1.59 1.67 2.04 2.48 2.62 3.01 3.24 3.14 2.69
3.28 2.95 2.63 2.47 2.48 2.39 2.61 2.64 2.53 2.22 2.51 2.65 2.72 2.69 3.01 3.30 3.33 3.29 3.83 4.22 4.61 5.18 5.40 5.54 5.32 5.12 5.44 4.83 4.89 4.70 5.04 5.77 6.10 6.29 6.32 6.51 6.38 6.27 6.09 5.87 5.71 5.65 5.11 4.73 4.44 4.17 4.23 4.09 3.79 3.65 3.16 2.95 2.60 2.68 2.78 2.71 2.17 1.98 2.04 2.12 1.88 1.72 1.35 1.44 1.48 1.60 1.88 2.36 2.62 2.78 2.96 3.22 2.85
2.94 2.89 2.53 2.32 2.29 2.23 2.50 2.38 2.40 2.27 2.65 2.56 2.51 2.64 2.89 3.15 3.32 3.61 3.84 4.11 4.48 4.67 4.91 5.32 5.26 5.13 5.51 5.48 5.04 5.04 5.08 5.79 6.08 6.70 6.56 6.78 7.26 6.96 6.46 6.26 6.06 5.77 5.46 5.12 4.79 4.54 4.57 4.21 3.92 3.85 3.36 3.01 2.67 2.63 2.74 2.77 2.25 1.92 1.91 2.29 2.28 1.85 1.43 1.45 1.47 1.53 1.76 2.05 2.66 2.53 2.58 2.95 2.91
2.75 2.91 2.28 2.13 2.12 2.20 2.34 2.15 2.29 2.41 2.72 2.63 2.46 2.61 2.92 3.03 3.38 3.65 3.89 4.07 4.25 4.10 4.16 4.86 5.24 4.92 5.45 5.64 6.09 5.81 5.30 5.85 6.73 7.37 6.89 7.20 7.70 7.61 7.08 6.74 6.36 6.13 5.83 5.67 5.23 4.99 4.89 4.48 4.01 3.80 3.52 3.22 2.83 2.69 2.65 2.69 2.32 2.06 2.04 2.09 1.99 1.69 1.58 1.57 1.54 1.49 1.59 1.81 2.53 2.63 2.43 2.76 2.93
2.78 3.03 2.30 1.90 1.96 1.95 2.16 2.16 2.40 2.46 2.80 2.59 2.46 2.67 2.91 3.14 3.63 3.73 3.79 3.97 4.15 4.13 4.01 4.31 5.03 5.12 5.48 5.84 6.30 6.81 5.49 6.35 6.84 7.45 7.26 7.83 8.01 7.63 7.53 7.16 6.57 6.39 5.95 5.74 5.52 5.33 5.18 4.69 4.18 3.82 3.57 3.33 3.01 2.79 2.70 2.79 2.33 2.21 2.17 2.23 1.99 1.72 1.63 1.58 1.57 1.47 1.58 1.78 2.48 2.56 2.50 2.57 2.92
2.70 3.01 1.82 1.91 1.80 1.80 2.07 2.05 2.27 2.70 2.81 2.69 2.63 2.82 2.97 3.30 3.51 3.85 3.89 4.12 4.31 4.49 4.19 4.12 4.91 5.04 5.59 5.93 6.01 6.69 5.98 6.64 7.06 7.34 7.53 8.02 8.38 8.21 8.09 7.76 7.16 6.88 6.59 5.99 5.77 5.59 5.65 5.06 4.39 4.00 3.69 3.51 3.23 2.98 2.87 2.83 2.62 2.55 2.56 2.41 2.28 1.83 1.60 1.60 1.73 1.66 1.57 1.56 2.05 2.55 2.46 2.24 2.68
2.67 2.99 1.96 1.65 1.71 1.68 1.84 1.96 2.19 2.71 2.99 2.66 2.55 2.82 3.00 3.27 3.48 3.85 4.11 4.23 4.43 4.74 4.87 4.95 4.97 5.18 5.80 5.94 5.62 6.54 6.64 7.58 8.13 7.81 7.74 8.18 8.90 8.92 8.83 8.96 7.93 7.34 7.26 6.76 6.10 5.93 6.30 5.80 4.96 4.51 4.08 3.71 3.42 3.17 3.01 2.93 2.73 2.75 2.82 2.54 2.19 1.80 1.55 1.59 1.62 1.63 1.54 1.46 1.65 2.11 2.24 1.87 2.15
2.66 2.54 1.76 1.58 1.61 1.63 1.83 1.98 2.30 2.68 2.89 2.69 2.64 2.80 3.12 3.28 3.49 3.73 4.04 4.30 4.50 4.60 4.79 5.02 5.19 5.80 5.94 6.09 5.56 6.38 7.20 8.18 8.98 8.21 7.91 8.07 8.56 9.10 9.30 9.37 8.60 7.88 7.58 7.18 6.79 6.52 6.72 6.65 5.70 5.01 4.42 4.07 3.79 3.49 3.34 3.18 3.05 3.25 3.23 3.00 2.61 1.93 1.68 1.73 1.72 1.67 1.55 1.40 1.55 1.87 2.00 1.70 1.60
2.83 2.63 1.68 1.56 1.51 1.55 1.71 1.85 2.19 2.87 2.94 2.75 2.99 3.03 3.17 3.38 3.46 3.72 3.91 4.26 4.50 4.60 4.72 5.00 5.24 5.89 6.12 6.28 6.36 7.20 8.10 9.10 9.78 9.06 8.78 8.45 8.74 9.62 10.06 10.43 9.76 8.80 7.93 7.34 7.50 7.18 7.10 6.87 6.22 5.48 4.91 4.40 4.09 3.82 3.83 3.62 3.41 3.65 3.79 3.59 2.99 2.23 1.82 1.85 1.73 1.68 1.49 1.36 1.39 1.49 1.59 1.44 1.39
2.68 2.32 1.72 1.55 1.46 1.59 1.72 1.79 2.17 2.67 3.09 2.97 2.99 3.14 3.41 3.58 3.75 3.61 3.62 4.31 4.62 4.60 4.64 4.97 5.35 5.89 6.09 6.39 7.34 8.20 8.53 9.45 10.32 10.06 9.85 8.99 9.30 10.26 11.13 11.57 11.04 9.93 9.17 8.02 8.04 8.17 8.23 7.91 7.14 6.17 5.29 4.79 4.79 4.32 4.23 4.16 3.92 4.20 5.34 5.10 4.04 2.68 2.19 1.95 1.82 1.66 1.49 1.38 1.34 1.44 1.61 1.47 1.39
2.43 2.66 1.91 1.55 1.44 1.59 1.89 2.03 2.21 3.20 3.30 2.98 3.03 3.22 3.63 3.89 4.19 3.37 3.57 4.00 3.78 4.25 4.66 5.10 5.32 5.91 6.02 6.10 7.06 8.20 7.86 9.27 10.43 10.23 10.50 9.42 9.52 10.24 11.46 11.77 11.83 11.15 9.29 8.73 8.74 9.73 9.71 9.34 7.77 6.42 6.11 5.25 5.01 4.73 4.54 4.48 4.37 4.32 5.21 5.30 4.31 3.13 2.49 2.14 2.03 1.80 1.61 1.46 1.36 1.34 1.37 1.31 1.23
2.46 2.51 1.94 1.57 1.47 1.68 2.04 2.09 2.22 2.97 3.38 3.31 3.25 3.24 3.42 4.23 4.41 4.12 4.30 3.70 3.41 4.47 4.76 5.11 5.23 5.93 6.22 6.15 6.97 7.65 8.16 9.76 10.40 10.24 10.44 9.62 9.16 9.60 10.85 11.32 11.76 11.71 9.94 9.22 9.08 9.63 10.18 9.99 8.78 7.93 7.02 5.98 5.47 5.20 5.03 4.92 4.94 4.77 5.23 5.74 4.54 3.73 2.97 2.45 2.16 1.87 1.70 1.53 1.37 1.22 1.27 1.20 1.05
2.34 2.45 2.06 1.67 1.48 1.61 2.04 2.27 2.49 3.22 3.64 3.51 3.39 3.44 3.50 4.59 5.33 4.73 4.63 4.22 3.40 4.11 4.53 4.87 5.24 5.57 5.91 6.31 6.83 7.32 8.82 9.80 10.39 10.63 10.24 10.03 9.46 9.63 10.71 10.90 11.39 11.76 10.75 9.77 9.12 9.78 9.64 9.40 8.84 8.36 7.85 6.42 5.95 5.71 5.55 5.41 5.39 4.92 5.11 5.42 5.31 4.65 3.30 2.78 2.36 2.15 1.95 1.76 1.57 1.40 1.24 1.26 1.09
2.31 2.68 2.15 1.78 1.52 1.61 2.00 2.36 2.88 3.38 3.86 3.85 3.81 3.41 3.90 5.30 5.87 4.90 4.61 3.74 3.53 4.00 4.51 4.70 4.80 5.25 5.58 6.06 6.64 7.01 8.22 9.13 9.30 10.16 10.06 9.95 9.55 9.60 10.77 11.09 11.86 11.93 10.97 9.51 9.05 9.80 9.65 9.34 8.82 8.39 8.15 7.54 6.45 6.50 5.96 5.79 5.91 5.56 4.83 5.38 5.73 5.12 3.70 3.16 2.75 2.46 2.23 2.02 1.81 1.61 1.42 1.24 1.07
2.31 2.76 2.43 2.07 1.63 1.78 2.21 2.61 3.03 3.48 4.24 4.47 4.08 4.16 4.92 5.94 6.46 5.65 5.01 4.63 3.53 4.13 4.46 4.65 4.79 5.01 5.34 5.72 6.31 6.85 7.53 8.43 8.87 9.45 9.84 9.66 9.94 9.58 10.18 11.24 11.72 11.95 11.32 9.98 9.84 10.20 9.89 9.17 8.70 8.95 8.33 7.62 6.90 7.36 7.10 6.13 6.13 5.92 5.23 5.03 5.86 5.45 4.21 3.60 3.19 2.91 2.55 2.30 2.07 1.84 1.62 1.42 1.22
2.35 2.46 2.46 2.08 1.66 1.84 2.16 2.57 3.18 3.88 4.20 5.01 4.95 4.56 5.08 5.61 7.10 6.13 5.36 3.88 3.68 4.53 4.66 4.96 4.92 4.93 5.34 5.72 6.39 6.71 7.09 7.98 8.31 8.93 9.35 10.31 10.80 9.33 9.78 10.27 10.74 11.46 11.48 10.04 9.70 10.50 10.28 9.58 9.12 9.31 9.03 8.44 7.58 7.68 7.37 6.67 6.45 6.20 5.56 5.27 5.31 4.99 4.40 3.97 3.61 3.31 2.99 2.61 2.35 2.09 1.85 1.62 1.40
2.36 2.23 2.40 2.18 1.70 1.98 2.71 3.10 3.26 3.56 3.83 4.93 5.55 5.11 4.83 5.76 7.26 6.27 6.01 5.58 5.41 3.99 5.32 5.56 4.83 5.44 5.45 5.68 6.33 7.23 7.49 8.09 8.61 8.51 8.53 9.65 11.18 10.47 9.26 9.58 10.14 11.06 10.48 9.64 10.84 10.69 10.56 9.99 9.28 9.28 9.15 9.10 8.05 7.82 7.86 7.31 6.75 6.42 6.06 5.58 5.51 5.24 4.76 4.35 4.02 3.72 3.40 2.93 2.64 2.36 2.09 1.84 1.59
2.77 2.29 2.26 2.10 1.84 1.82 2.19 2.40 2.81 3.13 2.84 4.35 5.29 5.07 4.95 6.35 7.57 7.22 6.75 6.01 4.94 4.58 5.89 6.40 5.02 5.82 5.84 5.57 6.00 6.92 7.52 8.05 8.42 8.38 8.27 9.15 10.50 10.05 8.97 9.13 9.78 10.19 10.58 10.13 11.34 11.04 10.70 10.75 10.01 9.75 9.57 9.28 8.78 8.22 8.68 8.42 7.63 6.81 6.59 6.23 5.96 5.74 5.20 4.75 4.45 4.19 3.89 3.43 2.95 2.64 2.35 2.06 1.79
3.13 2.31 2.07 1.96 2.04 1.55 1.70 1.86 2.37 2.48 2.31 3.15 3.56 3.84 4.60 5.98 8.19 8.07 6.95 6.85 4.68 4.59 5.92 7.48 5.31 6.30 6.26 5.74 5.97 6.69 7.56 7.75 7.98 7.93 7.91 7.82 9.63 9.29 8.49 9.23 10.06 10.07 10.46 10.11 10.74 11.76 11.53 11.06 11.04 10.44 10.02 9.84 9.35 8.66 8.95 8.76 8.05 7.39 6.96 6.63 6.42 6.19 5.81 5.23 4.92 4.60 4.22 3.80 3.35 2.92 2.60 2.30 2.00
2.96 2.40 1.98 2.00 2.28 1.94 1.46 1.60 2.10 2.39 2.30 2.22 2.44 2.72 3.60 6.57 9.11 8.19 7.38 7.18 5.53 5.26 7.74 7.94 5.68 6.75 6.51 6.21 6.52 6.84 7.45 7.20 7.74 7.49 7.23 7.13 7.97 7.80 7.88 8.76 10.31 10.22 10.60 10.65 10.79 11.07 10.94 10.81 10.95 11.40 11.51 11.28 10.49 9.56 9.49 9.50 8.73 7.68 7.33 7.24 6.97 6.65 6.35 5.75 5.41 5.17 4.83 4.38 3.85 3.19 2.85 2.52 2.21
2.95 2.46 1.95 1.96 2.01 1.70 1.39 1.72 2.04 2.16 2.14 1.92 1.78 1.84 3.64 6.31 7.85 6.74 6.79 7.28 5.64 5.40 8.28 7.88 5.70 6.36 6.60 6.25 6.81 7.00 7.27 7.41 8.31 7.70 6.94 6.95 6.80 6.68 7.20 8.66 9.94 10.48 10.84 11.77 11.31 11.16 11.33 11.32 11.21 11.90 11.85 12.36 11.18 10.41 10.06 10.04 9.84 8.68 7.86 7.64 7.34 7.11 6.99 6.61 6.07 5.85 5.38 4.82 4.07 3.45 3.09 2.74 2.41
2.82 2.27 2.04 1.78 1.81 1.73 1.63 1.48 1.54 1.83 1.56 1.33 1.12 1.57 2.95 5.45 5.92 5.36 5.62 7.30 5.61 5.83 9.80 9.77 5.57 6.20 5.27 5.84 6.88 7.31 6.95 6.91 7.72 7.26 6.90 6.92 6.13 6.28 6.89 8.28 9.34 9.91 11.11 13.14 11.46 11.17 11.12 10.98 11.96 12.97 12.29 13.70 12.11 11.18 11.35 12.06 10.71 9.40 8.20 7.92 8.16 8.26 8.18 7.52 6.81 6.14 5.82 5.25 4.40 3.86 3.30 2.94 2.59
2.62 2.31 2.08 1.74 1.54 1.70 1.54 1.30 1.32 1.17 1.18 0.97 1.03 1.32 2.15 4.52 3.63 3.83 5.37 7.04 5.38 6.27 10.20 9.84 5.26 6.06 4.98 6.24 7.02 7.19 6.90 6.42 7.02 6.89 6.91 6.65 6.61 6.06 7.00 8.48 9.56 9.45 10.19 12.71 12.55 11.32 11.22 10.58 11.58 13.59 12.82 15.16 13.06 12.22 11.50 11.68 11.27 10.49 9.87 8.83 8.64 9.01 8.51 8.24 7.63 7.60 6.89 6.08 5.05 4.03 3.49 3.11 2.75
2.50 2.46 2.06 1.80 1.52 1.57 1.52 1.42 1.12 0.80 0.75 0.71 0.76 0.79 1.38 3.02 1.89 2.65 3.99 4.72 4.46 5.24 10.10 7.73 4.52 4.70 5.13 6.33 8.18 7.18 6.67 6.42 6.11 6.17 6.30 6.59 6.04 5.81 6.58 8.42 9.25 9.23 9.62 12.16 12.90 12.22 12.08 10.19 10.92 14.63 15.64 15.80 15.21 13.85 12.57 11.80 11.50 12.02 10.80 9.64 9.45 10.23 10.73 10.65 9.84 8.73 8.00 6.26 5.65 5.02 4.01 3.26 2.88
2.37 2.26 2.11 1.80 1.55 1.44 1.50 1.45 1.01 0.72 0.62 0.57 0.54 0.57 1.15 1.81 1.51 1.81 2.22 2.88 3.49 4.30 7.38 5.41 3.60 3.91 4.62 7.05 9.43 8.14 7.78 6.39 5.44 5.40 5.69 5.86 5.30 5.34 5.93 6.80 8.39 8.29 9.35 11.77 14.71 13.67 11.39 9.44 9.75 10.85 13.62 13.37 16.32 15.81 14.17 13.36 12.52 12.79 11.46 9.88 8.90 9.58 10.96 11.27 9.61 10.26 10.60 8.91 7.90 5.80 4.28 3.45 2.98
2.00 1.78 1.98 1.60 1.42 1.32 1.28 1.18 0.96 0.67 0.50 0.44 0.40 0.49 0.81 1.32 1.09 1.34 1.57 1.99 2.03 3.13 4.81 3.99 3.09 3.41 4.32 6.86 9.00 9.60 9.78 6.67 5.33 5.86 5.25 4.56 4.65 4.92 5.15 6.33 7.20 7.52 8.19 10.23 13.81 14.82 12.81 9.90 9.52 10.32 12.31 11.77 17.89 19.40 16.35 14.67 13.66 13.76 13.38 10.66 8.99 9.55 11.43 12.42 11.38 10.72 11.64 11.05 8.10 6.30 4.69 3.89 3.72
1.96 1.65 1.55 1.44 1.35 1.26 1.27 1.18 0.88 0.70 0.52 0.45 0.41 0.38 0.67 1.03 0.87 1.02 1.13 1.36 1.50 2.20 3.02 3.12 2.96 2.93 3.22 5.63 7.60 10.53 11.81 7.31 6.22 6.98 5.05 4.30 4.20 4.34 4.59 5.44 6.30 6.95 7.61 8.38 11.74 14.27 13.30 10.68 9.91 10.12 11.42 11.86 13.10 15.72 15.95 17.99 16.88 16.83 13.87 11.36 8.84 9.72 11.99 12.28 12.32 11.88 13.10 12.45 9.47 7.89 6.59 4.68 3.76
1.86 1.65 1.50 1.37 1.33 1.26 1.31 1.20 0.98 0.78 0.53 0.46 0.42 0.39 0.58 0.77 0.71 0.75 0.85 1.06 1.25 1.84 2.13 2.42 2.63 2.67 3.22 5.23 7.63 12.12 13.52 7.99 7.94 7.16 5.44 3.99 3.93 3.85 3.97 4.74 5.26 6.00 6.17 7.65 10.03 12.30 12.88 11.59 10.49 9.81 9.21 10.19 12.54 13.71 15.46 17.95 18.02 16.45 15.48 12.93 9.81 8.97 11.10 12.13 13.20 13.08 14.54 17.60 12.80 7.53 5.94 5.54 4.83
1.89 1.61 1.40 1.30 1.31 1.29 1.34 1.41 1.13 0.85 0.66 0.48 0.43 0.40 0.61 0.70 0.63 0.67 0.74 0.93 1.08 1.52 1.73 1.95 2.25 2.34 3.35 4.44 8.45 13.02 14.83 11.48 9.44 6.28 4.43 3.53 3.49 3.45 3.57 3.93 4.11 4.39 5.36 6.18 7.97 10.23 11.36 12.43 11.32 10.19 8.53 8.71 11.72 12.43 13.62 18.21 18.24 16.77 16.22 14.70 11.14 8.69 10.20 11.36 12.81 13.37 15.85 17.30 13.06 9.93 7.93 6.82 5.21
