dati/cumulata_oraria_prisma_2018052822.txt
ncols        251
nrows        249
xllcorner         436000.00000
yllcorner        4918000.00000
cellsize           1000.00000
NODATA_value          -9999.00000
[rows 128 to 159 of 249, columns 73 to 145 of 251]
2.68 3.00 3.22 3.41 3.82 4.35 5.05 5.68 5.66 4.88 4.18 4.14 4.03 3.85 3.51 3.37 3.19 3.02 2.97 2.91 2.96 3.06 3.14 3.22 3.17 2.91 2.86 2.70 2.66 2.61 2.57 2.58 2.53 2.47 2.49 2.43 2.36 2.22 2.05 1.96 1.79 1.62 1.48 1.29 1.22 1.26 1.15 0.98 0.82 0.83 0.72 0.64 0.32 0.32 0.32 0.36 0.50 0.93 1.25 1.56 1.46 1.68 1.49 1.01 1.16 1.27 1.48 2.49 2.51 2.59 8.71 9.12 9.90
2.52 2.90 3.14 3.37 3.44 3.76 4.62 5.64 6.14 5.38 4.68 4.26 4.32 4.16 3.78 3.61 3.32 3.16 3.05 2.99 3.00 3.02 3.14 3.20 3.16 3.16 3.04 2.92 2.78 2.73 2.69 2.66 2.61 2.59 2.59 2.49 2.44 2.23 2.19 1.99 1.79 1.65 1.48 1.33 1.39 1.39 1.21 1.09 1.03 0.65 0.74 0.64 0.53 0.22 0.17 0.33 0.45 0.62 0.99 1.74 1.82 1.57 1.34 1.42 1.76 1.31 1.44 1.53 2.36 2.73 3.28 3.36 9.82
2.40 2.75 3.13 3.18 3.43 3.84 4.65 5.37 5.73 5.82 5.17 4.44 4.46 4.25 4.08 3.68 3.39 3.29 3.22 3.13 3.07 3.11 3.15 3.22 3.26 3.29 3.20 3.11 3.00 2.89 2.84 2.81 2.75 2.78 2.81 2.67 2.40 2.36 2.21 2.03 1.82 1.71 1.61 1.41 1.31 1.47 1.41 1.19 0.89 0.88 0.76 0.85 0.49 0.44 0.00 0.18 0.30 0.61 0.80 1.02 1.44 1.69 2.09 1.45 1.62 1.56 1.35 1.44 1.62 1.83 3.16 3.34 3.73
2.10 2.53 2.91 3.28 3.51 3.84 4.25 4.60 5.37 5.98 5.40 5.07 4.44 4.39 4.21 3.80 3.50 3.45 3.37 3.22 3.25 3.21 3.27 3.32 3.40 3.42 3.34 3.30 3.20 3.08 3.03 2.97 2.90 2.96 3.02 2.80 2.69 2.44 2.40 2.17 2.05 1.75 1.66 1.52 1.36 1.45 1.37 1.35 1.12 0.93 0.91 0.77 0.69 0.26 0.31 0.25 0.29 0.41 0.86 0.97 1.26 1.95 2.29 2.18 1.61 1.42 1.52 1.71 1.65 1.74 1.82 3.26 4.27
1.98 2.35 2.79 3.27 3.51 3.73 3.84 4.07 4.54 5.10 5.76 5.39 4.43 4.48 4.44 4.00 3.82 3.58 3.52 3.47 3.46 3.42 3.42 3.53 3.57 3.58 3.55 3.57 3.42 3.33 3.21 3.22 3.20 3.10 3.20 3.12 2.84 2.75 2.60 2.30 2.06 1.84 1.76 1.70 1.54 1.46 1.38 1.29 1.31 1.15 0.73 0.72 0.57 0.62 0.22 0.23 0.28 0.36 0.52 0.78 1.23 1.47 1.96 1.79 1.96 2.16 1.58 1.69 1.81 1.67 1.66 1.78 1.99
1.83 2.06 2.59 2.99 3.25 3.57 3.76 3.88 4.00 4.19 4.97 5.27 5.07 4.87 4.39 4.25 4.07 3.73 3.77 3.79 3.77 3.77 3.62 3.71 3.76 3.81 3.83 3.86 3.81 3.59 3.55 3.44 3.35 3.45 3.39 3.27 3.18 2.94 2.84 2.44 2.37 2.06 1.94 1.70 1.78 1.70 1.57 1.55 1.42 1.25 1.03 0.71 0.52 0.50 0.52 0.22 0.26 0.36 0.52 0.68 0.84 1.58 1.68 1.68 2.03 1.94 1.69 1.70 1.82 1.92 2.10 1.74 1.96
1.60 1.96 2.29 2.68 3.07 3.28 3.67 3.64 3.66 3.64 4.18 4.98 5.58 5.06 4.86 4.86 4.46 4.10 3.96 4.03 4.01 3.90 3.92 3.91 4.01 4.09 4.12 4.22 4.08 4.04 3.86 3.80 3.74 3.69 3.57 3.60 3.40 3.33 3.20 2.95 2.45 2.27 2.07 1.82 1.79 2.07 1.89 1.51 1.37 1.10 0.93 1.06 0.79 0.66 0.38 0.49 0.22 0.35 0.49 0.70 0.89 0.94 1.47 1.63 1.72 1.49 1.66 1.61 1.52 1.88 2.02 2.13 1.84
1.41 1.68 2.00 2.34 2.80 3.07 3.34 3.53 3.54 3.45 3.84 4.34 5.21 5.42 5.00 5.09 5.04 4.57 4.51 4.36 4.25 4.25 4.28 4.32 4.37 4.42 4.51 4.52 4.43 4.32 4.22 4.16 4.00 3.93 3.86 3.89 3.77 3.59 3.49 3.12 2.97 2.41 2.15 1.98 2.03 2.05 1.85 1.91 1.42 1.25 1.15 1.01 0.84 0.87 0.82 0.45 0.40 0.50 0.53 0.68 0.90 0.94 1.01 1.24 1.52 1.40 1.45 1.49 1.48 1.39 1.91 2.04 1.99
1.24 1.44 1.80 1.95 2.27 2.72 2.97 3.47 3.56 3.61 3.34 3.87 4.67 5.03 5.03 5.06 5.06 5.00 4.87 4.66 4.56 4.53 4.57 4.65 4.65 4.72 4.85 4.87 4.77 4.69 4.58 4.49 4.41 4.32 4.33 4.22 4.09 4.07 3.80 3.62 3.09 2.81 2.36 2.22 2.44 2.20 1.98 1.70 1.59 1.28 1.19 1.10 1.07 0.77 0.60 0.69 0.46 0.45 0.76 0.65 0.82 0.93 0.94 1.13 1.28 1.36 1.30 1.27 1.37 1.48 1.77 1.92 1.80
1.06 1.24 1.52 1.73 2.02 2.30 2.81 3.22 3.50 3.68 3.60 3.78 4.06 4.47 4.90 4.98 4.91 5.23 5.11 5.03 4.77 4.89 4.96 4.90 5.13 5.20 5.30 5.26 5.19 5.15 5.01 4.93 4.78 4.62 4.71 4.59 4.68 4.41 4.14 4.04 3.63 3.08 2.84 2.50 2.51 2.34 2.11 1.90 1.78 1.55 1.39 1.36 1.08 1.02 0.63 0.71 0.68 0.53 0.80 0.93 0.82 1.01 1.11 1.19 1.07 1.06 1.27 1.11 1.10 1.16 1.77 1.70 1.64
0.89 1.02 1.20 1.55 1.69 2.10 2.53 3.09 3.46 3.60 3.63 3.59 3.77 4.29 4.86 4.71 5.05 5.63 5.64 5.77 5.46 5.43 5.20 5.43 5.46 5.59 5.66 5.68 5.69 5.54 5.49 5.30 5.16 5.02 5.12 5.29 5.04 4.81 4.58 4.29 3.97 3.49 3.08 2.92 2.74 2.45 2.36 2.08 1.93 1.78 1.71 1.48 1.36 0.98 0.94 0.73 0.71 0.89 0.79 0.98 1.03 1.01 1.09 1.09 1.00 1.01 1.00 1.06 1.07 1.12 1.17 1.54 1.75
0.74 0.85 0.98 1.25 1.52 1.84 2.25 2.96 3.30 3.47 3.76 3.67 3.82 3.68 4.19 4.59 5.21 5.76 5.83 6.18 6.42 6.01 5.91 5.92 5.94 5.94 5.97 6.12 6.11 6.14 5.90 5.84 5.56 5.45 5.63 5.48 5.52 5.21 4.88 4.57 4.23 3.86 3.53 3.20 2.90 2.68 2.43 2.27 1.94 1.86 1.90 1.77 1.40 1.31 0.92 0.95 1.04 0.95 1.13 1.16 1.34 1.46 1.23 1.04 1.07 1.14 0.98 1.04 1.05 1.10 1.11 1.21 1.51
0.62 0.76 0.86 1.11 1.30 1.53 1.86 2.38 3.08 3.40 3.71 3.86 3.88 3.68 3.62 4.60 5.10 5.33 5.92 6.57 6.94 6.60 6.64 6.30 6.38 6.28 6.42 6.58 6.66 6.57 6.46 6.25 6.08 6.01 5.92 6.01 5.75 5.52 5.25 4.95 4.32 4.14 3.73 3.31 3.00 2.78 2.76 2.49 2.25 1.90 1.84 2.04 1.40 1.39 1.33 1.00 0.97 1.20 1.35 1.54 1.66 1.49 1.38 1.55 1.06 1.14 1.16 0.98 1.02 1.04 1.17 1.25 1.34
0.57 0.66 0.72 0.91 1.09 1.28 1.66 2.02 2.50 3.37 3.59 3.94 3.87 3.81 3.77 4.51 4.69 5.25 5.75 6.58 6.94 7.42 6.95 7.42 6.69 6.87 6.82 7.03 7.16 7.10 6.95 6.83 6.55 6.48 6.36 6.24 6.27 5.87 5.59 5.25 4.82 4.46 4.09 3.73 3.39 3.21 2.88 2.66 2.40 2.14 1.94 1.86 2.05 1.43 1.32 1.16 1.11 1.41 1.50 1.60 1.89 2.23 1.51 1.55 1.54 1.11 1.15 1.11 0.99 1.02 1.08 1.10 1.24
0.50 0.52 0.58 0.79 0.88 1.11 1.37 1.64 2.31 2.84 3.30 3.73 3.98 4.22 4.20 4.16 4.36 4.89 5.65 6.63 7.16 7.85 8.03 7.46 7.58 7.38 7.38 7.50 7.52 7.69 7.43 7.37 7.01 6.89 6.82 6.61 6.75 6.44 6.00 5.67 5.28 4.67 4.33 3.85 3.54 3.47 3.13 2.77 2.59 2.38 2.12 2.07 1.99 1.91 1.53 1.24 1.22 1.47 1.68 1.93 2.31 2.39 2.65 1.48 1.47 1.48 1.08 1.11 1.11 1.13 1.04 1.05 1.09
0.44 0.51 0.46 0.63 0.78 0.91 1.09 1.51 1.88 2.31 2.90 3.46 3.91 4.47 4.50 4.21 4.52 4.65 5.63 6.17 7.33 7.98 8.91 8.52 8.29 7.76 8.02 8.02 8.39 8.04 8.06 7.74 7.64 7.37 7.16 7.13 6.82 6.75 6.40 6.03 5.60 5.05 4.65 4.27 3.97 3.69 3.33 3.03 2.86 2.51 2.26 2.25 2.21 1.90 1.79 1.47 1.40 1.49 1.80 2.14 2.64 2.64 2.47 2.41 1.45 1.46 1.46 1.08 1.23 1.21 1.31 1.03 1.04
0.39 0.46 0.36 0.44 0.64 0.78 0.94 1.23 1.52 2.15 2.71 3.04 3.90 4.26 4.72 4.60 4.63 4.65 5.26 6.34 7.11 8.41 9.50 9.95 8.47 8.89 8.54 8.69 8.67 8.83 8.53 8.27 8.29 8.13 7.63 7.40 7.18 6.93 6.97 6.46 5.93 5.45 5.09 4.44 4.22 3.89 3.60 3.40 2.96 2.76 2.42 2.23 2.27 2.21 1.83 1.63 1.57 1.63 1.86 2.50 2.79 2.86 2.44 2.25 2.27 1.42 1.42 1.68 1.68 1.26 1.27 1.22 1.02
0.32 0.41 0.45 0.37 0.46 0.68 0.82 1.04 1.37 1.92 2.25 2.94 3.50 3.95 4.94 5.35 4.99 4.90 4.93 6.17 6.81 8.99 9.24 10.00 9.80 9.48 9.65 9.54 9.47 9.42 9.03 8.92 8.86 8.54 8.19 7.80 7.69 7.42 6.95 6.76 6.26 5.81 5.20 5.00 4.46 3.82 3.98 3.50 3.32 2.95 2.82 2.37 2.44 2.18 2.05 1.64 1.61 1.81 2.13 2.44 2.52 3.02 3.14 3.19 2.21 2.01 2.45 1.67 1.66 1.54 1.22 1.15 1.06
0.24 0.30 0.35 0.30 0.40 0.51 0.74 0.87 1.31 1.61 2.28 2.73 3.04 3.77 4.35 5.38 5.03 5.14 5.11 5.61 7.25 8.11 9.09 10.55 11.73 10.16 10.57 9.99 10.53 9.99 10.26 9.45 9.43 9.00 8.94 8.22 7.97 7.74 7.43 7.02 6.68 6.13 5.43 4.92 4.66 4.32 4.06 3.77 3.42 3.20 2.85 2.57 2.28 2.25 2.09 2.05 1.70 1.97 2.16 2.39 2.59 2.78 2.99 2.91 2.75 2.02 2.29 2.29 1.53 1.46 1.51 1.10 1.05
0.19 0.25 0.29 0.38 0.34 0.45 0.57 0.82 1.08 1.33 2.01 2.31 2.94 3.46 3.85 4.79 5.05 5.35 5.58 5.86 6.80 7.98 10.07 10.75 12.14 11.99 10.94 11.34 10.90 11.16 10.63 10.69 9.76 10.23 9.29 8.89 8.27 7.92 7.82 7.34 6.96 6.32 5.75 5.22 4.70 4.60 4.13 3.93 3.66 3.36 3.02 2.71 2.45 2.20 2.21 2.05 2.11 2.20 2.23 2.45 2.76 3.10 3.05 2.71 2.62 3.03 2.27 2.33 2.30 1.54 1.46 1.37 1.06
0.19 0.22 0.28 0.31 0.29 0.39 0.51 0.65 0.90 1.19 1.68 2.10 2.72 3.25 3.66 4.13 4.84 5.30 5.48 6.06 6.64 8.29 8.83 11.01 11.00 11.72 11.67 11.43 11.59 11.88 11.34 11.10 11.16 10.41 9.89 9.25 8.85 8.23 7.79 7.52 7.07 6.60 5.93 5.47 4.99 4.41 4.23 3.81 3.91 3.55 3.14 2.86 2.46 2.29 2.14 2.22 2.08 2.06 2.41 2.61 2.94 3.02 3.05 3.08 2.99 2.82 2.69 2.29 2.24 2.13 1.36 1.40 1.30
0.00 0.20 0.25 0.29 0.36 0.35 0.47 0.60 0.76 1.08 1.40 2.08 2.50 3.27 3.59 4.01 4.80 5.08 5.49 6.11 6.99 8.06 9.24 10.17 10.87 12.06 12.24 11.66 11.88 12.33 12.91 12.42 12.50 10.69 10.50 9.37 9.15 8.49 8.01 7.63 7.33 6.77 6.14 5.56 5.11 4.60 4.09 3.93 3.35 3.62 3.22 3.08 2.75 2.43 2.15 2.22 2.15 2.14 2.11 2.67 2.95 3.06 2.97 3.37 3.19 2.67 2.84 2.78 2.04 2.14 2.16 1.49 1.30
0.00 0.17 0.24 0.26 0.32 0.31 0.42 0.56 0.71 1.02 1.29 1.78 2.19 2.96 3.32 3.77 4.48 4.92 5.44 5.58 6.93 7.26 9.12 9.63 11.42 12.13 11.80 11.95 11.92 12.38 13.16 13.47 12.33 12.17 10.95 10.77 9.17 8.80 8.27 7.83 7.44 6.96 6.34 5.72 5.17 4.75 4.22 3.74 3.57 3.13 3.51 3.05 2.80 2.67 2.43 2.13 2.05 2.18 2.31 2.69 3.05 2.85 3.27 3.17 3.05 2.77 2.77 2.92 2.77 2.09 2.14 2.11 1.97
0.00 0.17 0.23 0.26 0.19 0.28 0.38 0.51 0.67 0.84 1.19 1.46 2.15 2.64 3.23 3.83 4.30 4.74 5.30 5.55 6.39 7.24 8.49 10.00 10.91 11.77 12.11 12.70 12.55 12.50 13.40 13.39 12.42 12.29 11.67 10.82 10.50 8.89 8.45 7.88 7.37 6.97 6.39 5.83 5.22 4.62 4.34 3.81 3.68 3.38 3.02 3.17 2.74 2.53 2.52 2.21 2.05 1.98 2.74 2.81 2.84 3.26 3.28 3.38 2.76 2.60 2.73 2.92 2.87 2.95 2.26 2.01 2.09
0.00 0.19 0.23 0.25 0.16 0.25 0.35 0.47 0.62 0.79 1.12 1.42 1.83 2.33 2.98 3.34 4.25 4.76 5.21 5.68 6.32 7.01 7.44 9.78 10.25 12.06 13.01 12.68 12.79 12.65 12.69 13.32 13.25 13.17 13.67 10.77 10.55 9.54 8.53 8.03 7.45 7.02 6.43 5.85 5.24 4.67 4.18 3.96 3.54 3.37 3.03 2.66 2.83 2.67 2.45 2.33 2.10 2.10 2.13 2.86 3.38 3.44 3.36 3.33 3.12 2.78 3.01 3.02 2.92 3.10 3.07 3.07 2.26
0.00 0.19 0.18 0.28 0.25 0.22 0.32 0.43 0.57 0.74 0.93 1.32 1.58 2.05 2.59 3.05 3.94 4.33 4.90 5.32 5.88 6.12 7.19 8.07 10.99 11.75 12.73 12.57 12.13 12.16 12.38 12.49 13.59 14.17 13.84 13.55 10.73 10.48 8.44 8.24 7.56 6.99 6.44 5.91 5.29 4.73 4.16 4.07 3.59 3.38 3.19 2.93 3.04 2.93 2.43 2.41 2.23 2.20 2.58 3.36 3.16 3.19 3.10 3.06 3.13 3.06 3.21 3.54 2.98 2.98 3.53 3.52 2.39
0.00 0.00 0.20 0.26 0.33 0.19 0.28 0.39 0.52 0.68 0.86 1.07 1.69 1.89 2.56 2.74 3.65 4.09 4.86 5.24 5.65 6.34 6.83 9.84 9.94 11.33 12.35 11.26 11.51 11.99 12.40 14.43 14.38 13.98 13.71 13.36 10.72 10.62 8.65 8.35 7.35 6.96 6.46 5.83 5.23 4.69 4.24 4.01 3.61 3.25 3.37 3.07 2.76 2.83 2.53 2.36 2.14 2.58 2.54 2.55 2.95 3.16 3.37 3.27 3.31 3.04 3.44 3.49 3.50 3.70 3.43 3.32 3.03
0.20 0.19 0.25 0.35 0.24 0.30 0.25 0.35 0.48 0.62 0.79 0.99 1.43 1.69 2.12 2.51 3.24 3.56 4.55 5.12 5.63 5.97 6.42 6.84 9.91 10.15 10.25 10.87 11.31 11.31 12.43 12.46 13.60 13.93 13.21 13.10 10.97 10.68 10.25 8.20 7.87 7.02 6.62 5.66 5.14 4.65 4.29 3.87 3.64 3.25 3.04 2.94 2.73 2.82 2.54 2.28 2.56 2.48 2.59 2.68 2.72 3.42 3.45 3.33 3.18 3.20 3.36 3.73 3.57 4.01 3.91 3.02 3.07
0.18 0.18 0.19 0.34 0.32 0.33 0.34 0.32 0.43 0.56 0.72 0.91 1.12 1.54 1.82 2.11 2.64 3.44 4.07 4.72 5.20 5.70 6.21 6.58 8.77 9.11 10.21 10.27 10.45 10.97 11.80 12.20 12.41 14.27 14.18 13.19 13.22 10.17 9.96 8.17 7.93 7.74 6.59 6.02 5.04 4.58 4.17 3.84 3.44 3.39 3.06 2.77 2.77 2.56 2.55 2.61 2.64 2.50 2.36 2.63 2.87 2.84 3.38 3.39 3.43 3.42 3.58 3.60 4.08 3.90 3.49 3.43 2.90
0.20 0.19 0.21 0.31 0.33 0.40 0.36 0.39 0.38 0.50 0.65 0.82 1.02 1.25 1.50 1.92 2.27 3.12 3.36 4.38 4.80 5.42 5.79 6.26 6.56 8.03 7.97 9.10 9.23 10.70 11.00 12.27 12.64 13.79 13.89 13.60 12.69 12.61 10.01 9.74 7.95 7.50 6.21 5.74 5.35 4.54 4.07 3.78 3.38 3.06 3.04 2.87 2.59 2.77 2.79 2.68 2.48 2.34 2.29 2.29 2.93 2.88 3.09 3.57 3.65 3.70 3.65 4.26 4.10 3.91 3.42 3.31 3.08
0.22 0.22 0.24 0.35 0.41 0.41 0.47 0.37 0.33 0.44 0.58 0.73 0.91 1.12 1.35 1.62 2.06 2.67 3.02 3.63 4.31 5.04 5.59 5.81 6.21 6.87 7.04 7.72 8.24 9.76 11.47 11.77 12.92 12.96 14.05 14.25 12.48 12.59 9.91 9.26 8.73 7.07 6.85 5.60 5.02 4.58 3.97 3.59 3.38 3.19 2.94 2.81 2.75 3.02 2.93 2.82 2.31 2.24 2.32 2.30 2.22 3.08 3.18 3.28 3.67 3.88 4.24 4.07 3.88 3.55 3.44 2.98 2.89
0.25 0.23 0.27 0.35 0.40 0.41 0.47 0.35 0.43 0.38 0.50 0.64 0.80 0.99 1.21 1.44 1.71 2.08 2.68 3.01 4.15 4.68 5.18 5.51 5.98 6.35 6.62 6.88 7.71 8.03 11.16 10.80 12.61 12.63 12.65 13.72 13.39 11.92 11.17 8.74 8.26 7.93 6.39 5.90 4.82 4.30 3.81 3.47 3.12 3.09 3.02 2.75 2.86 2.60 2.90 2.63 2.30 2.24 2.15 2.24 2.35 2.31 3.16 3.32 3.41 4.20 4.20 4.07 3.62 3.42 3.11 3.09 2.89
