dati/cumulata_oraria_prisma_2018052821.txt
ncols        251
nrows        249
xllcorner         436000.00000
yllcorner        4918000.00000
cellsize           1000.00000
NODATA_value          -9999.00000
[rows 160 to 191 of 249, columns 73 to 145 of 251]
2.75 2.04 1.83 1.56 1.37 1.28 1.07 1.06 1.01 1.16 0.84 0.83 0.83 0.79 0.75 0.82 1.01 1.31 1.41 1.19 1.06 0.76 0.62 0.66 0.61 0.55 0.47 0.49 0.52 0.49 0.55 0.87 1.13 1.22 1.73 2.17 2.35 2.50 2.54 2.58 2.31 2.33 3.38 3.55 3.60 3.03 3.22 2.92 3.06 3.19 3.41 3.30 4.73 5.34 3.88 3.29 2.79 2.59 2.60 2.43 2.37 2.21 2.06 1.89 1.83 1.68 1.80 1.74 1.65 1.73 1.60 1.55 1.45
2.34 2.06 1.88 1.62 1.40 1.32 1.07 0.95 0.88 0.92 0.89 0.84 0.70 0.58 0.59 0.62 0.61 0.67 0.69 1.04 1.05 0.63 0.59 0.71 0.69 0.51 0.50 0.51 0.46 0.56 0.65 1.28 1.66 2.02 2.95 3.11 2.33 2.54 2.48 2.74 2.84 2.67 2.68 3.55 3.65 3.42 3.48 3.53 3.31 3.49 3.42 4.40 4.36 5.22 4.33 2.98 2.88 2.86 2.72 2.54 2.38 2.27 2.10 2.01 1.85 1.76 1.69 1.76 1.81 1.79 1.73 1.54 1.56
2.09 1.92 1.82 1.72 1.48 1.26 1.09 1.03 0.94 0.93 0.91 0.75 0.67 0.64 0.61 0.54 0.51 0.60 0.73 0.92 1.03 0.69 0.53 0.56 0.58 0.53 0.54 0.59 0.48 0.54 0.71 0.87 2.26 2.50 2.75 2.63 2.47 2.77 2.95 2.76 2.79 2.69 3.00 3.29 4.14 4.28 3.61 3.94 4.05 3.53 3.63 3.32 3.30 4.13 3.44 3.14 3.08 2.86 2.73 2.57 2.45 2.31 2.19 2.04 1.88 1.83 1.73 1.66 1.93 1.83 1.69 1.64 1.60
2.02 1.93 1.72 1.71 1.66 1.45 1.19 1.07 0.86 0.78 0.77 0.81 0.63 0.60 0.53 0.60 0.43 0.45 0.70 0.77 0.79 1.01 0.54 0.52 0.56 0.67 0.54 0.56 0.45 0.53 0.85 0.94 1.05 2.63 2.49 3.19 3.86 3.17 3.56 4.21 2.59 2.72 3.48 4.27 4.32 4.77 5.12 4.11 4.11 4.16 3.76 3.83 3.44 3.38 3.30 3.28 3.19 2.93 2.76 2.63 2.50 2.43 2.28 2.05 1.92 1.80 1.79 1.71 1.63 1.87 1.76 1.73 1.75
2.29 2.22 1.80 1.81 1.73 1.22 1.22 0.96 0.97 0.83 0.79 0.77 0.71 0.70 0.64 0.63 0.46 0.48 0.67 0.74 0.93 1.11 0.53 0.59 0.50 0.71 0.67 0.60 0.49 0.58 0.67 1.00 1.12 2.24 2.32 4.05 4.22 4.50 3.79 3.60 2.84 3.31 3.78 5.10 6.02 5.14 5.41 5.55 4.32 4.35 3.95 3.88 3.83 3.49 3.54 3.37 3.26 3.11 2.82 2.73 2.60 2.46 2.27 2.20 1.95 1.86 1.81 1.78 1.75 1.67 1.84 1.75 1.79
2.44 2.31 1.84 1.70 1.58 1.28 1.25 1.00 1.04 0.82 0.80 0.79 0.75 0.64 0.68 0.65 0.64 0.54 0.59 0.48 0.46 0.98 1.01 0.42 0.42 0.65 0.65 0.71 0.53 0.62 0.72 0.82 1.11 1.22 3.21 3.42 4.22 3.97 3.54 3.41 3.56 3.92 6.01 6.40 7.10 7.45 5.37 5.60 4.57 4.55 4.53 3.99 3.92 3.67 3.64 3.57 3.28 3.20 3.13 2.75 2.65 2.54 2.36 2.24 2.13 1.96 1.85 1.74 1.78 1.72 1.65 1.85 1.59
2.63 2.38 1.98 1.83 1.55 1.54 1.27 1.19 1.01 0.86 0.89 0.81 0.76 0.72 0.68 0.73 0.72 0.60 0.52 0.41 0.39 0.51 0.65 0.41 0.50 0.53 0.53 0.49 0.57 0.66 0.75 0.86 1.15 1.31 3.23 2.52 2.49 3.51 3.42 3.73 4.31 5.46 6.77 7.49 7.35 7.50 8.18 5.93 5.95 4.49 4.63 4.67 4.22 4.15 3.71 3.71 3.67 3.29 3.16 3.07 2.73 2.58 2.51 2.29 2.23 2.15 1.87 1.90 1.85 1.75 1.70 1.59 1.61
3.10 2.70 2.47 2.00 1.52 1.60 1.35 1.29 1.00 0.96 0.89 0.86 0.83 0.77 0.76 0.74 0.68 0.57 0.41 0.42 0.43 0.43 0.49 0.53 0.76 0.80 0.45 0.52 0.60 0.69 0.79 0.90 1.02 1.41 1.51 2.12 2.07 3.30 4.09 5.39 6.30 7.12 8.02 7.86 7.98 7.73 8.07 5.94 5.88 5.87 4.72 4.69 4.98 4.24 4.49 3.80 3.92 3.88 3.15 3.02 2.96 2.68 2.58 2.37 2.35 2.28 2.33 1.95 1.83 1.82 1.68 1.57 1.46
3.05 2.78 2.69 2.11 1.72 1.62 1.43 1.28 1.02 0.99 0.89 0.85 0.79 0.66 0.66 0.63 0.60 0.51 0.41 0.42 0.35 0.33 0.60 0.53 0.59 0.60 0.47 0.54 0.62 0.71 0.81 0.92 1.04 1.17 1.44 1.57 2.23 2.02 5.45 5.82 7.34 8.03 8.42 7.89 7.69 7.83 7.55 7.19 5.93 6.35 6.49 5.20 5.26 4.66 4.77 4.78 4.05 3.94 3.14 3.00 2.86 2.69 2.53 2.68 2.52 2.50 2.45 2.19 1.77 1.69 1.59 1.53 1.47
3.04 2.78 2.58 2.25 2.24 1.65 1.60 1.21 1.17 1.00 0.90 0.83 0.71 0.59 0.59 0.57 0.53 0.50 0.47 0.41 0.27 0.29 0.32 0.55 0.57 0.44 0.50 0.56 0.64 0.73 0.83 0.94 1.06 1.18 1.32 1.46 1.81 2.04 2.39 6.77 7.67 8.00 7.85 8.40 7.64 7.76 6.93 7.19 7.68 6.74 7.07 7.32 5.72 5.47 5.08 5.06 4.14 3.97 3.71 2.96 2.83 -9999.00 -9999.00 -9999.00 2.73 2.72 2.39 2.49 -9999.00 1.68 1.57 1.48 1.52
3.17 2.84 2.56 2.35 2.28 1.70 1.64 1.27 1.23 1.02 0.89 0.78 0.67 0.60 0.59 0.58 0.54 0.50 0.46 0.29 0.30 0.32 0.34 0.38 0.41 0.46 0.52 0.58 0.66 0.74 0.84 0.95 1.06 1.19 1.32 1.46 1.60 2.44 2.67 7.51 -9999.00 6.75 8.26 8.20 7.74 7.83 8.27 8.11 8.39 8.31 7.23 7.34 5.78 5.69 5.11 5.03 4.75 3.72 3.57 3.40 2.74 -9999.00 -9999.00 2.92 2.75 2.72 2.70 -9999.00 -9999.00 -9999.00 1.57 1.46 1.32
3.28 3.19 2.76 2.43 2.28 1.76 1.70 1.24 1.20 0.99 0.97 0.74 0.66 0.58 0.52 0.57 0.54 0.49 0.45 0.33 0.34 0.35 0.37 0.40 0.44 0.48 0.53 0.60 0.67 0.75 0.84 0.95 1.06 1.18 1.31 -9999.00 1.58 2.35 2.56 2.50 -9999.00 5.28 8.12 7.96 7.56 8.64 9.67 10.86 8.50 8.77 7.14 7.63 7.86 5.84 5.68 4.80 4.68 4.64 3.48 3.33 3.21 2.76 -9999.00 2.53 3.03 2.76 -9999.00 -9999.00 -9999.00 -9999.00 -9999.00 1.42 1.36
3.30 3.22 2.91 2.69 2.23 2.13 1.48 1.30 1.27 1.08 0.93 0.80 0.69 0.68 0.56 0.53 0.57 0.51 0.37 0.37 0.38 0.39 0.40 0.43 0.46 0.50 0.55 0.61 0.67 0.75 0.84 0.94 1.05 1.16 1.29 -9999.00 1.55 1.77 2.17 -9999.00 -9999.00 4.65 4.73 7.39 7.45 8.04 10.24 9.76 9.18 9.35 9.92 -9999.00 8.18 5.76 5.77 6.30 4.80 4.74 4.26 3.41 3.23 3.17 2.66 -9999.00 -9999.00 -9999.00 -9999.00 -9999.00 -9999.00 -9999.00 -9999.00 -9999.00 1.36
3.22 3.15 2.74 2.86 2.23 2.11 1.39 1.28 1.16 1.13 1.01 0.93 0.76 0.73 0.62 0.56 0.54 0.43 0.42 0.41 0.41 0.42 0.43 0.45 0.48 0.51 0.56 -9999.00 -9999.00 -9999.00 -9999.00 0.93 1.03 1.39 1.42 -9999.00 -9999.00 -9999.00 -9999.00 -9999.00 -9999.00 4.65 4.34 4.53 7.78 8.11 9.56 11.38 12.66 10.18 10.35 -9999.00 8.47 8.14 6.48 7.09 7.68 4.21 -9999.00 3.86 3.17 3.15 3.44 -9999.00 -9999.00 -9999.00 -9999.00 -9999.00 -9999.00 -9999.00 -9999.00 -9999.00 1.34
3.10 3.09 2.60 2.74 2.09 2.04 1.33 1.29 1.15 1.11 1.01 0.94 0.81 0.78 0.67 0.66 0.58 0.48 0.46 0.45 0.45 0.45 0.46 0.48 0.50 0.53 -9999.00 -9999.00 -9999.00 -9999.00 -9999.00 -9999.00 1.42 1.53 1.41 -9999.00 -9999.00 -9999.00 -9999.00 -9999.00 -9999.00 2.05 3.33 3.43 8.34 8.59 7.91 13.01 13.62 15.11 10.76 -9999.00 -9999.00 -9999.00 9.61 7.29 6.66 4.17 -9999.00 -9999.00 3.10 3.31 3.23 -9999.00 -9999.00 -9999.00 -9999.00 -9999.00 -9999.00 -9999.00 -9999.00 -9999.00 1.39
2.86 3.02 2.79 2.46 2.20 2.24 1.48 1.45 1.19 1.12 1.07 1.08 1.06 0.83 0.79 0.70 0.68 0.53 0.51 0.50 0.49 0.49 0.49 0.50 0.52 -9999.00 -9999.00 -9999.00 -9999.00 -9999.00 -9999.00 -9999.00 -9999.00 -9999.00 -9999.00 -9999.00 -9999.00 -9999.00 -9999.00 -9999.00 -9999.00 -9999.00 -9999.00 -9999.00 -9999.00 7.73 8.20 9.03 15.01 15.29 -9999.00 -9999.00 -9999.00 -9999.00 -9999.00 6.33 5.81 5.92 -9999.00 -9999.00 -9999.00 -9999.00 -9999.00 -9999.00 -9999.00 -9999.00 -9999.00 -9999.00 -9999.00 -9999.00 -9999.00 -9999.00 1.37
2.61 2.86 2.90 2.61 2.60 2.19 2.12 1.61 1.51 1.14 1.10 1.13 1.10 0.90 0.90 0.78 0.75 0.58 0.56 0.54 0.53 0.52 0.52 -9999.00 -9999.00 -9999.00 -9999.00 -9999.00 -9999.00 -9999.00 -9999.00 -9999.00 -9999.00 -9999.00 -9999.00 -9999.00 -9999.00 -9999.00 -9999.00 -9999.00 -9999.00 -9999.00 -9999.00 -9999.00 -9999.00 -9999.00 10.20 9.81 14.33 14.16 -9999.00 -9999.00 -9999.00 -9999.00 -9999.00 9.34 5.82 6.09 -9999.00 -9999.00 -9999.00 -9999.00 -9999.00 -9999.00 -9999.00 -9999.00 -9999.00 -9999.00 -9999.00 -9999.00 -9999.00 -9999.00 -9999.00
2.63 2.65 2.61 2.71 2.68 2.24 2.31 1.65 1.69 1.20 1.18 1.16 1.13 1.00 0.96 0.89 0.86 0.85 0.61 0.59 0.57 0.56 -9999.00 -9999.00 -9999.00 -9999.00 -9999.00 -9999.00 -9999.00 -9999.00 -9999.00 -9999.00 -9999.00 -9999.00 -9999.00 -9999.00 -9999.00 -9999.00 -9999.00 -9999.00 -9999.00 -9999.00 -9999.00 -9999.00 -9999.00 -9999.00 -9999.00 -9999.00 -9999.00 -9999.00 -9999.00 -9999.00 -9999.00 -9999.00 -9999.00 11.02 10.71 -9999.00 -9999.00 -9999.00 -9999.00 -9999.00 -9999.00 -9999.00 -9999.00 -9999.00 -9999.00 -9999.00 -9999.00 -9999.00 -9999.00 -9999.00 -9999.00
2.47 2.38 2.54 2.76 2.62 2.61 2.66 1.74 1.72 1.37 1.33 1.23 1.20 1.17 1.06 1.05 0.92 0.89 0.66 0.64 0.61 0.59 -9999.00 -9999.00 -9999.00 -9999.00 -9999.00 -9999.00 -9999.00 -9999.00 -9999.00 -9999.00 -9999.00 -9999.00 -9999.00 -9999.00 -9999.00 -9999.00 -9999.00 -9999.00 -9999.00 -9999.00 -9999.00 -9999.00 -9999.00 -9999.00 -9999.00 -9999.00 -9999.00 -9999.00 -9999.00 -9999.00 -9999.00 -9999.00 -9999.00 -9999.00 -9999.00 -9999.00 -9999.00 -9999.00 -9999.00 -9999.00 -9999.00 -9999.00 -9999.00 -9999.00 -9999.00 -9999.00 -9999.00 -9999.00 -9999.00 -9999.00 -9999.00
2.58 2.48 2.67 2.56 2.66 2.70 2.57 2.54 1.95 1.93 1.47 1.41 1.30 1.27 1.13 1.18 1.17 1.10 0.79 0.68 0.65 0.63 -9999.00 -9999.00 -9999.00 -9999.00 -9999.00 -9999.00 -9999.00 -9999.00 -9999.00 -9999.00 -9999.00 -9999.00 -9999.00 -9999.00 -9999.00 -9999.00 -9999.00 -9999.00 -9999.00 -9999.00 -9999.00 -9999.00 -9999.00 -9999.00 -9999.00 -9999.00 -9999.00 -9999.00 -9999.00 -9999.00 -9999.00 -9999.00 -9999.00 -9999.00 -9999.00 -9999.00 -9999.00 -9999.00 -9999.00 -9999.00 -9999.00 -9999.00 -9999.00 -9999.00 -9999.00 -9999.00 -9999.00 -9999.00 -9999.00 -9999.00 -9999.00
2.80 2.86 2.83 2.70 2.97 3.13 2.69 2.63 2.15 1.97 1.68 1.62 1.54 1.50 1.28 1.25 1.28 1.19 1.09 0.84 0.69 -9999.00 -9999.00 -9999.00 -9999.00 -9999.00 -9999.00 -9999.00 -9999.00 -9999.00 -9999.00 -9999.00 -9999.00 -9999.00 -9999.00 -9999.00 -9999.00 -9999.00 -9999.00 -9999.00 -9999.00 -9999.00 -9999.00 -9999.00 -9999.00 -9999.00 -9999.00 -9999.00 -9999.00 -9999.00 -9999.00 -9999.00 -9999.00 -9999.00 -9999.00 -9999.00 -9999.00 -9999.00 -9999.00 -9999.00 -9999.00 -9999.00 -9999.00 -9999.00 -9999.00 -9999.00 -9999.00 -9999.00 -9999.00 -9999.00 -9999.00 -9999.00 -9999.00
2.71 2.59 2.75 2.64 2.85 2.53 2.85 2.75 2.02 2.19 1.84 1.85 1.69 1.54 1.48 1.38 1.34 1.19 1.13 0.96 0.94 -9999.00 -9999.00 -9999.00 -9999.00 -9999.00 -9999.00 -9999.00 -9999.00 -9999.00 -9999.00 -9999.00 -9999.00 -9999.00 -9999.00 -9999.00 -9999.00 -9999.00 -9999.00 -9999.00 -9999.00 -9999.00 -9999.00 -9999.00 -9999.00 -9999.00 -9999.00 -9999.00 -9999.00 -9999.00 -9999.00 -9999.00 -9999.00 -9999.00 -9999.00 -9999.00 -9999.00 -9999.00 -9999.00 -9999.00 -9999.00 -9999.00 -9999.00 -9999.00 -9999.00 -9999.00 -9999.00 -9999.00 -9999.00 -9999.00 -9999.00 -9999.00 -9999.00
2.65 2.87 2.68 2.84 2.63 2.69 3.01 2.97 2.53 2.43 2.20 2.10 1.90 1.87 1.69 1.43 1.37 1.28 1.25 1.09 1.17 -9999.00 -9999.00 -9999.00 -9999.00 -9999.00 -9999.00 -9999.00 -9999.00 -9999.00 -9999.00 -9999.00 -9999.00 -9999.00 -9999.00 -9999.00 -9999.00 -9999.00 -9999.00 -9999.00 -9999.00 -9999.00 -9999.00 -9999.00 -9999.00 -9999.00 -9999.00 -9999.00 -9999.00 -9999.00 -9999.00 -9999.00 -9999.00 -9999.00 -9999.00 -9999.00 -9999.00 -9999.00 -9999.00 -9999.00 -9999.00 -9999.00 -9999.00 -9999.00 -9999.00 -9999.00 -9999.00 -9999.00 -9999.00 -9999.00 -9999.00 -9999.00 -9999.00
2.75 2.69 2.79 2.76 2.84 2.80 2.80 2.79 2.79 2.41 2.38 2.01 1.94 1.81 1.72 1.51 1.46 1.40 1.39 1.39 1.20 -9999.00 -9999.00 -9999.00 -9999.00 -9999.00 -9999.00 -9999.00 -9999.00 -9999.00 -9999.00 -9999.00 -9999.00 -9999.00 -9999.00 -9999.00 -9999.00 -9999.00 -9999.00 -9999.00 -9999.00 -9999.00 -9999.00 -9999.00 -9999.00 -9999.00 -9999.00 -9999.00 -9999.00 -9999.00 -9999.00 -9999.00 -9999.00 -9999.00 -9999.00 -9999.00 -9999.00 -9999.00 -9999.00 -9999.00 -9999.00 -9999.00 -9999.00 -9999.00 -9999.00 -9999.00 -9999.00 -9999.00 -9999.00 -9999.00 -9999.00 -9999.00 -9999.00
3.35 2.72 2.70 2.68 2.70 2.59 2.57 2.85 2.81 2.47 2.43 2.17 2.12 2.04 1.96 1.91 1.51 1.44 1.49 -9999.00 -9999.00 -9999.00 -9999.00 -9999.00 -9999.00 -9999.00 -9999.00 -9999.00 -9999.00 -9999.00 -9999.00 -9999.00 -9999.00 -9999.00 -9999.00 -9999.00 -9999.00 -9999.00 -9999.00 -9999.00 -9999.00 -9999.00 -9999.00 -9999.00 -9999.00 -9999.00 -9999.00 -9999.00 -9999.00 -9999.00 -9999.00 -9999.00 -9999.00 -9999.00 -9999.00 -9999.00 -9999.00 -9999.00 -9999.00 -9999.00 -9999.00 -9999.00 -9999.00 -9999.00 -9999.00 -9999.00 -9999.00 -9999.00 -9999.00 -9999.00 -9999.00 -9999.00 -9999.00
3.34 2.74 2.74 2.55 2.71 2.74 2.69 2.83 2.71 2.61 2.63 2.51 2.50 2.45 2.06 2.00 1.52 1.47 1.36 -9999.00 -9999.00 -9999.00 -9999.00 -9999.00 -9999.00 -9999.00 -9999.00 -9999.00 -9999.00 -9999.00 -9999.00 -9999.00 -9999.00 -9999.00 -9999.00 -9999.00 -9999.00 -9999.00 -9999.00 -9999.00 -9999.00 -9999.00 -9999.00 -9999.00 -9999.00 -9999.00 -9999.00 -9999.00 -9999.00 -9999.00 -9999.00 -9999.00 -9999.00 -9999.00 -9999.00 -9999.00 -9999.00 -9999.00 -9999.00 -9999.00 -9999.00 -9999.00 -9999.00 -9999.00 -9999.00 -9999.00 -9999.00 -9999.00 -9999.00 -9999.00 -9999.00 -9999.00 -9999.00
3.22 2.80 2.76 2.89 2.81 2.54 2.61 2.58 2.44 2.40 2.61 2.56 2.51 2.36 2.15 2.07 1.61 1.51 1.47 -9999.00 -9999.00 -9999.00 -9999.00 -9999.00 -9999.00 -9999.00 -9999.00 -9999.00 -9999.00 -9999.00 -9999.00 -9999.00 -9999.00 -9999.00 -9999.00 -9999.00 -9999.00 -9999.00 -9999.00 -9999.00 -9999.00 -9999.00 -9999.00 -9999.00 -9999.00 -9999.00 -9999.00 -9999.00 -9999.00 -9999.00 -9999.00 -9999.00 -9999.00 -9999.00 -9999.00 -9999.00 -9999.00 -9999.00 -9999.00 -9999.00 -9999.00 -9999.00 -9999.00 -9999.00 -9999.00 -9999.00 -9999.00 -9999.00 -9999.00 -9999.00 -9999.00 -9999.00 -9999.00
3.32 2.83 2.80 2.71 2.72 2.75 2.56 2.51 2.59 2.57 2.51 2.49 2.54 2.48 2.04 2.03 1.97 1.57 -9999.00 -9999.00 -9999.00 -9999.00 -9999.00 -9999.00 -9999.00 -9999.00 -9999.00 -9999.00 -9999.00 -9999.00 -9999.00 -9999.00 -9999.00 -9999.00 -9999.00 -9999.00 -9999.00 -9999.00 -9999.00 -9999.00 -9999.00 -9999.00 -9999.00 -9999.00 -9999.00 -9999.00 -9999.00 -9999.00 -9999.00 -9999.00 -9999.00 -9999.00 -9999.00 -9999.00 -9999.00 -9999.00 -9999.00 -9999.00 -9999.00 -9999.00 -9999.00 -9999.00 -9999.00 -9999.00 -9999.00 -9999.00 -9999.00 -9999.00 -9999.00 -9999.00 -9999.00 -9999.00 -9999.00
3.45 3.53 2.73 2.80 2.69 2.70 2.67 2.65 2.59 2.55 2.42 2.37 2.30 2.19 2.05 1.93 1.97 1.67 -9999.00 -9999.00 -9999.00 -9999.00 -9999.00 -9999.00 -9999.00 -9999.00 -9999.00 -9999.00 -9999.00 -9999.00 -9999.00 -9999.00 -9999.00 -9999.00 -9999.00 -9999.00 -9999.00 -9999.00 -9999.00 -9999.00 -9999.00 -9999.00 -9999.00 -9999.00 -9999.00 -9999.00 -9999.00 -9999.00 -9999.00 -9999.00 -9999.00 -9999.00 -9999.00 -9999.00 -9999.00 -9999.00 -9999.00 -9999.00 -9999.00 -9999.00 -9999.00 -9999.00 -9999.00 -9999.00 -9999.00 -9999.00 -9999.00 -9999.00 -9999.00 -9999.00 -9999.00 -9999.00 -9999.00
3.24 3.34 2.89 2.88 2.50 2.51 2.69 2.69 2.51 2.37 2.32 2.19 2.24 1.96 1.90 2.13 2.02 1.71 -9999.00 -9999.00 -9999.00 -9999.00 -9999.00 -9999.00 -9999.00 -9999.00 -9999.00 -9999.00 -9999.00 -9999.00 -9999.00 -9999.00 -9999.00 -9999.00 -9999.00 -9999.00 -9999.00 -9999.00 -9999.00 -9999.00 -9999.00 -9999.00 -9999.00 -9999.00 -9999.00 -9999.00 -9999.00 -9999.00 -9999.00 -9999.00 -9999.00 -9999.00 -9999.00 -9999.00 -9999.00 -9999.00 -9999.00 -9999.00 -9999.00 -9999.00 -9999.00 -9999.00 -9999.00 -9999.00 -9999.00 -9999.00 -9999.00 -9999.00 -9999.00 -9999.00 -9999.00 -9999.00 -9999.00
3.35 3.37 2.71 2.72 2.45 2.45 2.61 2.54 2.59 2.61 2.87 2.60 2.24 1.77 1.62 2.03 2.05 -9999.00 -9999.00 -9999.00 -9999.00 -9999.00 -9999.00 -9999.00 -9999.00 -9999.00 -9999.00 -9999.00 -9999.00 -9999.00 -9999.00 -9999.00 -9999.00 -9999.00 -9999.00 -9999.00 -9999.00 -9999.00 -9999.00 -9999.00 -9999.00 -9999.00 -9999.00 -9999.00 -9999.00 -9999.00 -9999.00 -9999.00 -9999.00 -9999.00 -9999.00 -9999.00 -9999.00 -9999.00 -9999.00 -9999.00 -9999.00 -9999.00 -9999.00 -9999.00 -9999.00 -9999.00 -9999.00 -9999.00 -9999.00 -9999.00 -9999.00 -9999.00 -9999.00 -9999.00 -9999.00 -9999.00 -9999.00
3.37 3.39 2.99 3.01 2.32 2.32 2.51 2.46 2.41 2.98 2.64 2.24 2.02 1.72 1.66 -9999.00 -9999.00 -9999.00 -9999.00 -9999.00 -9999.00 -9999.00 -9999.00 -9999.00 -9999.00 -9999.00 -9999.00 -9999.00 -9999.00 -9999.00 -9999.00 -9999.00 -9999.00 -9999.00 -9999.00 -9999.00 -9999.00 -9999.00 -9999.00 -9999.00 -9999.00 -9999.00 -9999.00 -9999.00 -9999.00 -9999.00 -9999.00 -9999.00 -9999.00 -9999.00 -9999.00 -9999.00 -9999.00 -9999.00 -9999.00 -9999.00 -9999.00 -9999.00 -9999.00 -9999.00 -9999.00 -9999.00 -9999.00 -9999.00 -9999.00 -9999.00 -9999.00 -9999.00 -9999.00 -9999.00 -9999.00 -9999.00 -9999.00
