dati/cumulata_oraria_prisma_2018052804.txt
ncols        251
nrows        249
xllcorner         436000.00000
yllcorner        4918000.00000
cellsize           1000.00000
NODATA_value          -9999.00000
[rows 64 to 95 of 249, columns 73 to 145 of 251]
2.69 3.69 5.04 5.16 4.16 4.00 3.93 4.13 3.44 3.29 3.86 3.71 3.69 3.53 3.57 3.91 4.19 4.35 4.04 4.27 3.77 3.75 3.94 3.65 3.43 2.62 2.99 3.99 4.31 5.78 5.71 5.92 6.54 6.33 5.92 5.68 6.30 5.93 5.49 5.31 5.37 5.96 5.25 4.79 4.57 4.54 5.14 5.02 4.50 4.37 4.53 4.40 4.10 3.99 3.77 3.69 3.60 3.52 3.50 3.46 3.27 3.09 3.00 2.84 2.57 2.38 2.19 1.83 1.70 1.57 1.45 1.32 1.20
2.56 3.59 4.53 5.29 4.17 3.63 3.33 3.43 3.05 2.81 3.70 3.82 3.66 3.43 3.54 4.21 4.41 4.41 4.20 4.26 4.31 4.04 4.35 4.10 3.21 3.07 3.26 3.77 3.52 3.85 4.92 5.85 6.63 6.73 6.48 6.33 6.60 5.98 5.87 5.52 5.92 5.99 5.33 4.88 4.42 4.40 4.93 4.98 4.67 4.50 4.75 4.84 4.74 4.47 4.35 4.10 4.02 3.92 3.72 3.79 3.57 3.28 3.12 2.97 2.74 2.52 2.34 1.98 1.86 1.73 1.60 1.48 1.35
2.52 3.44 4.35 5.00 4.12 3.36 3.84 3.66 2.92 3.08 3.93 4.11 3.94 3.72 4.02 4.24 4.49 4.29 4.46 4.56 4.52 4.65 4.44 4.45 4.26 4.26 4.40 4.06 3.67 3.30 4.21 6.13 6.57 6.90 6.72 6.65 6.59 5.88 5.59 5.16 5.36 5.36 4.93 4.62 4.20 4.22 4.62 4.75 4.70 4.60 4.87 4.96 4.83 4.73 4.66 4.65 4.58 4.39 4.27 4.26 4.12 3.65 3.32 3.18 2.88 2.65 2.38 2.12 2.00 1.88 1.75 1.63 1.50
2.91 3.60 4.67 5.35 4.64 3.75 4.02 3.66 3.16 3.26 4.04 4.35 4.21 4.30 4.32 4.46 4.62 3.95 4.11 4.41 4.59 4.66 4.22 4.27 4.32 4.40 4.35 4.34 3.70 3.01 3.65 6.54 6.51 6.66 6.73 6.57 6.25 5.87 5.83 5.21 4.75 4.97 4.82 4.41 4.06 4.31 4.45 4.55 4.75 4.67 4.99 5.02 5.06 5.04 4.97 4.91 4.81 4.74 4.63 4.57 4.79 4.72 3.67 3.38 3.06 2.83 2.57 2.25 2.13 2.01 1.88 1.76 1.64
2.88 3.68 4.76 5.80 5.38 4.09 3.72 3.49 3.49 3.35 4.12 4.72 4.57 4.65 4.72 4.52 4.63 4.02 4.00 4.34 4.53 4.53 4.33 4.43 4.22 4.38 4.45 4.12 3.67 3.04 3.41 6.34 6.72 6.28 5.93 6.17 6.09 5.78 5.73 5.36 4.63 4.85 4.57 4.07 3.81 3.88 4.22 4.45 4.68 4.57 4.67 5.03 4.96 5.36 5.37 5.33 5.23 4.96 4.83 4.81 5.16 5.24 3.84 3.44 3.09 2.92 2.62 2.34 2.23 2.12 2.00 1.88 1.76
3.08 3.85 4.80 6.11 6.50 5.28 3.83 3.79 3.78 3.68 3.96 4.55 5.10 4.98 5.15 5.02 4.88 5.04 4.73 4.87 4.85 4.29 4.03 4.47 4.20 4.23 4.26 4.10 3.88 3.26 3.12 4.97 6.77 6.74 6.04 6.28 7.69 5.86 5.37 5.07 4.52 4.65 4.53 4.11 4.02 3.83 4.30 4.49 4.58 4.61 4.72 4.73 4.62 5.06 5.29 5.44 5.43 5.27 4.96 5.00 5.48 5.59 3.99 3.49 3.11 2.96 2.72 2.42 2.31 2.20 2.09 1.98 1.86
3.17 4.08 5.30 6.89 7.91 6.44 4.45 3.84 3.93 4.14 4.40 4.68 5.32 5.73 5.70 5.63 5.27 5.07 5.14 5.29 5.48 4.26 3.86 4.59 4.56 3.86 4.04 4.07 4.20 4.44 3.06 4.18 7.00 8.04 6.25 6.56 8.05 5.66 4.97 4.85 4.46 4.44 4.32 4.08 3.97 3.87 4.19 4.36 4.56 4.63 4.64 4.77 4.61 4.88 5.38 5.73 5.94 5.74 5.54 5.62 5.55 4.95 4.60 4.09 3.35 3.07 2.87 2.46 2.36 2.26 2.16 2.05 1.95
3.48 4.11 5.34 7.07 8.21 7.36 4.87 4.27 4.11 4.49 4.78 4.89 5.62 6.29 6.49 6.54 6.00 5.56 5.47 6.07 6.76 4.84 4.21 4.18 4.27 3.91 4.15 4.27 4.42 4.44 3.53 4.41 6.06 7.34 6.21 6.43 6.65 5.04 4.67 4.63 4.49 4.41 4.21 3.99 3.99 4.02 4.21 4.34 4.49 4.47 4.49 4.75 4.57 4.94 5.35 5.89 6.24 5.94 5.74 6.00 5.88 5.18 4.43 4.03 3.33 3.07 2.87 2.56 2.39 2.30 2.20 2.11 2.07
3.96 4.05 4.44 6.98 8.09 7.83 5.90 4.76 4.60 4.67 5.09 5.35 6.03 6.95 7.24 7.21 6.83 6.22 5.97 6.78 7.13 6.30 4.99 4.20 4.77 4.06 4.36 4.31 4.07 4.37 3.99 4.49 5.62 5.98 5.92 6.20 5.47 4.80 4.56 4.58 4.39 4.27 4.19 4.10 3.94 4.20 4.26 4.27 4.44 4.29 4.47 4.67 4.62 4.74 5.23 5.78 6.33 6.17 5.93 5.84 5.89 5.36 4.63 4.27 3.79 3.34 3.00 2.78 2.58 2.47 2.39 2.24 2.18
4.22 3.85 4.24 5.91 7.17 7.45 6.36 5.22 5.22 5.03 5.39 5.75 6.18 7.12 7.93 7.89 7.15 7.02 6.85 7.38 7.55 6.86 6.21 5.54 4.95 4.18 4.35 4.16 4.10 3.96 3.92 4.16 4.41 5.67 6.03 5.78 5.31 4.91 4.45 4.44 4.20 4.26 4.18 4.17 4.16 4.39 4.68 4.33 4.29 4.33 4.60 4.58 4.46 4.50 4.53 4.83 5.09 5.09 4.92 5.01 4.84 4.87 4.23 3.87 3.97 3.70 3.22 2.82 2.58 2.54 2.56 2.49 2.26
4.96 4.26 4.83 5.45 6.18 6.55 6.03 5.44 5.34 5.42 5.70 5.92 6.60 7.62 8.42 8.21 7.45 7.15 7.16 7.37 7.64 6.89 6.16 5.81 5.38 4.83 4.39 4.43 4.20 4.28 4.25 4.35 4.57 5.25 5.30 5.19 4.90 4.45 4.27 4.15 3.77 3.86 3.90 4.21 4.21 4.86 5.43 4.82 4.41 4.37 4.74 4.78 4.97 4.66 4.55 4.74 4.89 4.88 4.68 4.99 4.94 5.01 4.36 3.82 3.85 3.67 3.23 2.93 2.55 2.59 2.63 2.57 2.34
6.19 4.82 5.14 5.18 6.04 6.46 6.20 5.72 6.03 6.02 6.56 6.71 7.22 8.39 9.27 8.96 7.86 7.36 7.28 7.44 7.54 6.74 6.19 6.05 5.47 5.25 4.83 4.74 4.82 4.77 4.53 4.86 5.06 5.40 5.54 5.29 4.83 4.61 4.48 4.35 4.02 3.83 3.91 3.99 3.97 4.51 5.14 4.66 4.39 4.09 4.37 4.93 5.01 4.79 5.01 5.14 4.81 4.55 4.33 4.78 5.23 5.06 4.87 3.85 3.81 3.95 3.89 3.58 2.78 2.53 2.87 3.32 2.86
7.64 5.87 5.83 5.66 5.99 6.45 6.29 6.20 6.44 6.56 7.34 7.83 7.82 8.80 9.96 10.28 8.77 7.84 7.01 6.62 7.07 6.55 6.35 6.37 5.74 5.44 5.11 5.20 5.83 5.11 4.82 5.49 5.61 5.61 5.69 5.38 5.01 4.84 4.63 4.53 4.21 3.97 4.02 4.03 4.17 4.70 5.51 5.25 4.65 4.23 4.18 4.95 5.76 5.00 5.53 5.83 4.80 4.55 4.06 4.36 5.13 5.14 4.62 3.87 3.28 3.64 3.67 3.66 2.86 2.54 2.70 3.33 2.90
9.38 7.16 6.34 6.31 6.11 6.07 6.26 6.40 6.95 7.70 8.62 8.81 8.99 10.17 10.37 10.52 11.09 7.97 7.10 6.49 5.66 6.18 6.19 6.13 5.88 5.89 5.52 5.46 6.23 6.08 5.27 5.53 6.19 5.71 5.74 5.64 5.16 4.96 4.89 4.51 4.29 4.04 4.20 4.36 4.74 5.73 6.03 5.81 4.77 4.30 4.32 4.54 5.48 4.42 4.27 4.02 4.27 4.05 3.59 3.75 4.24 4.41 4.17 3.31 2.89 3.25 3.50 3.73 2.96 2.51 2.38 3.11 3.64
11.33 11.18 7.66 7.03 6.81 6.46 6.69 7.02 7.48 8.14 9.32 10.49 9.97 10.50 10.61 10.99 11.47 9.08 8.13 6.45 5.29 6.19 5.95 5.89 6.03 6.37 5.99 5.52 6.62 6.73 6.66 6.42 6.68 5.82 5.43 5.73 5.35 4.96 4.86 4.52 4.29 3.99 4.06 4.28 4.73 5.73 6.29 5.92 5.63 6.10 5.01 4.76 5.80 5.02 4.05 3.85 3.85 3.68 3.37 3.50 4.08 4.14 3.83 3.09 2.13 2.26 2.39 2.67 3.17 2.66 2.17 2.52 2.77
13.73 14.08 9.83 8.95 8.50 7.70 7.59 7.66 8.19 9.19 10.63 11.63 11.55 11.08 11.08 10.49 11.43 10.58 8.29 7.54 5.29 6.52 6.33 5.88 6.11 6.15 6.13 5.97 6.39 6.73 6.80 6.81 6.65 6.36 5.79 5.83 5.92 5.22 5.09 4.90 4.36 4.03 3.89 4.16 4.62 5.65 5.94 6.07 5.82 5.92 5.44 4.27 5.40 5.03 4.40 3.71 3.45 3.41 3.17 3.64 4.45 4.22 4.34 3.57 1.96 1.95 2.06 2.71 2.90 2.15 1.89 2.20 2.71
15.50 16.22 13.71 12.27 10.80 9.16 8.71 8.48 9.08 9.88 10.81 12.37 12.75 11.49 10.79 10.39 10.99 10.16 8.29 7.22 5.99 6.03 6.48 6.20 6.02 6.46 6.54 6.31 6.24 6.70 7.03 6.95 6.89 6.24 5.86 5.63 5.59 5.15 5.25 5.09 4.78 4.19 3.89 4.21 4.82 5.67 5.75 6.19 6.12 5.86 4.59 3.87 4.64 5.85 4.44 3.74 3.18 3.04 2.71 3.08 3.94 4.05 3.92 3.46 1.80 1.63 1.62 2.23 3.15 2.82 2.09 1.76 1.80
17.11 18.44 16.37 15.59 13.09 11.22 9.37 9.31 9.88 10.40 11.21 12.13 13.14 11.75 10.71 9.84 9.92 9.84 8.41 7.05 6.30 6.59 6.60 6.30 6.75 6.98 6.72 6.54 6.24 6.53 7.24 7.48 7.50 6.65 5.82 5.28 5.08 5.02 5.21 5.16 4.88 4.36 3.93 4.39 4.64 5.94 6.05 6.82 6.95 7.42 4.28 3.20 3.46 4.97 5.03 3.66 2.84 2.44 2.22 2.58 3.65 3.99 3.76 4.15 2.27 1.35 1.33 1.45 2.73 2.63 2.10 1.61 1.68
17.72 19.97 19.42 18.36 13.40 11.39 10.00 9.96 10.75 11.55 11.72 11.87 12.44 12.30 11.42 9.96 9.65 9.46 8.18 6.71 6.19 6.17 6.38 6.36 6.82 7.30 7.35 7.35 6.73 6.61 7.68 8.16 8.05 7.03 5.60 5.15 5.01 5.12 5.12 4.87 4.57 4.47 4.03 4.11 4.72 6.17 6.70 6.85 7.09 7.98 4.69 2.83 3.13 3.64 4.35 3.52 2.36 1.87 1.75 1.70 2.25 2.92 2.97 3.61 2.13 1.12 1.13 1.26 2.01 2.90 2.59 1.93 1.42
17.32 19.73 22.19 19.44 12.39 9.81 10.40 11.01 11.28 12.26 11.84 11.60 12.26 12.51 11.28 9.82 9.74 9.82 8.93 7.58 6.30 6.16 6.82 6.42 6.71 7.90 7.89 7.65 6.87 7.28 8.03 9.16 9.36 7.78 6.14 5.28 4.91 5.14 5.19 4.76 4.67 4.37 4.02 4.06 5.50 6.77 7.84 6.60 6.11 6.99 5.13 2.77 2.73 2.78 4.23 3.48 2.06 1.62 1.23 1.17 1.78 2.54 2.76 3.35 1.50 0.94 0.94 1.00 1.25 2.15 2.41 1.73 1.28
14.97 15.15 20.60 18.48 12.80 10.08 10.87 11.34 11.17 13.08 12.89 12.43 12.34 11.92 10.69 9.58 9.31 9.92 9.07 7.22 6.12 7.21 7.52 7.01 7.06 7.98 9.52 8.20 7.33 7.56 9.18 9.46 9.64 9.09 7.22 5.92 5.17 4.98 5.42 4.96 4.48 4.31 4.19 3.90 4.76 6.61 8.34 8.64 5.94 6.97 4.97 2.36 2.06 2.20 3.94 5.45 3.02 1.35 0.99 0.94 1.12 1.85 2.17 2.18 1.86 0.89 0.90 0.91 1.03 1.98 2.16 1.65 1.11
12.33 12.76 16.47 15.87 11.95 10.78 11.26 11.55 11.86 13.06 13.62 13.33 12.39 11.22 10.66 10.11 9.32 9.77 9.27 7.67 5.81 6.44 7.34 7.54 7.57 8.84 10.04 8.82 8.04 8.15 9.22 9.97 9.69 10.17 8.73 7.27 5.53 5.19 6.06 5.44 4.69 4.21 3.78 3.44 3.92 7.27 11.37 11.59 6.88 6.11 4.98 2.90 1.66 1.51 1.92 4.12 1.58 0.82 0.68 0.62 0.62 0.66 0.85 1.74 1.40 0.83 0.72 0.78 0.80 0.87 1.22 1.50 1.15
11.76 11.83 13.58 14.13 13.03 12.06 11.83 12.22 11.58 12.87 13.39 12.90 12.07 10.61 10.13 10.40 9.46 9.01 9.46 8.23 6.72 6.93 7.66 7.98 8.46 9.69 11.08 11.03 9.97 8.60 9.14 11.15 10.26 10.80 11.10 10.44 6.68 5.63 6.23 6.09 5.02 4.13 3.97 3.49 4.03 6.76 11.22 13.59 5.72 5.23 3.85 2.13 1.54 1.24 1.28 2.55 1.46 0.60 0.44 0.38 0.35 0.38 1.01 1.42 0.89 0.74 0.75 0.82 0.78 0.74 0.97 1.18 1.01
11.13 11.60 13.63 13.91 13.29 12.27 12.54 12.63 11.23 11.43 12.73 12.24 11.12 10.35 10.11 10.70 9.25 8.15 8.75 8.66 7.21 6.88 7.75 8.67 9.09 9.68 10.34 11.41 8.64 9.56 10.85 12.33 11.17 11.39 12.15 12.59 7.87 6.37 7.17 6.45 4.89 4.27 4.06 3.72 4.15 6.77 11.75 16.13 8.30 3.97 3.05 2.09 1.46 1.04 0.80 0.73 0.62 0.39 0.25 0.19 0.18 0.19 0.27 0.36 0.77 0.65 0.73 0.84 0.64 0.61 0.75 0.86 0.75
10.89 11.09 12.57 13.79 14.36 13.40 13.90 12.70 11.25 10.86 11.79 11.35 9.94 9.49 9.34 9.91 8.92 7.80 7.85 7.84 7.30 6.49 7.94 8.63 9.64 10.34 8.95 8.52 8.86 9.66 10.76 11.88 12.75 11.90 12.84 14.84 10.22 8.07 8.16 6.74 5.49 5.15 4.10 3.74 3.93 6.45 13.39 18.83 9.25 3.97 2.59 1.91 1.40 0.94 0.69 0.47 0.34 0.19 0.00 0.00 0.00 0.00 0.00 0.28 0.66 0.56 0.72 0.80 0.87 0.64 0.59 0.73 0.71
10.68 11.17 12.09 14.05 14.98 14.75 13.99 12.65 11.65 10.40 10.27 10.04 9.56 8.76 8.18 8.89 8.73 8.04 7.56 7.02 6.80 6.03 7.06 9.05 10.11 12.16 10.03 7.54 7.05 8.75 9.49 10.81 13.73 11.75 12.59 15.38 14.13 10.90 8.90 7.79 6.55 5.78 3.66 3.35 3.62 7.84 11.56 17.63 13.56 5.09 2.50 1.63 1.26 0.72 0.39 0.17 0.18 0.00 0.00 0.00 0.00 0.00 0.00 0.34 0.75 0.35 0.70 0.95 1.03 0.41 0.52 0.57 0.57
10.41 11.36 11.82 13.61 14.71 14.73 13.12 12.95 11.83 10.89 10.53 10.73 10.27 8.75 7.99 8.27 8.41 7.80 7.47 6.83 6.46 5.79 6.52 8.54 10.12 11.59 11.36 7.68 5.82 6.29 7.48 8.28 11.47 11.02 10.47 13.99 15.85 13.84 9.46 9.88 8.81 6.39 4.16 3.10 3.42 4.46 8.93 15.48 13.91 5.90 2.16 1.40 1.13 0.69 0.21 0.00 0.00 0.00 0.00 0.00 0.00 0.00 0.00 0.00 0.00 0.26 0.57 0.84 1.07 0.78 0.48 0.47 0.55
10.53 11.59 11.49 12.22 13.58 14.23 13.18 12.73 12.21 11.05 11.06 11.45 11.18 8.92 7.99 7.79 7.95 7.70 7.04 6.50 6.01 5.43 5.28 7.73 10.28 11.12 10.97 8.59 5.53 4.86 5.53 6.13 8.52 8.81 9.40 11.60 15.96 15.03 10.28 10.83 10.03 6.86 3.95 2.88 3.54 5.01 13.25 16.39 12.16 7.65 1.80 0.77 0.77 0.54 0.21 0.00 0.00 0.00 0.00 0.00 0.00 0.00 0.00 0.00 0.00 0.27 0.40 0.89 1.39 1.18 0.55 0.38 0.47
11.51 11.56 11.53 12.07 12.25 13.21 12.84 12.30 12.15 10.66 10.27 11.93 12.29 9.46 7.84 7.44 7.77 7.62 7.32 6.26 6.01 5.59 4.95 7.10 9.31 10.61 11.19 8.64 5.50 4.37 4.74 5.62 6.33 7.51 8.81 9.97 12.67 14.24 10.26 9.29 7.77 5.26 3.47 2.63 3.12 4.23 13.14 18.74 11.99 5.84 1.45 0.53 0.68 0.43 0.00 0.00 0.00 0.00 0.00 0.00 0.00 0.00 0.00 0.00 0.00 0.00 0.31 0.60 1.32 1.40 0.58 0.31 0.36
11.40 11.12 11.42 11.83 12.15 13.02 12.86 11.75 11.44 10.36 9.51 9.81 11.16 8.99 7.71 7.36 7.63 7.52 7.41 6.47 5.79 5.32 4.67 5.41 7.41 9.66 10.45 8.27 5.05 3.73 3.80 5.00 5.86 7.82 9.01 9.57 9.42 12.28 6.78 5.53 5.03 4.13 3.48 2.67 2.59 4.03 16.34 19.27 11.13 3.55 1.05 0.52 0.29 0.17 0.00 0.00 0.00 0.00 0.00 0.00 0.00 0.00 0.00 0.00 0.00 0.00 0.44 0.57 0.88 1.26 0.99 0.25 0.30
11.85 11.77 11.11 11.65 12.17 12.70 12.64 11.97 10.81 9.97 9.00 8.63 9.19 8.11 7.30 7.10 7.42 7.17 6.86 6.34 6.27 4.70 4.10 4.16 5.60 7.27 8.24 6.31 4.29 3.08 3.05 4.29 5.47 7.85 8.85 11.33 10.57 9.82 5.75 4.22 3.78 4.21 3.92 2.65 2.47 5.67 16.57 19.93 12.53 3.97 1.25 0.58 0.29 0.00 0.00 0.00 0.00 0.00 0.00 0.00 0.00 0.00 0.00 0.00 0.00 0.00 0.00 0.73 0.79 1.27 0.67 0.17 0.24
12.51 11.61 11.04 11.81 12.22 12.79 12.83 12.44 10.66 9.56 8.67 7.73 7.57 7.03 6.45 6.68 6.98 7.02 7.00 7.02 7.48 5.15 3.83 3.34 4.05 4.39 5.56 4.55 3.71 2.82 2.88 3.68 4.57 6.87 8.38 12.15 11.54 9.59 5.16 3.96 3.41 4.04 3.80 3.10 2.43 4.72 10.51 23.52 14.40 3.60 1.37 0.67 0.30 0.00 0.00 0.00 0.00 0.00 0.00 0.00 0.00 0.00 0.00 0.00 0.00 0.00 0.24 0.67 0.75 0.51 0.43 0.30 0.29
