dati/cumulata_oraria_prisma_2018052805.txt
ncols        251
nrows        249
xllcorner         436000.00000
yllcorner        4918000.00000
cellsize           1000.00000
NODATA_value          -9999.00000
[rows 96 to 127 of 249, columns 73 to 145 of 251]
1.81 1.63 1.39 1.29 1.32 1.33 1.37 1.46 1.28 0.92 0.73 0.49 0.45 0.42 0.55 0.70 0.66 0.63 0.67 0.83 0.98 1.25 1.48 1.69 2.00 2.22 3.17 3.46 5.85 11.38 17.76 17.55 10.49 6.45 4.33 3.05 2.92 3.07 3.23 3.43 3.74 4.07 4.55 5.41 6.60 7.94 10.03 11.87 11.46 9.93 7.43 7.35 9.32 11.03 12.69 16.99 20.17 18.99 15.69 13.55 10.33 8.36 7.71 8.26 10.79 14.47 17.21 22.24 21.74 10.39 7.45 6.60 4.97
1.83 1.63 1.37 1.27 1.29 1.34 1.41 1.46 1.45 1.15 0.86 0.63 0.47 0.45 0.44 0.70 0.70 0.66 0.65 0.77 0.95 1.13 1.37 1.54 1.79 2.06 2.61 2.73 4.29 10.19 19.10 21.07 12.16 6.69 3.83 2.69 2.50 2.55 2.86 3.02 3.47 3.78 4.04 4.80 5.88 7.53 8.62 10.09 9.68 9.82 8.31 6.82 8.36 9.74 11.74 12.52 16.25 16.26 15.04 13.09 11.39 8.93 7.88 7.27 7.61 8.66 11.85 16.91 18.41 11.72 7.07 6.63 4.37
1.82 1.60 1.34 1.25 1.27 1.39 1.53 1.58 1.50 1.13 0.86 0.69 0.50 0.48 0.47 0.48 0.50 0.53 0.58 0.75 0.91 1.10 1.28 1.40 1.62 1.90 2.09 2.17 3.57 7.16 22.30 20.79 14.57 8.15 3.53 2.50 2.24 2.37 2.51 2.87 3.06 3.42 3.74 4.29 5.26 7.27 8.42 8.18 8.25 7.97 6.81 6.07 8.10 8.96 9.87 12.05 14.30 14.10 12.94 11.59 9.94 9.01 7.78 6.90 6.94 8.80 12.17 14.95 19.30 15.74 8.38 5.76 3.94
1.87 1.55 1.31 1.23 1.14 1.35 1.71 1.70 1.53 0.99 0.90 0.69 0.54 0.52 0.51 0.51 0.54 0.57 0.61 0.66 0.91 1.04 1.25 1.32 1.57 1.79 1.94 2.05 2.36 6.25 16.61 21.30 14.76 7.03 3.65 2.50 2.04 2.06 2.28 2.64 2.85 2.92 3.29 3.62 4.30 6.15 7.41 8.02 7.05 6.23 5.37 5.13 6.92 8.51 9.22 10.86 11.99 13.04 12.37 9.84 8.56 8.47 7.31 6.54 6.14 6.07 7.28 11.80 17.44 13.67 8.01 5.02 3.71
1.91 1.65 1.36 1.20 1.12 1.35 1.77 1.97 1.46 1.02 0.80 0.62 0.58 0.56 0.56 0.56 0.58 0.61 0.65 0.69 0.91 1.02 1.17 1.27 1.42 1.64 1.70 1.81 2.18 5.49 12.41 18.58 14.45 7.35 3.90 2.05 1.85 1.84 2.21 2.43 2.84 2.77 2.89 2.91 3.49 4.45 6.10 7.77 6.60 4.85 4.59 4.81 5.93 7.66 8.32 9.40 11.93 12.39 10.31 8.57 7.31 7.32 6.91 6.02 5.45 5.27 8.09 11.93 13.35 15.15 17.99 6.29 3.23
2.06 1.86 1.40 1.31 1.17 1.21 1.68 1.82 1.46 0.92 0.70 0.66 0.63 0.62 0.61 0.62 0.64 0.66 0.70 0.74 0.88 1.03 1.13 1.22 1.29 1.44 1.45 1.67 2.18 5.76 9.71 13.09 11.52 6.74 3.68 2.20 1.70 1.71 1.99 2.37 2.50 2.52 2.53 2.62 2.83 3.69 5.66 6.63 6.11 5.02 4.28 4.20 5.48 6.07 6.05 9.03 12.76 14.74 14.07 8.21 6.11 5.60 5.33 5.13 4.70 4.62 4.66 5.70 8.11 18.84 15.01 7.59 3.40
2.77 2.65 1.64 1.42 1.26 1.20 1.47 1.69 1.24 0.79 0.75 0.72 0.69 0.68 0.68 0.69 0.71 0.73 0.76 0.79 0.82 1.04 1.10 1.18 1.22 1.29 1.39 1.47 3.82 5.56 7.47 7.44 7.22 4.90 4.35 3.27 1.53 1.61 1.66 1.93 2.04 2.34 2.20 2.42 2.48 2.89 3.76 4.69 4.14 4.21 3.79 3.60 4.52 5.11 6.22 8.83 10.43 14.85 11.11 7.62 5.41 4.86 4.59 4.39 4.16 4.03 4.30 5.70 8.14 13.66 16.64 9.31 3.17
3.68 3.46 2.15 1.76 1.51 1.20 1.38 1.32 1.03 0.84 0.80 0.78 0.76 0.75 0.76 0.76 0.78 0.80 0.83 0.85 0.88 1.03 1.07 1.15 1.21 1.22 1.30 1.38 3.50 4.29 4.72 3.98 4.20 3.77 4.02 2.41 1.38 1.45 1.62 1.67 1.52 1.57 1.83 2.11 2.11 2.33 2.27 2.51 3.36 3.71 3.59 3.07 3.75 4.36 4.76 5.13 9.92 14.17 11.54 7.16 4.53 4.09 3.88 3.77 3.69 3.56 3.53 3.53 3.45 8.73 16.35 11.24 3.70
4.34 3.24 2.24 1.92 1.61 1.45 1.24 1.09 0.92 0.89 0.87 0.85 0.84 0.84 0.84 0.85 0.86 0.88 0.91 0.93 0.95 1.10 1.13 1.18 1.18 1.27 1.35 1.73 3.97 3.38 2.72 2.41 2.35 2.54 1.66 1.39 1.31 1.43 1.24 1.18 1.18 1.30 1.29 1.58 1.83 1.78 2.04 2.52 3.25 2.97 2.41 2.49 2.99 3.70 4.57 6.10 6.71 8.06 5.24 4.04 3.48 3.44 3.42 3.36 3.41 3.23 3.25 3.33 5.12 7.62 4.51 2.82 1.66
4.76 3.98 2.48 2.02 1.64 1.39 1.33 1.17 0.97 0.95 0.93 0.93 0.92 0.92 0.93 0.94 0.96 0.97 0.99 1.01 1.02 1.13 1.17 1.19 1.22 1.36 1.56 1.67 2.58 2.26 2.17 1.83 1.86 1.69 1.38 1.16 1.09 1.13 1.04 1.03 0.92 0.92 1.05 1.56 1.83 1.97 1.61 1.93 2.70 2.48 2.04 2.19 2.63 3.16 3.06 3.14 4.83 5.54 4.10 3.16 2.95 2.96 2.98 3.02 3.00 2.90 2.86 2.46 3.47 7.08 3.26 2.14 1.34
4.39 4.28 2.95 2.29 1.84 1.60 1.35 1.30 1.21 1.01 1.01 1.01 1.01 1.02 1.03 1.04 1.06 1.07 1.08 1.10 1.11 1.11 1.22 1.23 1.31 2.09 1.95 1.82 1.73 1.92 1.54 1.44 1.36 1.32 1.14 1.05 1.00 1.01 0.97 0.80 0.71 0.70 0.86 1.12 1.80 1.97 1.66 1.66 2.00 1.64 1.66 2.03 2.34 2.81 2.82 2.78 3.03 3.05 3.09 2.57 2.49 2.54 2.59 2.71 2.67 2.71 2.60 2.01 1.82 1.65 1.61 1.40 1.00
3.87 4.39 3.42 2.93 2.62 1.96 1.68 1.52 1.24 1.08 1.09 1.10 1.11 1.12 1.13 1.15 1.16 1.17 1.18 1.19 1.19 1.29 1.32 1.44 2.26 2.44 2.60 1.87 1.48 1.44 1.35 1.26 1.16 1.15 1.05 0.95 0.86 0.86 0.71 0.67 0.59 0.53 0.59 0.93 1.81 2.00 1.74 1.43 1.53 1.26 1.31 1.56 2.28 2.57 2.46 2.25 2.28 2.51 2.40 2.03 1.99 2.12 2.21 2.59 2.73 2.47 2.52 2.19 1.65 1.37 1.35 1.12 0.84
3.08 3.84 3.79 3.42 3.52 3.11 2.53 1.96 1.45 1.23 1.18 1.19 1.21 1.23 1.24 1.26 1.42 1.38 1.29 1.29 1.47 1.37 1.39 1.90 4.23 3.34 2.56 2.11 1.54 1.31 1.21 1.11 1.09 1.01 0.92 0.75 0.73 0.68 0.63 0.60 0.51 0.43 0.46 0.68 1.42 2.22 2.26 1.57 1.25 1.12 1.06 1.19 1.89 2.49 2.36 1.58 1.62 1.80 1.70 1.60 1.57 1.59 1.90 2.37 2.67 2.72 2.86 1.52 1.32 1.01 1.04 1.00 0.62
3.21 3.76 4.01 4.09 3.95 3.70 3.81 3.81 2.58 1.53 1.39 1.29 1.32 1.46 1.53 1.57 1.71 1.65 1.52 1.73 2.13 1.56 1.47 2.15 3.60 4.82 3.48 2.21 1.62 1.28 1.15 1.08 0.99 0.90 0.80 0.71 0.67 0.63 0.54 0.49 0.43 0.34 0.35 0.51 1.28 2.71 2.42 1.78 1.57 1.21 0.81 0.77 1.33 1.47 1.52 1.14 1.07 1.26 1.34 1.36 1.18 1.28 1.71 1.92 2.19 2.58 2.93 2.36 1.66 1.00 0.80 0.94 0.73
2.57 3.21 4.02 4.28 4.23 4.35 4.65 4.39 4.03 2.27 1.72 1.66 1.69 1.81 1.87 2.10 2.34 1.93 1.94 2.35 3.07 2.05 1.60 2.09 4.32 6.36 5.16 2.29 1.77 1.32 1.17 1.09 0.98 0.86 0.80 0.66 0.60 0.53 0.45 0.45 0.37 0.25 0.28 0.36 0.68 1.92 2.53 1.62 1.15 1.09 0.91 0.60 0.79 1.02 0.90 0.69 0.73 0.75 1.07 0.89 0.85 0.82 1.02 1.46 2.04 2.30 3.55 3.89 1.25 1.00 0.94 1.17 0.43
2.82 2.96 3.52 4.18 4.41 4.02 4.48 4.17 3.25 2.27 2.18 2.51 2.50 2.19 2.26 2.56 2.87 2.52 2.28 2.63 3.08 2.31 1.81 2.33 3.92 6.32 6.09 3.35 1.78 1.34 1.16 1.05 0.96 0.84 0.73 0.61 0.52 0.46 0.41 0.39 0.35 0.21 0.18 0.20 0.56 1.39 1.18 0.90 0.94 0.96 0.71 0.39 0.33 0.37 0.41 0.44 0.46 0.48 0.48 0.48 0.46 0.52 0.75 0.88 1.11 2.32 3.92 3.85 3.32 1.37 0.88 1.17 0.92
2.86 2.76 3.60 4.08 4.23 3.96 3.77 3.57 2.70 2.35 2.73 3.44 3.99 3.21 2.94 3.28 3.74 3.44 2.62 2.92 4.11 2.75 1.94 2.03 3.46 5.02 5.12 2.77 1.85 1.36 1.13 1.04 0.95 0.83 0.71 0.61 0.42 0.34 0.39 0.37 0.31 0.00 0.00 0.00 0.25 0.25 0.55 0.57 0.64 0.72 0.36 0.00 0.00 0.18 0.20 0.22 0.24 0.24 0.24 0.23 0.21 0.19 0.26 0.66 1.28 2.34 3.20 3.63 2.57 1.31 1.18 1.19 0.70
3.62 2.92 3.07 4.03 4.01 3.28 3.33 3.14 2.81 2.70 3.79 4.84 4.70 3.86 4.24 4.18 4.24 3.34 2.71 3.40 6.61 4.98 2.56 2.21 2.33 3.69 3.91 2.45 1.82 1.32 1.14 1.05 0.95 0.84 0.62 0.53 0.44 0.36 0.28 0.21 0.00 0.00 0.00 0.00 0.00 0.00 0.16 0.29 0.36 0.24 0.00 0.00 0.00 0.00 0.00 0.00 0.00 0.00 0.00 0.00 0.00 0.00 0.00 0.31 0.95 1.93 3.26 3.03 2.58 1.75 1.13 1.22 1.05
3.76 2.60 2.82 3.06 4.21 3.72 3.88 3.70 3.25 3.44 4.40 5.23 5.86 4.99 4.45 4.52 3.96 3.20 2.67 3.84 6.06 5.40 3.76 2.95 2.76 2.74 2.29 2.28 1.71 1.35 1.15 1.06 0.96 0.76 0.66 0.56 0.47 0.39 0.30 0.23 0.00 0.00 0.00 0.00 0.00 0.00 0.00 0.00 0.00 0.00 0.00 0.00 0.00 0.00 0.00 0.00 0.00 0.00 0.00 0.00 0.00 0.00 0.00 0.00 1.18 1.99 1.67 1.90 2.11 1.54 1.64 1.75 0.96
3.38 2.53 2.41 3.27 3.96 3.75 4.04 4.27 3.83 4.04 5.27 5.80 6.04 6.69 5.55 4.39 4.07 3.60 3.07 3.57 4.79 5.18 4.52 3.84 3.27 3.09 2.52 2.00 1.72 1.32 1.10 1.00 0.90 0.80 0.70 0.60 0.51 0.42 0.33 0.26 0.18 0.00 0.00 0.00 0.00 0.00 0.00 0.00 0.00 0.00 0.00 0.00 0.00 0.00 0.00 0.00 0.00 0.00 0.00 0.00 0.00 0.00 0.00 0.00 0.00 0.52 1.56 1.12 0.69 1.08 1.56 1.70 1.40
2.83 2.52 2.38 2.82 3.33 3.47 3.88 4.71 3.99 4.20 5.26 7.20 8.27 7.33 6.48 5.19 4.83 3.97 3.53 3.39 4.23 4.71 4.72 4.01 3.49 3.35 2.74 2.23 1.79 1.41 1.15 1.04 0.94 0.84 0.74 0.64 0.55 0.46 0.37 0.29 0.21 0.00 0.00 0.00 0.00 0.00 0.00 0.00 0.00 0.00 0.00 0.00 0.00 0.00 0.00 0.00 0.00 0.00 0.00 0.00 0.00 0.00 0.00 0.00 0.26 0.24 0.00 0.00 0.78 1.46 1.93 2.26 1.18
2.56 2.46 2.82 3.18 3.40 3.45 3.58 4.52 4.35 4.25 5.91 7.73 7.74 7.71 6.43 5.64 5.17 4.36 3.86 3.25 3.78 5.17 4.95 3.76 3.41 3.86 3.03 2.42 1.98 1.52 1.19 1.09 0.99 0.89 0.79 0.69 0.59 0.50 0.41 0.33 0.25 0.18 0.00 0.00 0.00 0.00 0.00 0.00 0.00 0.00 0.00 0.00 0.00 0.00 0.00 0.00 0.00 0.00 0.00 0.00 0.00 0.00 0.00 0.00 0.00 0.00 0.00 0.00 0.00 0.00 2.32 1.60 0.60
2.33 2.42 3.11 3.64 3.59 3.79 3.94 4.34 4.07 4.23 5.05 6.59 7.75 8.71 7.43 6.01 5.04 5.22 4.97 3.77 3.77 4.35 4.68 3.78 3.61 4.42 3.58 2.28 2.00 1.35 1.24 1.14 1.04 0.94 0.84 0.74 0.64 0.55 0.46 0.38 0.29 0.22 0.00 0.00 0.00 0.00 0.00 0.00 0.00 0.00 0.00 0.00 0.00 0.00 0.00 0.00 0.00 0.00 0.00 0.00 0.00 0.00 0.00 0.00 0.00 0.00 0.00 0.00 0.00 0.00 0.00 0.20 0.25
1.94 2.60 3.32 3.90 3.72 3.63 3.95 4.48 4.54 4.45 5.46 6.68 7.05 6.83 7.15 7.23 5.92 6.34 6.02 4.52 3.79 3.91 4.54 4.75 4.07 4.23 3.47 2.62 1.81 1.40 1.30 1.20 1.09 0.99 0.89 0.80 0.70 0.61 0.52 0.43 0.34 0.26 0.18 0.00 0.00 0.00 0.00 0.00 0.00 0.00 0.00 0.00 0.00 0.00 0.00 0.00 0.00 0.00 0.00 0.00 0.00 0.00 0.00 0.00 0.00 0.00 0.00 0.00 0.00 0.00 0.20 0.00 0.00
1.88 1.98 3.63 4.97 4.42 3.99 4.75 5.06 4.98 4.97 5.10 5.81 5.77 5.70 6.39 6.25 6.06 6.57 6.41 4.92 4.15 4.03 4.39 4.10 3.80 3.43 3.14 2.09 1.90 1.46 1.36 1.26 1.16 1.06 0.96 0.86 0.76 0.67 0.58 0.49 0.40 0.31 0.23 0.00 0.00 0.00 0.00 0.00 0.00 0.00 0.00 0.00 0.00 0.00 0.00 0.00 0.00 0.00 0.00 0.00 0.00 0.00 0.00 0.00 0.00 0.00 0.00 0.00 0.00 0.00 0.00 0.00 0.00
1.78 2.21 3.66 4.99 4.18 4.53 6.38 6.23 5.64 5.20 4.76 5.48 5.28 4.99 4.72 4.88 4.71 6.49 8.48 6.83 4.79 4.07 4.09 4.23 3.83 3.32 2.59 2.23 1.86 1.53 1.43 1.33 1.23 1.13 1.03 0.93 0.83 0.74 0.64 0.55 0.46 0.37 0.29 0.21 0.00 0.00 0.00 0.00 0.00 0.00 0.00 0.00 0.00 0.00 0.00 0.00 0.00 0.00 0.00 0.00 0.00 0.00 0.00 0.00 0.00 0.00 0.00 0.00 0.00 0.00 0.00 0.00 0.00
1.82 2.13 3.97 5.30 5.04 5.20 6.40 6.41 5.65 5.31 5.01 5.50 5.42 4.67 4.04 3.66 3.54 4.75 6.33 6.49 5.10 4.12 4.10 4.02 3.75 2.73 2.48 2.21 1.89 1.61 1.51 1.41 1.31 1.21 1.11 1.01 0.91 0.81 0.72 0.62 0.53 0.44 0.35 0.26 0.18 0.00 0.00 0.00 0.00 0.00 0.00 0.00 0.00 0.00 0.00 0.00 0.00 0.00 0.00 0.00 0.00 0.00 0.00 0.00 0.00 0.00 0.00 0.00 0.00 0.00 0.00 0.00 0.00
1.68 2.07 3.29 4.69 5.20 6.20 7.63 7.53 6.66 5.88 5.35 5.23 5.35 4.73 3.92 3.50 3.45 4.25 5.11 5.11 5.08 4.34 4.07 4.05 3.66 3.08 2.52 2.17 1.99 1.70 1.60 1.50 1.40 1.30 1.20 1.10 1.00 0.90 0.80 0.70 0.61 0.51 0.41 0.32 0.23 0.00 0.00 0.00 0.00 0.00 0.00 0.00 0.00 0.00 0.00 0.00 0.00 0.00 0.00 0.00 0.00 0.00 0.00 0.00 0.00 0.00 0.00 0.00 0.00 0.00 0.00 0.00 0.00
1.51 1.78 3.47 4.66 5.26 6.28 7.95 7.73 6.70 5.91 5.62 5.67 5.31 5.16 4.50 3.72 3.36 3.43 3.64 3.60 4.52 4.19 3.81 3.80 3.70 2.74 2.45 2.22 1.89 1.80 1.70 1.61 1.51 1.41 1.31 1.21 1.11 1.00 0.90 0.79 0.69 0.59 0.49 0.39 0.30 0.21 0.00 0.00 0.00 0.00 0.00 0.00 0.00 0.00 0.00 0.00 0.00 0.00 0.00 0.00 0.00 0.00 0.00 0.00 0.00 0.00 0.00 0.00 0.00 0.00 0.00 0.00 0.00
1.45 1.67 2.63 3.85 5.20 6.76 7.93 8.20 7.35 6.55 6.27 6.31 5.73 5.15 4.83 4.17 3.60 3.08 3.20 3.19 3.45 3.90 3.53 3.94 3.85 3.24 2.50 2.22 2.01 1.92 1.83 1.73 1.63 1.53 1.43 1.33 1.22 1.11 1.01 0.90 0.79 0.68 0.57 0.47 0.37 0.27 0.18 0.00 0.00 0.00 0.00 0.00 0.00 0.00 0.00 0.00 0.00 0.00 0.00 0.00 0.00 0.00 0.00 0.00 0.00 0.00 0.00 0.00 0.00 0.00 0.00 0.00 0.00
1.28 1.61 2.41 4.03 5.76 6.92 8.23 8.49 7.61 6.66 6.59 6.44 5.94 5.06 5.30 4.67 4.10 3.41 3.03 2.92 3.07 3.16 3.24 3.48 3.82 2.75 2.51 2.32 2.14 2.05 1.97 1.87 1.78 1.68 1.57 1.46 1.35 1.24 1.13 1.01 0.89 0.78 0.66 0.55 0.44 0.34 0.24 0.00 0.00 0.00 0.00 0.00 0.00 0.00 0.00 0.00 0.00 0.00 0.00 0.00 0.00 0.00 0.00 0.00 0.00 0.00 0.00 0.00 0.00 0.00 0.00 0.00 0.00
1.27 1.64 2.61 4.02 5.15 6.91 8.41 10.08 9.42 8.22 7.04 6.55 5.94 5.44 5.35 5.32 4.45 3.52 3.16 3.00 3.06 3.03 3.10 3.14 3.20 2.97 2.63 2.47 2.29 2.21 2.13 2.03 1.94 1.84 1.73 1.62 1.50 1.38 1.26 1.14 1.01 0.89 0.76 0.64 0.52 0.41 0.30 0.20 0.00 0.00 0.00 0.00 0.00 0.00 0.00 0.00 0.00 0.00 0.00 0.00 0.00 0.00 0.00 0.00 0.00 0.00 0.00 0.00 0.00 0.00 0.00 0.00 0.00
