dati/cumulata_oraria_prisma_2018052717.txt
ncols        251
nrows        249
xllcorner         436000.00000
yllcorner        4918000.00000
cellsize           1000.00000
NODATA_value          -9999.00000
[rows 64 to 95 of 249, columns 73 to 145 of 251]
6.58 11.44 13.19 12.63 12.13 15.14 18.72 21.41 26.48 27.61 34.11 31.38 30.85 31.38 37.70 45.17 51.54 48.74 43.17 40.91 47.17 45.71 36.85 25.60 20.28 14.66 15.29 12.87 10.72 10.43 9.06 7.93 6.92 6.25 5.63 5.08 4.56 4.11 3.67 3.31 3.01 2.84 2.72 2.68 3.07 2.98 2.87 2.52 2.39 2.33 2.40 2.09 2.14 2.22 2.27 2.36 2.46 2.60 2.75 2.93 3.23 3.54 3.87 4.43 5.51 5.04 5.07 5.59 5.79 6.55 7.57 8.04 7.73
7.00 8.75 11.90 10.63 12.78 15.32 17.86 19.49 23.69 27.04 34.09 30.29 29.20 31.42 37.46 43.07 47.42 43.35 37.41 33.80 34.09 37.57 35.98 24.92 17.87 13.96 12.52 11.00 9.75 9.42 8.93 8.08 7.23 6.52 5.81 5.17 4.62 4.16 3.78 3.43 3.14 2.93 2.89 2.87 3.34 3.69 3.36 2.72 2.57 2.94 3.17 2.21 2.14 2.16 2.21 2.32 2.37 2.50 2.63 2.84 3.24 3.54 3.87 4.47 5.72 5.87 6.35 5.76 6.12 7.35 8.24 8.10 9.32
9.39 10.76 12.99 14.69 15.19 17.10 21.74 21.86 23.38 30.43 32.89 25.60 24.68 26.44 31.97 36.31 40.14 39.43 26.95 24.30 25.04 30.38 31.41 26.37 19.01 16.12 13.81 11.43 10.08 9.00 8.60 7.99 7.45 6.71 6.00 5.32 4.75 4.33 3.92 3.59 3.43 3.25 3.10 3.40 3.82 4.05 3.87 3.08 2.87 3.23 4.04 2.47 2.20 2.20 2.21 2.23 2.31 2.48 2.64 2.87 3.33 3.86 4.30 4.76 6.31 7.00 7.13 6.31 6.72 8.66 9.00 8.33 9.52
15.29 15.13 18.85 18.89 18.89 21.22 27.46 27.30 28.37 30.07 24.81 19.23 19.20 17.69 21.90 26.08 37.76 32.79 20.69 17.99 18.60 24.48 26.78 27.39 24.64 19.39 15.90 12.97 10.38 9.01 8.38 7.89 7.47 6.84 6.19 5.54 4.99 4.60 4.18 3.94 4.01 4.00 3.85 5.30 5.64 4.75 4.46 3.61 3.33 3.90 4.01 2.78 2.59 2.52 2.39 2.38 2.42 2.56 2.79 3.31 3.97 4.92 4.91 5.08 5.83 6.97 7.79 6.49 8.32 9.03 9.63 11.26 13.58
19.21 19.57 21.25 20.72 22.79 27.37 28.12 26.30 25.71 20.14 13.70 12.36 12.51 12.18 16.22 22.20 33.38 26.36 17.31 15.68 14.69 19.00 25.93 31.96 32.74 23.43 18.59 14.18 10.90 8.87 8.47 8.12 7.65 7.10 6.41 5.77 5.32 4.96 4.53 4.38 5.01 5.09 4.91 7.57 8.62 6.02 5.65 5.03 4.32 4.23 3.61 3.05 2.91 2.68 2.46 2.43 2.44 2.70 3.03 3.42 4.39 5.23 4.75 4.83 5.36 6.62 7.29 6.18 8.37 9.20 9.32 11.80 13.33
25.04 20.62 20.94 24.64 29.87 30.13 24.48 18.07 15.42 9.42 7.16 7.48 7.89 9.39 13.28 19.67 26.36 19.44 15.08 13.28 13.06 15.46 26.73 35.39 34.54 24.54 18.65 14.14 10.67 8.86 8.46 8.45 8.03 7.46 6.67 6.07 5.86 5.42 5.12 4.86 5.92 5.56 6.28 10.75 11.44 8.41 7.08 5.24 4.35 3.71 3.17 3.13 3.23 3.30 3.40 2.78 2.37 2.40 2.66 3.11 3.75 4.37 4.69 4.28 4.46 5.69 6.44 6.04 8.48 9.26 9.13 11.51 13.29
28.72 24.74 27.11 31.01 33.63 25.62 16.06 11.08 9.32 5.65 5.41 5.87 6.68 8.50 12.99 19.49 21.13 16.32 12.88 11.41 12.28 14.40 21.53 33.79 30.12 23.99 16.66 13.23 11.05 9.51 8.68 8.91 8.78 7.95 7.01 6.58 6.46 5.87 5.60 5.33 5.96 5.88 7.98 12.78 11.97 9.94 7.20 5.06 4.00 3.20 2.82 3.24 3.28 3.23 3.85 2.94 2.32 2.30 2.51 3.02 3.26 3.50 4.08 4.09 4.15 4.70 5.47 5.52 6.81 9.12 8.89 12.98 14.40
34.91 31.05 34.06 35.16 31.70 17.98 10.54 7.04 5.75 4.28 4.43 5.13 5.85 7.84 12.23 17.40 15.95 11.96 10.46 10.51 11.95 14.41 21.89 28.59 26.73 20.77 16.67 13.72 11.47 10.41 9.46 9.13 9.31 8.63 7.62 7.28 7.01 6.34 5.98 5.75 5.95 6.00 9.03 11.83 9.82 7.82 5.45 4.22 3.43 3.05 2.75 2.98 2.82 2.93 3.61 2.88 2.44 2.35 2.50 2.80 3.08 3.32 3.78 3.85 3.84 4.38 4.98 5.54 6.70 9.06 9.07 12.74 14.77
40.04 36.14 32.35 32.76 25.13 12.24 6.47 4.14 3.52 3.41 3.97 4.53 5.29 7.75 12.58 14.43 12.62 9.59 9.18 10.22 11.76 15.65 22.73 26.88 28.44 25.00 19.75 16.48 12.03 12.14 12.13 11.45 10.13 9.38 8.53 8.02 7.52 6.84 6.54 6.18 5.84 6.45 8.34 8.94 7.31 5.59 4.49 3.80 3.55 3.20 2.94 2.89 2.73 2.79 3.12 2.70 2.49 2.51 2.59 2.76 2.96 3.19 3.34 3.41 3.58 3.95 4.77 4.70 5.40 7.72 7.70 11.34 13.91
32.96 36.53 28.75 22.28 15.23 7.66 4.23 3.07 2.85 2.89 3.49 4.06 5.13 7.81 12.08 11.36 8.96 8.12 8.47 9.76 11.19 14.59 20.49 30.99 32.78 28.90 22.63 18.20 13.35 13.14 14.38 12.95 11.79 10.76 9.79 8.76 8.16 7.44 6.98 6.56 6.30 6.86 7.94 7.15 6.32 5.12 4.36 4.02 3.79 3.55 3.29 3.09 2.78 2.48 2.42 2.44 2.50 2.49 2.39 2.47 2.65 2.72 2.83 3.08 3.33 3.95 4.72 4.55 4.68 5.37 5.60 7.53 9.08
23.56 26.84 15.15 10.31 7.60 4.14 2.90 2.26 2.15 2.61 3.11 3.75 5.29 9.40 11.64 9.79 7.90 7.90 7.97 10.00 11.18 13.17 17.96 34.44 37.05 31.76 25.51 19.98 15.69 15.03 16.91 15.55 13.80 11.60 10.76 9.87 8.69 7.89 7.28 6.80 6.47 6.55 7.40 7.39 6.52 5.60 4.87 4.35 4.08 3.82 3.62 3.44 3.11 2.71 2.58 2.60 2.51 2.49 2.45 2.54 2.64 2.76 2.84 3.04 3.27 3.87 4.64 4.34 4.23 3.96 4.40 5.13 6.14
14.95 17.15 9.26 6.38 4.89 3.90 2.74 2.08 1.83 2.32 2.93 4.03 9.31 13.62 11.21 8.03 7.50 7.20 8.61 10.01 12.88 14.54 20.84 35.73 38.23 33.76 26.49 22.60 21.45 21.51 22.62 20.56 18.95 14.21 13.23 11.49 9.82 8.68 7.87 7.35 6.96 6.83 7.33 7.54 6.32 5.39 5.00 4.63 4.28 3.97 3.77 3.82 3.53 3.00 2.89 2.84 2.65 2.57 2.53 2.62 2.75 2.78 2.82 2.95 3.18 3.88 4.64 4.70 4.15 3.82 4.02 3.97 4.75
10.00 10.04 6.41 5.05 4.84 4.13 3.09 2.23 2.13 2.12 2.82 4.93 11.27 14.19 9.88 7.63 7.09 6.73 9.18 10.18 14.48 18.65 28.36 40.46 41.05 38.92 33.91 28.49 27.78 27.51 27.98 24.98 21.10 16.34 13.86 11.77 9.86 8.96 8.58 8.23 7.87 7.49 7.85 7.93 6.92 6.08 5.58 5.21 4.88 4.52 4.27 3.94 3.89 3.42 3.36 3.19 2.86 2.78 2.75 2.75 2.76 2.81 2.82 2.89 3.02 3.26 3.69 4.11 3.71 3.48 3.56 3.74 4.50
7.70 7.42 5.76 5.65 6.33 4.88 2.91 2.13 1.71 2.05 3.53 7.51 10.89 9.03 8.24 6.64 6.85 6.35 9.62 13.05 19.24 24.94 32.21 41.03 47.82 47.40 41.94 33.34 29.53 32.46 31.58 24.89 20.99 15.95 12.83 11.34 10.06 9.53 9.31 8.96 8.70 9.31 10.07 8.58 7.41 6.71 6.21 5.85 5.55 5.11 4.70 4.45 4.38 3.67 3.49 3.26 3.05 2.89 2.76 2.70 2.68 2.73 2.70 2.65 3.03 3.12 3.40 3.60 3.40 3.33 3.57 3.69 4.23
5.41 4.51 5.15 6.00 6.66 5.09 3.01 2.24 1.03 2.02 3.59 6.81 8.04 6.74 5.44 5.34 5.72 7.94 11.02 18.42 23.66 38.27 46.90 49.75 55.91 52.85 43.76 32.62 30.32 35.47 33.99 28.78 21.03 15.34 12.22 11.08 10.66 10.38 10.22 9.76 9.60 10.26 11.48 9.49 8.23 7.66 6.99 6.57 6.12 5.75 5.40 4.99 4.89 4.49 4.00 3.75 3.52 3.32 3.12 2.98 2.92 2.88 2.84 2.75 2.61 2.64 2.76 2.88 2.88 2.79 3.09 3.39 3.32
3.87 5.02 5.16 5.87 5.98 5.68 2.30 0.42 0.83 2.08 3.92 5.44 4.97 4.48 4.64 5.09 5.55 9.74 12.17 21.73 27.44 39.82 51.68 61.30 55.45 45.76 36.14 32.23 33.16 34.96 30.87 27.07 20.37 15.25 13.24 12.59 12.33 12.04 12.14 11.35 10.50 11.04 11.59 10.19 9.09 8.46 7.86 7.40 6.96 6.55 6.22 5.82 5.59 5.20 4.66 4.37 4.07 3.80 3.56 3.36 3.29 3.19 3.08 2.88 2.81 2.87 2.93 2.97 2.85 2.90 3.14 3.31 3.12
4.52 5.64 6.90 6.03 5.46 3.38 0.00 0.00 0.85 2.21 3.40 4.11 4.24 4.40 4.18 4.60 5.65 10.34 13.97 23.75 33.29 48.10 57.20 65.52 51.62 46.39 36.12 31.74 31.47 30.08 28.22 25.82 20.60 15.84 14.01 14.79 14.20 13.95 13.86 12.69 12.20 12.06 11.63 11.05 10.39 10.02 9.12 8.28 7.91 7.56 7.24 7.08 6.42 6.05 5.81 5.39 5.09 4.75 4.41 3.81 3.66 3.53 3.34 3.13 3.06 3.14 3.17 3.10 2.97 3.10 3.55 3.38 2.87
3.64 3.59 6.72 5.15 2.26 0.00 0.00 0.00 0.70 1.66 2.65 4.15 4.52 3.97 3.59 4.26 7.16 9.03 15.72 23.33 36.50 59.30 66.50 67.96 49.93 37.44 28.38 24.38 22.09 24.42 24.37 23.27 19.96 16.09 15.09 16.36 16.01 14.93 15.69 14.56 13.57 12.61 12.18 12.21 11.90 10.97 10.15 9.94 9.35 8.79 8.12 7.94 7.23 6.89 6.48 6.00 5.63 5.23 4.90 4.49 4.29 4.13 3.82 3.58 3.61 3.65 3.53 3.36 3.07 3.14 3.50 3.42 2.88
1.27 0.90 3.96 1.70 0.00 0.00 0.00 0.00 0.28 0.91 2.85 5.34 4.90 3.82 3.42 3.87 7.14 8.31 16.37 23.53 44.17 65.46 68.26 64.30 44.76 33.30 27.53 22.41 20.81 20.04 20.10 19.69 17.68 18.22 16.60 18.53 18.56 16.45 16.87 15.48 14.38 13.40 12.92 13.14 12.81 12.06 11.54 11.06 10.59 10.05 9.75 9.20 8.24 7.57 7.27 6.63 6.19 5.71 5.35 4.95 4.62 4.38 4.12 3.90 3.91 3.88 3.75 3.63 3.44 3.35 3.33 3.22 3.03
0.00 0.00 0.62 0.00 0.00 0.00 0.00 0.00 0.00 0.75 3.64 5.85 4.54 3.06 2.74 3.16 4.95 6.99 11.55 20.89 37.75 59.06 52.09 35.61 28.27 23.98 24.16 19.98 20.73 20.30 20.95 20.64 19.19 19.35 19.47 21.36 20.69 18.38 18.18 16.08 14.64 13.79 13.45 14.03 13.92 13.75 13.60 12.43 11.80 11.36 10.90 10.50 9.41 8.45 7.96 7.19 6.75 6.21 5.77 5.34 5.08 4.83 4.56 4.38 4.29 4.15 3.92 3.80 3.58 3.33 3.10 3.12 2.97
0.00 0.00 0.00 0.00 0.00 0.00 0.00 0.00 0.00 0.49 2.37 3.79 2.69 1.96 2.03 2.83 3.90 5.07 8.95 19.13 31.09 43.36 35.35 23.83 20.82 18.96 18.17 18.95 20.53 21.60 21.71 20.36 21.88 25.35 26.76 26.03 24.58 19.90 18.82 16.28 14.65 14.64 14.47 14.72 14.95 15.14 14.54 13.23 13.34 13.30 12.51 11.28 10.25 8.97 8.61 8.10 7.33 6.76 6.35 5.94 5.58 5.27 5.00 4.73 4.55 4.36 4.13 4.03 3.82 3.55 3.33 3.08 2.97
0.00 0.00 0.00 0.00 0.00 0.00 0.00 0.00 0.00 0.48 1.63 1.55 1.07 1.22 1.45 2.33 3.07 4.35 7.34 16.01 25.65 28.22 21.53 14.01 15.09 14.50 16.52 20.12 19.91 21.26 20.58 20.35 32.33 32.51 33.14 31.96 28.05 23.24 20.45 17.81 16.01 15.29 14.96 16.13 16.86 17.09 16.36 14.72 14.90 15.00 13.25 12.53 10.79 9.61 8.86 8.31 7.80 7.29 6.92 6.55 6.28 5.92 5.58 5.23 5.01 4.74 4.48 4.30 4.06 3.75 3.40 3.15 3.03
0.00 0.00 0.00 0.00 0.00 0.00 0.00 0.00 0.00 0.00 0.77 0.45 0.51 0.81 1.15 1.82 2.53 3.65 6.01 11.61 17.33 13.15 10.32 8.55 10.27 12.68 16.18 19.10 18.01 19.46 19.55 24.86 37.38 40.18 38.68 36.96 33.67 27.32 24.66 20.84 18.80 17.50 16.71 19.48 19.06 18.72 16.77 15.65 16.33 16.53 14.39 13.68 11.50 10.47 9.58 8.71 8.39 7.74 7.48 7.18 6.77 6.38 5.97 5.71 5.42 5.30 5.01 4.79 4.36 4.08 3.68 3.36 3.21
0.00 0.00 0.00 0.00 0.00 0.00 0.00 0.00 0.00 0.00 0.00 0.00 0.24 0.52 0.84 1.39 1.98 2.82 3.95 6.86 8.96 6.70 6.83 6.60 8.05 9.62 12.30 15.42 14.07 15.35 19.05 26.55 32.19 35.86 39.06 39.28 34.20 35.96 32.25 26.72 20.69 19.77 19.85 23.26 22.82 20.92 19.37 18.15 18.57 18.28 14.82 13.76 11.96 10.79 9.71 9.30 8.98 8.50 7.94 7.55 7.16 6.73 6.37 6.06 5.68 5.57 5.49 5.10 4.74 4.35 4.03 3.66 3.57
0.00 0.00 0.00 0.00 0.00 0.00 0.00 0.00 0.00 0.00 0.00 0.00 0.00 0.38 0.67 0.99 1.54 2.10 3.00 4.49 5.25 4.32 4.84 5.42 6.64 8.84 9.87 11.95 11.51 12.24 16.07 17.30 23.25 28.87 33.68 43.18 40.45 45.58 39.23 25.98 24.41 23.36 24.85 28.95 25.24 23.80 21.11 21.16 21.06 19.81 17.47 14.59 11.97 11.33 10.37 10.02 9.67 9.11 8.63 8.09 7.78 7.12 6.67 6.32 6.07 6.06 5.95 5.54 5.26 4.80 4.41 3.89 3.65
0.00 0.00 0.00 0.00 0.00 0.00 0.00 0.00 0.00 0.00 0.00 0.00 0.00 0.26 0.52 0.81 1.14 1.62 2.50 3.01 3.34 3.63 4.14 4.85 5.90 7.08 7.59 9.56 9.42 10.21 11.47 11.78 16.69 20.01 25.71 37.32 40.61 55.10 45.35 28.71 27.41 25.88 23.41 26.72 25.85 27.38 25.92 23.14 23.60 23.12 18.94 16.45 12.94 12.37 10.82 10.33 10.13 9.83 9.53 8.56 8.04 7.54 7.04 6.64 6.55 6.45 6.53 6.14 5.51 5.04 4.61 4.11 3.92
0.00 0.00 0.00 0.00 0.00 0.00 0.00 0.00 0.00 0.00 0.00 0.00 0.00 0.00 0.38 0.65 0.95 1.29 1.66 2.06 2.60 3.07 3.69 4.43 5.36 6.10 6.51 7.72 7.62 8.32 9.28 10.11 12.16 14.23 20.79 29.70 43.01 53.76 44.03 29.99 30.72 27.94 24.77 27.17 27.67 23.37 23.55 24.29 25.41 29.75 22.27 17.03 13.92 13.25 11.72 11.25 11.28 10.59 9.47 8.67 8.16 7.85 7.39 7.18 7.23 7.14 6.92 6.36 5.87 5.32 4.90 4.36 4.17
0.00 0.00 0.00 0.00 0.00 0.00 0.00 0.00 0.00 0.00 0.00 0.00 0.00 0.00 0.26 0.50 0.78 1.08 1.42 1.80 2.21 2.65 3.13 3.94 4.58 5.19 5.74 6.34 6.87 7.47 8.25 8.87 10.60 12.57 20.53 25.82 39.91 53.42 41.12 30.67 29.91 25.79 25.21 32.41 32.21 24.86 24.07 24.73 24.93 24.97 19.42 18.19 14.93 13.73 12.78 12.16 12.20 11.54 9.82 9.18 8.93 8.22 7.48 7.17 7.56 7.55 7.46 6.78 6.14 5.53 5.05 4.57 4.38
0.00 0.00 0.00 0.00 0.00 0.00 0.00 0.00 0.00 0.00 0.00 0.00 0.00 0.00 0.00 0.37 0.62 0.89 1.21 1.55 1.93 2.35 2.80 3.27 3.93 4.50 5.02 5.60 6.20 6.84 7.61 8.27 9.57 12.54 17.85 23.97 35.64 47.99 37.78 24.01 21.54 19.67 25.85 32.42 27.43 23.69 21.82 24.95 26.35 24.26 19.44 17.60 16.09 14.66 12.93 12.59 12.59 12.19 11.16 11.93 9.79 8.47 7.61 7.39 7.53 7.76 7.54 6.53 6.29 5.71 5.28 5.00 4.52
0.00 0.00 0.00 0.00 0.00 0.00 0.00 0.00 0.00 0.00 0.00 0.00 0.00 0.00 0.00 0.25 0.47 0.72 1.00 1.32 1.67 2.05 2.47 2.92 3.39 3.89 4.41 5.04 5.59 6.17 6.87 7.54 8.84 11.12 14.31 18.35 30.15 37.64 24.85 17.24 15.65 16.08 23.98 26.50 22.65 18.32 20.84 28.40 29.24 23.66 22.48 21.22 14.33 12.91 11.85 13.29 13.41 13.96 11.47 11.58 10.61 8.64 7.82 7.84 7.79 8.20 7.55 6.78 6.07 5.64 5.33 4.77 4.62
0.00 0.00 0.00 0.00 0.00 0.00 0.00 0.00 0.00 0.00 0.00 0.00 0.00 0.00 0.00 0.00 0.33 0.55 0.81 1.09 1.41 1.77 2.15 2.57 3.01 3.48 3.97 4.47 4.97 5.65 6.19 7.13 8.13 9.94 11.08 18.40 31.93 27.73 15.93 12.63 11.42 11.78 14.26 19.09 14.93 16.06 23.34 31.96 31.60 30.20 25.65 20.99 15.16 12.16 10.67 10.17 10.19 10.35 13.05 12.42 10.76 9.41 7.89 7.94 8.03 8.42 7.82 6.84 6.16 5.76 5.32 4.74 4.42
0.00 0.00 0.00 0.00 0.00 0.00 0.00 0.00 0.00 0.00 0.00 0.00 0.00 0.00 0.00 0.00 0.21 0.40 0.63 0.89 1.17 1.50 1.85 2.23 2.64 3.07 3.53 3.99 4.47 4.95 5.56 6.42 7.05 8.15 9.01 16.53 23.92 17.19 10.99 10.14 9.49 9.61 12.25 11.47 12.10 14.03 20.50 32.45 35.40 34.14 29.06 17.62 13.91 11.30 10.29 9.38 9.26 9.25 8.56 8.04 8.18 8.79 8.82 9.21 9.06 8.39 7.47 6.71 6.27 5.71 5.33 4.98 4.57
