dati/cumulata_oraria_prisma_2018052822.txt
ncols        251
nrows        249
xllcorner         436000.00000
yllcorner        4918000.00000
cellsize           1000.00000
NODATA_value          -9999.00000
[rows 64 to 95 of 249, columns 73 to 145 of 251]
2.81 3.65 3.29 3.06 2.45 2.51 2.54 2.79 2.81 2.47 2.48 2.53 2.69 2.80 3.00 3.14 3.30 3.46 3.68 3.61 3.67 3.74 3.86 3.65 3.57 3.39 3.45 3.43 3.56 3.68 3.33 3.13 2.77 2.54 2.39 2.27 2.22 2.24 2.08 2.13 1.98 1.81 1.73 1.54 1.58 1.44 1.48 1.42 1.34 1.32 1.27 1.20 1.16 1.19 1.25 1.28 1.29 1.27 1.36 1.20 1.10 1.16 1.16 1.06 0.99 0.97 1.09 0.79 0.69 0.58 0.53 0.43 0.40
2.15 3.03 3.64 3.77 3.37 2.67 2.37 2.56 2.78 2.77 2.70 2.69 2.77 2.91 3.23 3.41 3.56 3.73 4.07 3.91 4.01 4.09 4.21 4.15 4.04 3.88 3.77 3.74 3.55 3.60 3.56 3.50 3.34 3.02 2.83 2.74 2.64 2.88 3.01 2.88 2.51 2.22 2.17 2.05 1.85 1.78 1.65 1.57 1.52 1.46 1.42 1.39 1.33 1.41 1.34 1.31 1.37 1.39 1.51 1.34 1.28 1.29 1.27 1.11 0.99 0.98 1.07 0.75 0.71 0.62 0.59 0.49 0.47
2.05 2.19 2.42 3.14 4.23 3.94 3.19 2.63 2.75 2.84 3.05 3.17 3.16 3.37 3.53 3.74 4.05 4.09 4.39 4.40 4.40 4.47 4.68 4.80 4.92 4.88 4.69 4.18 4.04 3.70 3.95 3.95 3.70 3.52 3.36 3.20 3.01 3.18 3.44 3.38 3.07 2.63 2.66 2.40 2.19 2.10 1.93 1.76 1.70 1.63 1.59 1.55 1.51 1.56 1.53 1.44 1.38 1.44 1.53 1.53 1.48 1.36 1.20 1.10 1.09 1.05 0.98 0.77 0.72 0.65 0.59 0.51 0.48
2.40 2.03 2.11 2.42 3.80 4.74 4.90 4.08 3.29 3.21 3.23 3.57 3.53 3.80 4.03 4.33 4.34 4.22 4.76 4.75 4.83 4.80 4.87 5.00 5.19 5.46 5.18 4.78 4.51 4.14 4.37 4.35 4.07 4.00 3.82 3.80 3.56 3.43 3.38 3.79 3.91 3.60 3.05 2.74 2.49 2.32 2.18 2.11 1.90 1.79 1.78 1.76 1.72 1.81 1.70 1.61 1.48 1.50 1.59 1.62 1.82 1.86 1.27 1.15 1.08 1.00 0.94 0.88 0.83 0.78 0.66 0.59 0.58
2.76 2.22 2.15 2.28 2.73 3.68 5.12 5.49 4.64 3.90 3.45 3.63 3.95 4.28 4.46 4.61 4.63 4.58 5.09 5.05 5.14 5.10 5.17 5.27 5.42 5.80 5.75 5.50 4.96 4.39 4.68 4.73 4.48 4.42 4.29 4.30 4.04 3.98 3.56 3.68 4.01 3.92 3.51 3.05 2.77 2.63 2.37 2.27 2.12 2.02 1.91 1.92 1.93 2.00 1.84 1.74 1.67 1.60 1.67 1.70 1.95 2.09 1.28 1.17 1.07 0.99 0.91 0.82 0.85 0.77 0.67 0.62 0.56
2.84 2.46 2.38 2.39 2.42 2.65 3.44 4.73 5.63 5.77 4.94 4.40 4.12 4.30 4.81 5.14 5.25 5.30 5.57 5.53 5.63 5.41 5.53 5.55 5.72 6.17 6.19 6.10 5.56 5.19 5.03 5.19 5.02 5.20 4.54 4.44 4.82 4.63 3.91 3.78 3.78 3.96 3.64 3.33 3.05 2.85 2.61 2.41 2.35 2.22 2.08 1.98 1.92 1.99 1.94 1.80 1.76 1.76 1.79 1.75 1.88 1.86 1.31 1.22 1.04 0.96 0.86 0.79 0.77 0.73 0.68 0.60 0.54
3.10 2.82 2.59 2.52 2.68 2.49 2.60 3.21 4.26 5.24 5.90 5.69 4.95 4.56 4.92 5.36 5.88 6.06 6.06 5.92 6.00 5.60 5.45 5.96 5.99 5.71 6.19 6.31 6.64 6.50 5.42 5.84 5.74 6.22 4.85 4.73 5.11 4.89 4.26 4.15 3.94 3.93 3.76 3.39 3.21 2.92 2.73 2.58 2.52 2.43 2.31 2.14 2.03 2.07 2.05 2.00 2.01 1.97 1.89 1.81 1.64 1.60 1.46 1.27 1.13 1.06 0.95 0.91 0.88 0.88 0.82 0.71 0.65
3.34 3.08 2.72 2.60 2.64 2.61 2.56 2.77 3.49 4.10 5.07 6.00 5.44 4.92 5.08 5.44 6.43 7.21 7.39 6.84 6.82 6.03 5.92 6.15 6.38 5.97 6.27 6.44 7.08 6.87 6.17 6.05 5.96 6.18 5.27 5.15 5.22 4.74 4.28 4.18 4.04 3.90 3.69 3.58 3.34 3.16 2.88 2.75 2.66 2.58 2.58 2.37 2.25 2.25 2.24 2.20 2.17 2.11 2.03 1.85 1.69 1.69 1.48 1.31 1.15 1.09 0.97 0.91 0.90 0.89 0.82 0.71 0.65
3.40 3.30 2.89 3.04 3.05 2.82 2.68 2.64 3.08 3.49 4.05 4.57 4.84 5.02 5.29 5.39 6.56 7.75 8.31 8.37 8.23 7.63 6.39 6.46 6.90 6.14 6.52 6.76 6.74 6.70 6.63 6.33 6.19 5.83 5.55 5.31 5.09 4.84 4.57 4.34 4.19 4.01 3.76 3.73 3.49 3.30 3.05 2.87 2.79 2.84 2.81 2.56 2.59 2.49 2.42 2.33 2.28 2.19 2.06 1.90 1.76 1.72 1.55 1.40 1.25 1.17 1.07 0.99 0.99 0.98 0.88 0.82 0.77
3.80 3.39 3.13 3.48 3.46 3.11 2.78 2.83 2.95 3.24 3.46 3.92 4.24 4.64 5.05 5.23 5.89 6.90 8.17 9.23 9.44 9.09 8.67 7.98 7.87 7.08 7.10 7.03 6.54 6.58 6.41 6.48 6.16 6.03 5.72 5.50 5.24 5.17 4.87 4.65 4.61 4.24 3.99 3.88 3.71 3.53 3.26 3.02 2.94 2.89 2.87 2.83 2.77 2.77 2.63 2.35 2.26 2.12 2.04 1.88 1.68 1.63 1.47 1.29 1.14 1.04 1.02 0.93 0.86 0.84 0.78 0.74 0.69
4.17 3.51 3.43 3.24 3.41 3.31 3.11 3.06 3.13 3.23 3.50 3.72 4.18 4.26 4.49 5.18 5.65 6.18 7.21 8.11 9.53 10.14 9.99 9.58 8.76 8.15 7.82 7.64 6.74 6.88 6.63 6.55 6.41 5.98 5.77 5.60 5.32 5.11 4.86 4.68 4.58 4.36 4.09 4.02 3.88 3.75 3.50 3.22 3.11 3.02 2.93 2.97 3.10 3.13 3.14 2.77 2.38 2.28 2.16 1.98 1.80 1.76 1.51 1.34 1.15 1.02 0.95 0.89 0.81 0.76 0.71 0.62 0.59
4.65 4.23 3.75 3.49 3.52 3.55 3.59 3.63 3.55 3.52 3.57 3.73 4.12 4.52 4.74 5.02 5.32 6.11 6.99 7.61 8.59 9.35 9.81 10.33 10.13 9.31 8.63 8.51 7.83 7.48 7.30 7.03 6.76 6.31 6.00 5.79 5.61 5.34 5.11 4.90 4.76 4.57 4.25 4.09 3.82 3.66 3.44 3.23 3.05 2.93 2.84 3.00 2.98 3.27 3.37 3.25 2.82 2.63 2.16 1.99 1.85 1.79 1.61 1.46 1.30 1.23 1.15 1.07 1.08 0.99 0.90 0.84 0.83
4.57 4.50 4.19 3.97 3.76 3.72 3.80 3.96 4.13 4.00 3.93 4.09 4.19 4.55 5.13 5.38 5.45 5.60 6.46 7.34 7.20 8.21 8.88 9.84 10.52 10.54 9.81 9.23 9.41 8.20 7.81 7.65 7.58 6.55 6.31 6.08 5.93 5.61 5.37 5.13 4.83 4.75 4.62 4.28 4.02 3.79 3.65 3.44 3.25 3.05 2.88 2.86 3.10 3.15 3.71 3.75 3.40 3.34 2.71 2.42 2.21 2.02 1.79 1.59 1.41 1.31 1.23 1.16 1.12 1.04 0.91 0.86 0.85
4.53 4.73 4.54 4.35 4.30 4.17 4.02 4.14 4.33 4.56 4.52 4.47 4.62 4.92 5.32 5.76 6.10 5.44 6.20 6.66 6.34 7.13 7.79 8.26 9.10 10.28 10.75 10.50 10.19 9.99 9.21 8.47 8.21 7.28 6.75 6.47 6.21 5.88 5.66 5.38 4.97 4.79 4.50 4.37 4.11 4.06 3.83 3.67 3.36 3.18 3.01 2.85 2.94 2.65 2.57 2.64 2.81 2.88 2.55 2.45 2.25 2.02 1.67 1.51 1.43 1.32 1.24 1.18 1.17 1.14 1.20 1.15 1.10
4.89 4.75 4.63 4.81 4.58 4.60 4.58 4.63 4.41 4.61 4.94 4.90 4.98 5.09 5.36 6.08 6.16 6.14 6.36 6.09 5.92 6.77 6.82 7.07 7.83 8.86 9.77 10.93 11.15 10.70 11.82 10.38 9.07 7.62 7.28 6.92 6.56 6.06 5.75 5.43 5.03 4.82 4.53 4.30 4.18 4.17 3.87 3.81 3.47 3.44 3.14 2.92 2.81 2.86 2.49 2.45 2.59 2.79 2.57 2.55 2.74 2.35 1.87 1.70 1.36 1.22 1.15 1.09 1.09 1.04 1.02 0.97 0.90
5.56 5.53 5.09 4.82 4.74 4.81 4.92 4.81 4.79 4.86 4.97 5.06 5.12 5.31 5.48 5.85 6.21 6.36 6.56 6.50 5.72 6.23 6.38 6.58 6.71 7.52 8.20 9.27 10.71 10.99 11.38 10.69 9.66 7.93 7.76 7.98 7.79 7.16 6.79 5.63 5.25 4.89 4.57 4.34 4.15 4.04 3.73 3.69 3.54 3.31 3.21 2.94 2.82 2.88 2.54 2.39 2.34 2.50 2.52 2.40 2.63 2.43 2.26 1.75 1.45 1.39 1.29 1.17 1.09 1.07 1.06 1.00 0.91
6.52 6.14 5.55 5.20 5.10 5.30 5.35 5.14 5.15 5.02 5.26 5.20 5.38 5.49 5.62 5.71 6.05 6.24 6.54 6.17 5.80 5.95 6.06 6.00 6.11 6.57 6.93 7.48 8.99 9.73 10.28 10.06 9.79 8.20 7.59 7.51 8.03 7.78 7.43 6.23 5.78 5.40 5.13 4.70 4.39 4.18 3.86 3.71 3.49 3.27 3.13 2.94 2.83 2.95 2.71 2.62 2.59 2.74 2.69 2.30 2.46 2.34 2.17 1.74 1.57 1.42 1.34 1.33 1.33 1.28 1.21 1.05 0.99
7.01 6.96 6.21 6.04 5.78 5.61 5.83 6.04 5.83 5.51 5.41 5.40 5.59 5.71 5.86 5.84 6.13 6.43 6.54 6.27 6.05 6.19 5.84 5.96 5.99 5.98 6.11 6.46 6.70 8.14 8.90 8.77 8.62 8.71 7.81 6.95 6.89 6.94 7.19 6.68 6.33 6.11 5.93 4.99 4.84 4.13 3.89 4.20 4.05 3.41 3.13 2.87 2.75 3.02 2.69 2.54 2.43 2.68 2.63 2.42 2.52 2.41 2.07 2.08 1.73 1.66 1.60 1.63 1.30 1.27 1.22 1.06 1.00
7.30 7.44 6.89 6.57 6.28 6.11 6.35 6.95 6.74 5.83 5.76 5.60 5.91 5.93 6.02 6.27 6.42 6.69 6.97 5.79 6.44 6.39 5.74 5.69 5.79 5.90 5.75 5.84 5.99 6.49 7.17 6.71 6.88 8.60 7.73 6.97 6.16 6.08 6.31 6.15 6.08 6.04 6.19 5.60 5.21 4.37 4.13 4.47 4.28 3.46 3.30 2.93 2.74 2.81 2.59 2.54 2.41 2.66 2.55 2.18 2.26 2.00 1.85 1.68 1.71 1.57 1.60 1.63 1.58 1.46 1.43 1.29 1.12
7.42 7.24 7.68 7.19 7.19 7.46 7.46 7.85 7.32 6.83 6.41 6.14 6.08 6.08 6.20 6.53 6.77 6.92 6.93 6.80 6.54 6.37 6.09 5.59 5.60 5.72 5.56 5.54 5.52 6.03 6.35 6.24 6.26 6.96 7.26 6.84 6.09 5.42 5.62 5.44 5.24 5.52 5.51 5.19 4.73 4.31 3.94 4.19 3.63 3.17 3.18 2.81 2.88 2.91 2.56 2.45 2.33 2.24 2.31 2.13 2.15 1.89 1.90 1.66 1.71 1.63 1.44 1.58 1.43 1.30 1.17 1.26 1.01
7.36 7.08 7.74 7.78 7.70 7.69 8.22 7.89 7.73 7.37 7.11 6.56 6.43 6.40 6.31 6.67 6.87 7.10 6.91 6.56 6.11 6.78 6.35 5.75 5.41 5.41 5.33 5.22 5.27 5.42 5.59 5.65 5.68 6.01 6.19 6.27 5.79 5.21 4.88 4.46 4.31 4.73 4.97 5.07 4.64 4.17 3.52 3.36 3.15 2.94 2.65 2.58 2.70 2.84 2.57 2.57 2.46 2.24 2.25 2.13 2.11 1.91 1.75 1.66 1.42 1.36 1.31 1.38 1.41 1.32 1.19 1.14 1.00
7.56 7.24 7.31 7.93 8.11 8.21 8.34 8.50 8.84 8.47 7.69 7.34 6.90 6.62 6.26 6.43 6.62 6.86 7.31 7.01 6.51 6.45 6.27 5.81 5.21 5.34 4.97 4.88 4.86 4.88 5.10 5.15 5.20 5.24 5.26 5.44 5.48 5.03 4.61 4.11 3.93 4.07 4.21 4.27 4.25 4.19 3.73 3.18 2.77 2.59 2.41 2.23 2.55 2.42 2.40 2.45 2.19 2.10 2.13 2.15 2.08 1.90 1.66 1.53 1.39 1.34 1.32 1.36 1.23 1.18 1.05 0.99 0.96
7.05 7.09 7.55 7.91 8.55 8.89 8.79 8.93 9.24 9.09 8.45 8.17 7.48 7.07 6.77 6.25 6.15 6.49 7.05 7.11 6.69 6.12 5.76 5.94 5.57 5.26 4.87 4.95 4.82 4.58 4.62 4.73 4.70 4.69 4.72 4.53 4.60 4.63 4.24 3.85 3.67 3.47 3.51 3.75 4.26 4.29 3.75 3.29 2.75 2.44 2.19 2.04 2.02 2.01 2.10 2.13 2.09 2.00 1.84 1.79 1.66 1.59 1.53 1.49 1.44 1.31 1.36 1.23 1.08 1.07 1.02 1.01 0.97
7.06 7.07 7.62 7.97 8.33 8.64 9.06 9.22 9.44 9.03 8.73 8.32 7.60 7.30 7.13 6.30 5.99 5.89 6.42 6.84 6.70 6.41 6.00 5.81 5.57 5.18 4.76 4.56 4.41 4.19 4.24 4.51 4.64 4.44 4.57 4.33 3.97 4.03 3.67 3.58 3.18 3.08 3.07 3.30 3.19 3.46 3.60 3.49 3.13 2.95 2.57 2.12 1.82 1.73 1.68 1.61 1.63 1.54 1.55 1.53 1.62 1.54 1.37 1.22 1.16 1.11 1.15 1.12 1.09 1.05 0.99 0.96 0.92
7.86 7.41 7.22 7.63 8.11 8.54 8.82 8.73 8.76 9.52 8.88 8.66 7.72 7.19 7.35 6.96 6.19 6.04 6.08 5.98 6.39 6.08 5.94 5.57 5.44 5.18 4.59 4.26 4.29 3.99 3.96 4.12 4.36 4.32 4.36 4.07 3.60 3.44 3.24 3.03 2.80 2.68 2.63 2.60 2.79 2.85 2.92 3.51 3.42 2.97 2.53 2.10 1.72 1.58 1.53 1.50 1.45 1.47 1.33 1.30 1.22 1.15 1.11 1.16 1.12 1.13 1.08 1.00 0.95 0.86 0.82 0.89 0.91
8.33 7.86 7.24 7.32 7.78 7.94 8.04 7.76 8.08 8.57 8.88 8.69 7.36 7.21 6.86 6.60 5.99 6.22 5.75 5.77 5.75 5.73 5.75 5.44 5.32 5.46 4.81 4.25 4.09 3.72 3.67 3.58 3.97 3.86 3.98 3.72 3.52 3.28 3.03 2.65 2.52 2.41 2.25 2.19 2.09 2.12 2.06 2.79 2.96 3.19 2.69 2.71 1.72 1.57 1.41 1.33 1.36 1.41 1.27 1.27 1.22 1.17 1.11 1.06 1.00 0.95 0.94 0.88 0.89 0.90 0.84 0.79 0.78
8.40 8.22 7.59 7.31 7.40 7.69 7.71 7.61 7.57 7.58 7.94 7.69 7.30 7.01 6.45 6.13 5.73 5.52 5.53 5.72 5.58 5.49 5.39 5.23 5.11 4.95 4.74 4.24 3.91 3.51 3.45 3.21 3.09 3.21 3.24 3.46 3.43 3.05 2.63 2.35 2.33 2.13 2.02 1.92 1.84 1.71 1.62 1.80 1.87 2.67 3.11 2.79 2.01 1.59 1.45 1.20 1.16 1.15 1.16 1.14 1.17 1.25 1.14 1.10 1.07 1.03 0.98 0.91 0.88 0.82 0.76 0.71 0.67
8.33 8.15 7.98 7.58 7.43 7.46 7.55 7.62 7.71 7.56 7.59 7.27 7.37 6.72 6.21 5.75 5.61 5.42 5.28 5.42 5.25 4.81 5.12 4.95 4.81 4.49 4.29 4.53 3.92 3.43 3.12 2.96 2.68 2.70 2.65 2.83 2.81 2.73 2.42 2.17 2.08 1.97 1.78 1.69 1.63 1.51 1.40 1.35 1.31 1.28 1.92 2.34 2.17 1.75 1.50 1.28 1.05 1.04 1.10 1.06 1.06 1.07 1.03 1.05 1.09 1.06 1.03 0.97 0.94 0.87 0.83 0.76 0.00
8.26 7.95 8.39 8.12 7.74 7.44 7.64 7.79 7.81 7.94 8.57 8.16 8.07 7.37 6.44 5.63 5.31 5.21 5.00 5.22 4.75 4.85 4.75 4.96 4.53 4.31 4.27 4.16 3.81 3.48 3.08 2.77 2.48 2.17 2.03 2.18 2.16 2.44 2.14 1.91 1.74 1.65 1.51 1.44 1.39 1.32 1.25 1.18 1.13 1.10 1.21 1.57 2.82 2.47 1.78 1.28 0.97 0.91 0.97 1.00 1.00 1.01 1.03 1.06 1.03 1.03 0.99 0.95 0.99 0.93 0.88 0.83 0.79
8.61 7.92 7.96 8.13 7.97 8.03 7.92 8.02 8.23 8.55 9.54 9.51 9.31 8.38 7.41 6.28 5.17 4.90 4.55 4.59 4.22 4.43 4.54 4.42 4.11 3.88 4.18 3.74 3.73 3.49 2.92 2.54 2.25 2.02 1.89 1.74 1.61 1.74 1.79 1.68 1.54 1.38 1.28 1.19 1.16 1.11 1.06 0.98 0.92 0.90 0.87 0.84 1.44 1.83 1.61 1.29 1.08 0.94 0.95 0.96 0.97 0.96 0.00 1.00 1.02 1.04 1.02 0.99 0.98 0.94 0.00 0.87 0.84
8.39 7.98 7.38 7.50 7.74 7.89 7.94 8.12 8.64 9.03 10.20 11.17 10.32 9.66 8.48 6.62 5.05 4.63 4.24 4.00 3.82 4.21 4.14 4.12 4.01 3.97 3.86 3.43 3.29 3.12 2.46 2.34 2.08 1.92 1.80 1.66 1.43 1.52 1.51 1.48 1.41 1.21 1.08 1.02 0.97 0.95 0.91 0.81 0.77 0.76 0.71 0.67 0.98 1.39 1.60 1.28 1.02 0.82 0.91 0.95 0.96 1.03 0.00 0.00 0.00 0.00 0.00 0.00 0.00 0.00 0.97 0.92 0.87
8.43 7.42 6.97 6.61 6.55 6.60 6.92 7.30 8.03 8.59 9.19 11.02 11.37 11.43 10.83 8.84 6.47 5.40 3.91 3.50 3.27 3.45 3.44 3.44 3.92 3.55 3.57 3.31 3.08 2.60 2.39 2.21 1.81 1.69 1.55 1.50 1.57 1.47 1.34 1.31 1.24 1.07 0.94 0.85 0.78 0.75 0.71 0.69 0.63 0.61 0.56 0.51 0.60 0.63 0.67 0.89 0.74 0.78 0.82 0.00 0.00 1.06 0.00 0.00 1.14 0.00 1.14 0.00 0.00 0.00 0.00 0.00 0.00
