dati/cumulata_oraria_prisma_2018052721.txt
ncols        251
nrows        249
xllcorner         436000.00000
yllcorner        4918000.00000
cellsize           1000.00000
NODATA_value          -9999.00000
[rows 32 to 63 of 249, columns 73 to 145 of 251]
-9999.00 -9999.00 -9999.00 -9999.00 -9999.00 -9999.00 -9999.00 -9999.00 -9999.00 -9999.00 -9999.00 -9999.00 -9999.00 2.00 3.75 3.64 3.47 3.41 3.87 3.64 3.02 2.85 2.83 2.78 2.32 2.19 2.05 2.27 2.19 2.02 1.88 -9999.00 -9999.00 -9999.00 -9999.00 -9999.00 -9999.00 -9999.00 -9999.00 -9999.00 -9999.00 -9999.00 -9999.00 -9999.00 -9999.00 -9999.00 -9999.00 -9999.00 -9999.00 -9999.00 -9999.00 -9999.00 -9999.00 -9999.00 0.61 0.57 0.57 0.57 0.54 0.51 0.41 0.47 0.46 0.40 0.39 0.40 0.45 0.45 -9999.00 -9999.00 -9999.00 -9999.00 -9999.00
-9999.00 -9999.00 -9999.00 -9999.00 -9999.00 -9999.00 -9999.00 -9999.00 -9999.00 -9999.00 -9999.00 -9999.00 -9999.00 -9999.00 3.28 3.89 3.82 3.42 3.84 3.43 2.99 2.93 2.80 2.69 2.39 2.37 2.31 2.17 2.11 1.97 1.89 -9999.00 -9999.00 -9999.00 -9999.00 -9999.00 -9999.00 -9999.00 -9999.00 -9999.00 -9999.00 -9999.00 -9999.00 -9999.00 -9999.00 -9999.00 -9999.00 0.79 0.80 0.74 -9999.00 -9999.00 0.69 0.70 0.68 0.60 0.57 0.53 0.52 0.51 0.47 0.50 0.48 0.44 0.37 0.39 0.41 0.43 -9999.00 -9999.00 -9999.00 -9999.00 -9999.00
-9999.00 -9999.00 -9999.00 -9999.00 -9999.00 -9999.00 -9999.00 -9999.00 -9999.00 -9999.00 -9999.00 -9999.00 -9999.00 -9999.00 3.10 4.02 3.88 3.85 3.44 3.11 3.26 2.84 2.71 2.54 2.69 2.50 2.31 2.16 2.08 2.04 2.00 -9999.00 -9999.00 -9999.00 -9999.00 -9999.00 -9999.00 -9999.00 -9999.00 -9999.00 -9999.00 -9999.00 -9999.00 -9999.00 -9999.00 -9999.00 -9999.00 0.76 0.77 0.75 0.69 0.70 0.67 0.65 0.66 0.58 0.56 0.53 0.52 0.51 0.50 0.48 0.49 0.47 0.40 0.37 0.39 0.43 -9999.00 -9999.00 -9999.00 -9999.00 -9999.00
-9999.00 -9999.00 -9999.00 -9999.00 -9999.00 -9999.00 -9999.00 -9999.00 -9999.00 -9999.00 -9999.00 -9999.00 -9999.00 -9999.00 3.66 4.20 4.09 3.64 3.28 3.28 2.88 2.67 2.66 2.76 2.74 2.42 2.28 2.16 2.28 2.12 2.16 2.11 -9999.00 -9999.00 -9999.00 -9999.00 -9999.00 -9999.00 -9999.00 -9999.00 -9999.00 -9999.00 -9999.00 -9999.00 -9999.00 -9999.00 0.79 0.71 0.72 0.66 0.64 0.67 0.64 0.63 0.63 0.58 0.57 0.55 0.52 0.51 0.49 0.50 0.49 0.47 0.43 0.39 0.40 0.42 -9999.00 -9999.00 -9999.00 -9999.00 -9999.00
-9999.00 -9999.00 -9999.00 -9999.00 -9999.00 -9999.00 -9999.00 -9999.00 -9999.00 -9999.00 -9999.00 -9999.00 -9999.00 -9999.00 3.99 4.47 3.95 3.65 3.44 2.93 2.69 2.76 2.82 2.64 2.54 2.41 2.34 2.42 2.40 2.24 2.28 2.17 1.85 -9999.00 -9999.00 -9999.00 -9999.00 -9999.00 -9999.00 -9999.00 -9999.00 -9999.00 -9999.00 -9999.00 -9999.00 -9999.00 0.78 0.68 0.69 0.64 0.61 0.64 0.60 0.61 0.62 0.59 0.58 0.54 0.54 0.51 0.49 0.49 0.49 0.47 0.42 0.40 0.40 0.44 0.42 -9999.00 -9999.00 -9999.00 -9999.00
-9999.00 -9999.00 -9999.00 -9999.00 -9999.00 -9999.00 -9999.00 -9999.00 -9999.00 -9999.00 -9999.00 -9999.00 -9999.00 3.03 3.80 4.09 4.03 3.50 3.11 2.94 3.19 3.01 2.78 2.53 2.41 2.86 2.53 2.60 2.57 2.59 2.35 1.84 1.72 1.60 -9999.00 -9999.00 -9999.00 -9999.00 -9999.00 -9999.00 -9999.00 -9999.00 -9999.00 -9999.00 -9999.00 -9999.00 -9999.00 0.65 0.66 0.62 0.58 0.63 0.60 0.60 0.62 0.58 0.58 0.56 0.53 0.51 0.50 0.51 0.50 0.47 0.45 0.38 0.39 0.40 0.43 -9999.00 -9999.00 -9999.00 -9999.00
-9999.00 -9999.00 -9999.00 -9999.00 -9999.00 -9999.00 -9999.00 -9999.00 -9999.00 -9999.00 -9999.00 -9999.00 -9999.00 3.66 3.79 4.07 3.93 3.65 3.01 3.32 3.22 2.78 2.77 2.60 3.06 2.95 2.93 2.80 2.73 2.12 1.99 1.80 1.75 1.69 1.50 1.46 -9999.00 -9999.00 -9999.00 -9999.00 -9999.00 -9999.00 1.10 1.01 -9999.00 -9999.00 0.69 0.65 0.66 0.61 0.59 0.59 0.58 0.60 0.61 0.59 0.57 0.56 0.54 0.51 0.48 0.48 0.41 0.47 0.45 0.41 0.37 0.37 0.42 -9999.00 -9999.00 -9999.00 -9999.00
-9999.00 -9999.00 -9999.00 -9999.00 -9999.00 -9999.00 -9999.00 -9999.00 -9999.00 -9999.00 -9999.00 -9999.00 2.92 3.64 4.00 4.03 3.89 3.81 3.45 3.38 3.17 3.00 3.24 3.02 3.31 3.14 2.98 2.39 2.23 2.14 2.02 1.91 2.05 1.90 1.87 1.85 2.29 1.89 1.44 1.28 -9999.00 1.09 1.19 1.10 0.94 0.82 0.71 0.65 0.66 0.61 0.57 0.57 0.58 0.58 0.60 0.57 0.58 0.56 0.52 0.53 0.49 0.47 0.46 0.46 0.45 0.41 0.38 0.38 0.46 -9999.00 -9999.00 -9999.00 -9999.00
-9999.00 -9999.00 -9999.00 -9999.00 -9999.00 -9999.00 -9999.00 -9999.00 -9999.00 -9999.00 -9999.00 -9999.00 2.96 3.52 4.05 4.16 3.93 3.96 3.65 3.46 3.33 3.67 3.48 3.57 3.48 3.22 2.44 2.28 2.25 2.19 2.32 2.33 2.52 2.35 2.09 1.86 2.15 1.57 1.45 1.18 1.13 1.04 1.05 1.00 0.96 0.85 0.78 0.70 0.68 0.60 0.56 0.57 0.56 0.56 0.58 0.56 0.56 0.58 0.54 0.53 0.50 0.48 0.47 0.47 0.45 0.43 0.42 0.45 0.40 0.47 0.45 -9999.00 -9999.00
-9999.00 -9999.00 -9999.00 -9999.00 -9999.00 -9999.00 -9999.00 -9999.00 -9999.00 -9999.00 -9999.00 3.34 3.11 3.74 3.93 4.13 3.81 3.75 3.78 3.89 3.90 4.09 4.10 4.03 2.92 2.56 2.45 2.30 2.81 2.63 3.47 3.32 2.54 2.44 1.87 1.69 2.02 1.58 1.47 1.26 1.16 1.06 1.06 1.01 0.95 0.91 0.84 0.76 0.72 0.60 0.55 0.55 0.54 0.53 0.54 0.54 0.55 0.55 0.53 0.52 0.49 0.49 0.51 0.54 0.52 0.52 0.42 0.45 0.49 0.52 0.50 0.45 0.45
-9999.00 -9999.00 -9999.00 -9999.00 -9999.00 -9999.00 -9999.00 -9999.00 -9999.00 -9999.00 3.10 4.74 5.19 3.96 3.98 3.76 4.04 4.23 4.68 4.53 4.54 4.73 4.07 3.46 2.81 2.50 3.12 3.06 3.67 3.42 3.83 3.28 2.58 2.02 1.76 1.62 1.59 1.42 1.43 1.39 1.18 1.16 1.10 1.05 0.94 0.90 0.86 0.77 0.74 0.57 0.56 0.55 0.53 0.51 0.53 0.52 0.52 0.53 0.52 0.54 0.54 0.55 0.54 0.56 0.52 0.53 0.51 0.49 0.49 0.57 0.62 0.55 0.53
-9999.00 -9999.00 -9999.00 -9999.00 -9999.00 -9999.00 -9999.00 -9999.00 -9999.00 -9999.00 3.06 4.62 4.56 4.00 3.77 4.13 4.41 5.10 5.47 5.83 6.10 4.10 3.76 3.45 3.50 3.54 4.23 4.15 3.98 3.56 3.21 2.56 2.40 1.68 1.50 1.49 1.47 1.40 1.34 1.25 1.18 1.15 1.11 1.07 1.00 0.88 0.84 0.79 0.77 0.61 0.61 0.54 0.53 0.50 0.52 0.51 0.52 0.55 0.55 0.55 0.53 0.53 0.56 0.51 0.56 0.55 0.60 0.64 0.66 0.62 0.68 0.64 0.63
-9999.00 -9999.00 -9999.00 -9999.00 -9999.00 -9999.00 -9999.00 -9999.00 -9999.00 -9999.00 2.95 3.41 3.60 3.62 3.89 4.40 4.88 5.39 5.85 5.12 3.88 3.53 3.87 4.20 4.35 4.26 4.20 4.04 3.96 2.92 2.55 2.14 1.87 1.64 1.46 1.55 1.54 1.41 1.34 1.29 1.21 1.19 1.13 1.08 1.01 0.87 0.84 0.81 0.80 0.75 0.61 0.56 0.52 0.51 0.53 0.52 0.53 0.51 0.52 0.53 0.54 0.55 0.61 0.62 0.68 0.67 0.68 0.62 0.70 0.76 0.78 0.74 0.66
-9999.00 -9999.00 -9999.00 -9999.00 -9999.00 -9999.00 -9999.00 -9999.00 -9999.00 -9999.00 2.70 2.91 3.18 2.99 3.61 3.89 4.04 4.34 2.97 3.27 3.12 3.65 4.01 4.35 4.40 4.23 4.09 3.34 3.09 2.47 2.35 1.99 1.88 1.67 1.56 1.66 1.59 1.50 1.39 1.30 1.25 1.23 1.17 1.14 1.03 0.96 0.85 0.82 0.78 0.78 0.81 0.62 0.58 0.53 0.53 0.51 0.52 0.52 0.51 0.58 0.62 0.65 0.65 0.68 0.74 0.77 1.03 0.84 0.75 0.79 0.81 0.76 0.67
-9999.00 -9999.00 -9999.00 -9999.00 -9999.00 -9999.00 -9999.00 -9999.00 1.86 2.21 2.20 2.34 2.55 2.72 2.61 3.13 2.37 2.71 2.64 3.05 3.34 4.14 4.15 4.27 4.12 3.87 3.38 2.51 2.48 2.42 2.29 2.25 1.99 1.88 2.01 1.82 1.80 1.70 1.53 1.49 1.47 1.34 1.24 1.24 1.11 1.00 0.91 0.85 0.98 0.91 0.83 0.68 0.63 0.58 0.56 0.53 0.57 0.59 0.62 0.63 0.65 0.74 0.80 0.88 0.88 0.85 1.01 0.85 0.79 0.80 0.75 0.77 0.70
-9999.00 -9999.00 -9999.00 -9999.00 -9999.00 -9999.00 -9999.00 -9999.00 1.76 1.98 2.07 2.04 2.06 2.28 2.09 2.42 2.53 2.64 2.91 3.44 3.47 4.18 4.31 4.08 3.66 3.24 2.85 2.76 2.47 2.44 2.41 2.36 2.32 2.05 4.81 2.09 1.94 1.97 1.87 1.73 1.68 1.50 1.35 1.28 1.12 1.35 1.27 1.25 1.11 1.14 1.10 0.72 0.74 0.71 0.73 0.69 0.64 0.69 0.74 0.83 0.86 0.88 0.87 0.86 0.84 0.82 0.86 0.86 0.80 0.84 0.76 0.80 0.74
-9999.00 -9999.00 -9999.00 -9999.00 -9999.00 -9999.00 -9999.00 1.61 1.68 1.84 1.98 2.13 2.14 2.04 2.34 2.41 2.65 3.00 3.31 3.54 3.59 3.79 3.77 3.53 3.47 3.40 3.43 3.10 2.84 3.27 2.54 2.49 2.66 2.30 3.58 2.29 2.13 2.07 1.93 1.79 1.71 1.82 1.72 1.63 1.60 1.69 1.52 1.54 1.51 1.36 1.41 1.05 0.93 0.80 0.93 0.86 0.93 0.88 0.86 0.78 0.79 0.76 0.79 0.82 0.80 0.84 0.82 0.81 0.78 0.85 0.82 0.82 0.74
-9999.00 -9999.00 -9999.00 -9999.00 -9999.00 -9999.00 1.85 1.74 1.70 1.83 1.77 1.91 2.00 2.19 2.65 2.84 3.32 3.72 3.34 3.58 3.51 3.54 3.65 3.53 3.63 3.82 3.76 3.51 3.43 3.19 3.00 2.80 2.59 2.38 3.14 3.05 2.34 2.10 2.24 2.19 2.07 2.04 2.15 2.02 1.93 2.14 2.04 1.93 1.80 1.57 1.53 1.32 1.33 1.22 1.13 0.97 0.88 0.76 0.75 0.74 0.75 0.79 0.82 0.83 0.81 0.85 0.82 0.84 0.76 0.79 0.79 0.73 0.76
-9999.00 -9999.00 -9999.00 -9999.00 -9999.00 -9999.00 1.78 1.82 1.50 1.74 1.79 1.87 2.00 2.47 2.77 3.34 3.54 3.85 3.41 3.39 3.35 3.38 3.72 3.84 3.70 3.96 3.99 3.66 3.42 3.26 3.18 2.80 2.71 3.17 3.26 3.92 2.47 2.44 2.56 2.51 2.29 2.30 2.50 2.47 2.39 2.25 2.07 1.92 1.85 1.48 1.40 1.37 1.25 1.11 0.92 0.81 0.77 0.77 0.79 0.80 0.84 0.84 0.82 0.84 0.85 0.86 0.82 0.80 0.76 0.80 0.78 0.78 0.83
-9999.00 -9999.00 -9999.00 -9999.00 -9999.00 -9999.00 1.72 1.69 1.63 1.66 1.67 1.89 1.93 2.38 2.98 3.34 3.28 3.32 3.22 3.27 3.52 3.57 3.62 3.74 3.59 3.78 3.89 3.73 3.40 3.24 3.08 2.82 2.69 3.08 2.90 3.39 2.56 2.74 2.58 2.73 2.61 2.40 2.49 2.56 2.26 2.16 2.01 1.86 1.73 1.44 1.37 1.33 1.17 1.04 0.95 0.86 0.84 0.82 0.83 0.80 0.85 0.88 0.87 0.87 0.86 0.86 0.93 0.90 0.97 0.96 0.90 0.87 0.86
-9999.00 -9999.00 -9999.00 -9999.00 -9999.00 -9999.00 1.49 1.52 1.53 1.75 1.66 1.84 2.06 2.24 2.91 3.21 3.32 3.28 3.40 3.45 3.50 3.60 3.45 3.39 3.50 3.60 3.70 3.72 3.22 2.78 2.89 2.81 2.70 2.98 2.94 2.99 2.98 2.67 2.73 2.76 2.78 2.57 2.48 2.27 2.03 2.08 1.93 1.88 1.72 1.41 1.28 1.29 1.15 1.05 0.94 0.86 0.84 0.82 0.82 0.82 0.84 1.01 1.12 1.14 1.26 1.20 1.14 1.00 0.95 1.02 1.04 1.08 1.09
-9999.00 -9999.00 -9999.00 1.22 1.29 1.25 1.28 1.46 1.60 1.67 1.71 1.63 1.86 2.14 2.74 3.17 3.39 3.43 3.56 3.46 3.41 3.59 3.19 3.21 3.41 3.51 2.92 2.94 2.66 2.55 2.58 2.78 2.88 2.88 2.77 2.63 2.71 2.83 3.08 3.03 2.60 2.30 2.34 2.21 2.10 2.00 1.91 1.88 1.65 1.31 1.22 1.21 1.16 1.01 0.91 0.89 0.94 1.00 1.00 1.21 1.17 1.26 1.28 1.27 1.40 1.44 1.40 1.43 1.40 1.23 1.15 1.08 1.09
-9999.00 -9999.00 1.08 1.37 1.21 1.13 1.25 1.39 1.53 1.56 1.60 1.98 2.32 2.89 3.18 3.38 3.67 3.27 3.31 3.49 3.28 2.78 2.83 3.04 2.97 2.72 2.74 2.58 2.40 2.47 2.53 2.77 2.68 2.56 2.60 2.69 2.92 3.01 2.97 2.55 2.35 2.24 2.09 2.07 1.96 1.87 1.82 1.61 1.35 1.21 1.21 1.18 1.11 1.08 1.13 1.20 1.20 1.22 1.30 1.41 1.58 1.61 1.61 1.60 1.60 1.45 1.40 1.41 1.27 1.19 1.15 1.09 1.03
-9999.00 1.01 1.05 1.03 1.09 1.00 1.14 1.38 1.44 1.57 1.86 2.00 2.61 2.91 3.21 3.38 3.50 3.09 2.86 2.87 2.74 2.77 3.01 3.03 2.79 2.63 2.73 2.64 2.31 2.26 2.27 2.48 2.65 2.54 2.51 2.91 2.96 2.79 2.62 2.38 2.26 2.17 2.00 1.92 1.77 1.94 1.88 1.60 1.36 1.28 1.24 1.26 1.24 1.21 1.23 1.37 1.36 1.39 1.45 1.48 1.58 1.56 1.49 1.50 1.43 1.37 1.36 1.35 1.27 1.18 1.14 1.03 0.61
0.88 0.95 1.14 1.09 0.99 0.97 1.05 1.30 1.46 1.83 1.94 2.20 2.54 2.59 2.77 2.86 2.92 2.75 2.95 2.96 2.82 2.77 2.63 2.48 2.52 2.61 2.60 2.51 2.31 2.22 2.32 2.73 2.64 2.54 2.40 2.89 2.93 2.62 2.54 2.27 2.10 2.11 1.94 1.85 1.71 1.72 1.77 1.57 1.32 1.27 1.27 1.28 1.31 1.29 1.29 1.33 1.37 1.41 1.44 1.47 1.52 1.49 1.44 1.44 1.38 1.34 0.72 0.69 0.66 0.62 0.62 0.63 0.57
0.95 0.97 1.16 1.04 1.01 1.03 1.15 1.46 1.67 1.88 2.19 2.27 2.17 2.21 2.50 2.72 2.67 2.80 2.78 2.81 2.64 2.60 2.43 2.46 2.53 2.54 2.46 2.44 2.32 2.26 2.51 2.66 2.69 2.61 2.74 3.00 2.91 2.41 2.24 2.05 1.96 1.95 1.75 1.71 1.66 1.57 1.72 1.35 1.28 1.26 1.23 1.27 1.25 1.27 1.29 1.35 1.33 1.36 1.40 1.41 0.93 0.94 0.89 0.80 0.75 0.70 0.70 0.53 0.51 0.48 0.43 0.43 0.36
0.90 0.98 1.10 1.13 1.03 1.18 1.42 1.59 1.80 1.81 1.87 2.11 2.16 2.28 2.56 2.66 2.68 2.96 2.71 2.73 2.47 2.41 2.42 2.60 2.41 2.56 2.43 2.26 2.26 2.26 2.44 2.68 2.67 2.67 2.81 2.96 2.85 2.35 2.06 1.88 1.75 1.75 1.62 1.55 1.50 1.49 1.68 1.31 0.91 0.88 0.86 1.24 1.17 1.20 0.93 0.91 0.90 0.96 0.96 0.93 0.70 0.69 0.64 0.55 0.54 0.49 0.51 0.47 0.46 0.42 0.41 0.41 0.36
1.05 0.96 1.06 1.16 1.16 1.29 1.37 1.55 1.63 1.76 1.88 2.09 2.18 2.26 2.55 2.66 2.68 2.71 2.43 2.45 2.46 2.38 2.40 2.48 2.36 2.49 2.42 2.42 2.31 2.27 2.54 2.70 2.76 2.86 2.90 2.99 2.74 2.22 1.84 1.80 1.78 1.50 1.20 1.18 0.94 0.86 0.84 0.73 0.70 0.64 0.60 0.91 0.76 0.69 0.71 0.69 0.66 0.63 0.62 0.62 0.60 0.61 0.57 0.55 0.52 0.50 0.52 0.49 0.50 0.45 0.39 0.39 0.39
1.16 1.02 1.06 1.06 1.12 1.45 1.54 1.65 1.72 1.77 1.78 1.94 2.13 2.31 2.53 2.48 2.42 2.40 2.39 2.40 2.52 2.42 2.43 2.45 2.57 2.71 2.76 2.65 2.56 2.42 2.74 2.82 2.95 2.94 3.05 2.97 2.05 1.64 1.41 1.34 1.24 1.09 0.96 0.81 0.72 0.69 0.71 0.67 0.68 0.68 0.73 0.60 0.59 0.58 0.61 0.68 0.66 0.66 0.65 0.66 0.64 0.63 0.59 0.55 0.54 0.53 0.52 0.49 0.48 0.43 0.38 0.37 0.34
1.45 1.23 1.33 1.34 1.31 1.36 1.65 1.73 1.76 1.78 1.90 1.99 2.25 2.41 2.53 2.45 2.30 2.29 2.74 2.60 2.61 2.47 2.62 2.64 2.86 2.87 2.87 2.76 2.68 2.76 2.15 2.27 2.47 2.51 2.43 2.07 1.71 1.46 1.29 1.16 1.12 1.00 0.87 0.83 0.82 0.78 0.79 0.80 0.74 0.74 0.78 0.70 0.74 0.70 0.74 0.70 0.68 0.68 0.66 0.65 0.62 0.62 0.57 0.53 0.52 0.52 0.49 0.49 0.47 0.43 0.38 0.35 0.34
2.04 1.52 1.64 1.92 2.00 1.52 1.46 1.79 1.97 1.93 2.18 2.42 2.52 2.69 2.46 2.55 2.33 2.64 3.30 3.19 3.20 2.74 2.47 2.74 2.66 2.53 2.43 2.52 2.36 2.94 2.21 2.31 2.28 2.25 2.32 1.90 1.68 1.54 1.25 1.13 1.08 0.99 0.89 0.79 0.75 0.71 0.76 0.77 0.74 0.71 0.74 0.77 0.73 0.68 0.68 0.63 0.62 0.62 0.60 0.62 0.60 0.62 0.58 0.55 0.50 0.50 0.48 0.47 0.43 0.38 0.34 0.31 0.31
2.64 2.13 2.21 2.37 2.80 2.64 2.48 1.98 2.36 2.18 2.61 3.01 2.84 2.93 2.93 2.76 2.47 2.52 3.29 3.68 2.96 2.65 2.35 2.29 2.27 2.31 2.30 2.40 2.46 2.52 3.14 2.37 2.26 2.40 2.19 1.78 1.60 1.48 1.16 1.03 0.98 0.89 0.79 0.75 0.67 0.62 0.70 0.66 0.62 0.62 0.63 0.70 0.66 0.60 0.58 0.53 0.52 0.52 0.48 0.49 0.49 0.49 0.48 0.47 0.47 0.47 0.46 0.45 0.41 0.38 0.34 0.31 0.21
