dati/cumulata_oraria_prisma_2018052820.txt
ncols        251
nrows        249
xllcorner         436000.00000
yllcorner        4918000.00000
cellsize           1000.00000
NODATA_value          -9999.00000
[rows 160 to 191 of 249, columns 73 to 145 of 251]
5.38 5.23 4.83 4.26 2.31 2.13 1.97 2.43 2.65 4.25 3.77 4.78 4.59 6.24 6.22 5.98 5.54 4.52 4.47 4.17 4.37 4.82 5.14 5.46 6.02 6.90 7.66 8.58 8.79 8.64 8.72 6.74 6.69 3.82 3.65 3.34 2.96 2.76 2.39 2.17 1.57 1.45 1.14 0.98 0.80 0.75 0.65 1.88 1.68 1.35 2.31 1.91 1.66 3.58 1.70 2.03 2.50 3.16 3.61 4.15 3.45 3.20 2.79 10.17 11.01 11.73 13.48 12.44 9.21 1.87 1.96 2.00 1.84
5.92 5.85 5.97 4.20 2.37 2.31 2.08 1.99 2.53 3.07 3.33 3.97 4.20 5.44 5.29 6.34 7.01 5.33 5.70 4.62 4.57 5.09 5.22 5.87 6.43 7.32 7.53 8.79 8.33 9.12 9.06 7.07 7.40 7.21 3.74 3.54 3.09 2.82 2.18 1.90 1.78 1.20 1.08 0.78 0.70 0.68 0.59 0.53 1.32 0.50 0.47 1.53 1.67 3.92 5.11 2.40 2.64 2.39 3.86 4.22 4.33 2.67 2.57 2.50 11.62 9.94 6.10 9.71 3.72 2.10 2.02 1.79 1.79
6.15 5.95 6.00 4.62 3.63 2.40 2.16 2.12 2.96 2.92 3.37 3.58 3.49 3.61 5.06 5.67 6.96 6.36 6.48 5.70 5.03 5.27 5.64 6.29 7.40 7.52 8.09 8.72 7.57 7.35 8.48 7.23 6.35 5.25 3.54 3.23 2.64 2.59 2.60 1.90 1.70 1.09 1.00 0.89 0.62 0.53 0.50 0.42 0.37 0.43 0.37 1.19 1.20 5.98 7.00 6.86 2.35 2.31 2.32 4.22 4.16 4.60 2.35 2.03 1.67 6.39 6.11 5.82 1.98 1.76 1.93 1.63 1.86
6.17 6.08 5.89 4.37 3.92 2.67 2.48 2.10 2.74 2.83 3.59 3.42 3.51 3.56 4.52 4.05 5.95 5.79 6.52 6.54 5.11 5.11 6.00 6.28 8.00 8.82 8.35 8.31 7.20 6.96 6.42 5.68 3.96 4.20 3.43 2.78 2.73 2.61 2.48 2.48 1.46 1.35 0.88 0.75 0.58 0.48 0.43 0.36 0.32 0.31 0.30 0.25 1.20 1.61 2.54 2.34 1.98 2.32 2.98 3.24 4.51 4.95 5.21 1.54 1.16 1.16 6.66 4.17 2.79 2.30 1.70 1.53 1.93
5.99 4.45 5.29 3.85 3.79 2.48 2.53 1.95 1.88 2.45 2.48 3.62 3.66 3.42 3.56 3.65 5.47 5.12 6.22 6.23 5.00 4.87 6.18 6.21 7.87 9.32 9.54 8.62 8.77 5.40 5.34 3.72 3.63 2.96 2.63 2.71 2.61 2.77 2.44 2.30 1.35 1.31 1.36 0.71 0.67 0.43 0.39 0.39 0.26 0.22 0.19 0.17 0.00 1.17 0.67 1.93 1.18 0.90 3.17 3.15 2.64 5.13 3.44 4.84 1.09 0.94 0.76 2.39 2.83 2.65 1.50 1.63 1.71
4.20 3.91 5.19 4.66 3.55 3.06 2.60 2.00 1.90 2.20 2.08 3.06 3.00 3.44 3.39 3.32 3.28 4.60 4.16 5.06 4.64 4.72 4.65 6.11 6.14 8.92 8.37 7.95 7.44 5.06 4.96 4.54 3.27 3.09 2.61 2.60 2.71 2.51 2.45 2.21 2.16 1.22 1.30 0.73 0.56 0.50 0.37 0.30 0.20 0.18 0.00 0.00 0.00 0.57 0.25 0.32 0.84 0.40 0.39 2.65 2.24 2.54 5.10 5.10 4.44 0.69 0.41 0.33 2.52 1.25 1.91 1.67 1.69
3.39 3.62 4.82 4.84 3.94 4.37 2.99 3.04 2.05 2.09 2.08 2.84 2.80 3.40 3.30 3.10 3.00 3.93 3.68 4.51 4.31 4.36 4.36 5.21 5.08 6.52 6.93 6.25 6.00 5.27 4.17 3.83 2.91 2.86 2.58 2.53 2.49 2.30 2.24 2.17 2.14 2.35 1.19 1.11 0.55 0.45 0.51 0.22 0.20 0.00 0.00 0.00 0.00 0.00 0.19 0.00 0.00 0.34 0.38 0.29 2.91 3.41 3.29 4.30 3.92 3.09 0.29 0.31 0.35 1.87 2.19 1.58 2.27
3.14 3.58 3.92 4.69 5.17 6.20 4.21 4.75 2.72 2.65 2.10 2.01 2.50 2.28 2.98 2.86 3.32 3.35 3.87 3.78 4.23 4.06 4.20 3.96 4.61 4.52 5.41 5.35 5.09 4.77 3.65 3.39 2.96 2.69 2.89 2.41 2.45 2.09 2.06 2.39 2.32 2.33 1.12 1.06 0.98 0.39 0.34 0.21 0.00 0.00 0.00 0.00 0.00 0.00 0.00 0.00 0.00 0.00 0.24 0.31 0.36 3.17 2.67 2.49 2.29 1.28 0.24 0.25 0.22 0.24 1.55 0.69 0.42
2.92 3.68 3.63 4.60 6.30 6.87 5.97 6.69 3.17 3.59 2.10 2.11 2.24 2.09 2.84 2.77 3.38 3.45 4.04 4.03 4.06 4.13 3.85 4.01 4.28 4.35 4.27 4.43 3.84 3.69 3.23 2.88 2.86 2.72 2.81 2.87 2.35 2.27 2.45 2.42 2.41 2.30 2.21 0.99 0.87 0.52 0.32 0.30 0.00 0.00 0.00 0.00 0.00 0.00 0.00 0.00 0.00 0.00 0.00 0.27 0.18 5.89 3.37 1.57 1.49 0.75 0.00 0.00 0.00 0.00 0.00 0.40 0.27
2.80 3.52 3.23 4.45 4.24 6.10 6.06 7.73 6.58 5.20 3.82 2.63 2.55 2.34 2.79 2.76 3.24 3.37 3.53 4.19 4.24 4.91 4.99 4.17 4.23 3.98 3.77 3.54 3.44 3.10 2.71 2.65 2.68 2.75 2.86 2.79 2.41 2.47 2.65 2.28 2.31 2.21 1.97 1.95 0.88 0.87 0.27 0.27 0.24 0.00 0.00 0.00 0.00 0.00 0.00 0.00 0.00 0.00 0.00 0.00 0.00 -9999.00 -9999.00 -9999.00 0.00 0.00 0.00 0.00 -9999.00 0.00 0.00 0.00 0.00
2.92 3.00 2.98 4.08 3.95 5.17 5.06 7.90 7.83 6.80 7.10 3.35 4.24 2.70 2.69 2.84 2.73 3.47 3.30 4.32 4.22 5.45 5.35 4.18 4.24 3.50 3.44 3.08 3.06 3.13 2.61 2.54 2.77 2.80 3.12 3.16 3.29 2.73 2.67 2.39 -9999.00 2.24 2.06 1.91 0.87 0.93 0.82 0.22 0.19 0.19 0.00 0.00 0.00 0.00 0.00 0.00 0.00 0.00 0.00 0.00 0.00 -9999.00 -9999.00 0.00 0.00 0.00 0.00 -9999.00 -9999.00 -9999.00 0.00 0.00 0.00
2.97 2.91 3.13 3.65 3.59 4.29 4.05 6.72 6.66 7.67 7.62 4.92 5.34 2.99 3.32 3.02 3.15 3.24 3.31 4.24 4.15 5.58 5.20 5.05 4.14 4.11 3.28 3.11 2.98 2.88 2.50 2.38 2.37 3.04 3.12 -9999.00 3.22 2.65 2.55 2.51 -9999.00 2.27 2.07 1.94 1.83 0.84 0.88 0.85 0.18 0.17 0.00 0.00 0.00 0.00 0.00 0.00 0.00 0.00 0.00 0.00 0.00 0.00 -9999.00 0.00 0.00 0.00 -9999.00 -9999.00 -9999.00 -9999.00 -9999.00 0.00 0.00
2.87 2.81 3.57 3.06 3.70 3.56 4.05 4.78 5.84 6.66 8.80 7.45 6.66 7.02 3.86 4.09 3.28 3.38 3.31 3.35 3.90 3.82 4.90 4.82 3.98 3.85 2.99 2.86 2.84 2.86 2.71 2.63 2.68 3.12 3.16 -9999.00 3.09 2.95 2.55 -9999.00 -9999.00 2.33 2.38 1.83 1.53 1.42 0.67 0.54 0.20 0.17 0.00 -9999.00 0.00 0.00 0.00 0.00 0.00 0.00 0.00 0.00 0.00 0.00 0.00 -9999.00 -9999.00 -9999.00 -9999.00 -9999.00 -9999.00 -9999.00 -9999.00 -9999.00 0.00
3.18 3.12 3.57 3.48 4.15 4.09 4.23 4.34 4.76 4.57 9.17 7.53 7.15 7.09 4.39 4.63 3.61 3.52 3.47 3.44 3.81 3.61 4.66 4.40 4.36 3.72 3.63 -9999.00 -9999.00 -9999.00 -9999.00 2.57 2.54 2.85 3.39 -9999.00 -9999.00 -9999.00 -9999.00 -9999.00 -9999.00 2.37 2.16 2.13 1.63 1.40 0.63 0.67 0.63 0.00 0.25 -9999.00 0.00 0.00 0.00 0.00 0.00 0.00 -9999.00 0.00 0.00 0.00 0.00 -9999.00 -9999.00 -9999.00 -9999.00 -9999.00 -9999.00 -9999.00 -9999.00 -9999.00 0.00
3.33 3.43 3.22 3.47 4.57 4.52 4.85 4.79 4.68 4.80 6.74 5.52 7.21 6.90 5.22 5.08 3.92 3.94 3.45 3.42 3.68 3.63 3.54 4.00 3.98 3.56 -9999.00 -9999.00 -9999.00 -9999.00 -9999.00 -9999.00 2.62 2.73 3.43 -9999.00 -9999.00 -9999.00 -9999.00 -9999.00 -9999.00 2.41 2.12 2.08 1.34 1.52 1.42 0.72 0.72 0.72 0.26 -9999.00 -9999.00 -9999.00 0.00 0.00 0.00 0.00 -9999.00 -9999.00 0.00 0.00 0.00 -9999.00 -9999.00 -9999.00 -9999.00 -9999.00 -9999.00 -9999.00 -9999.00 -9999.00 0.00
3.67 3.83 3.95 3.22 4.70 4.40 5.20 5.06 5.25 4.94 4.77 4.91 4.92 5.60 4.72 5.81 5.63 4.67 4.49 3.73 3.78 3.35 3.35 3.34 3.31 -9999.00 -9999.00 -9999.00 -9999.00 -9999.00 -9999.00 -9999.00 -9999.00 -9999.00 -9999.00 -9999.00 -9999.00 -9999.00 -9999.00 -9999.00 -9999.00 -9999.00 -9999.00 -9999.00 -9999.00 1.32 1.35 1.51 0.69 0.59 -9999.00 -9999.00 -9999.00 -9999.00 -9999.00 0.00 0.00 0.00 -9999.00 -9999.00 -9999.00 -9999.00 -9999.00 -9999.00 -9999.00 -9999.00 -9999.00 -9999.00 -9999.00 -9999.00 -9999.00 -9999.00 0.00
2.90 3.81 3.67 4.00 3.34 3.90 3.77 4.78 4.59 5.13 4.96 4.98 4.84 4.42 4.32 5.06 4.21 4.49 4.45 3.89 3.68 3.23 3.21 -9999.00 -9999.00 -9999.00 -9999.00 -9999.00 -9999.00 -9999.00 -9999.00 -9999.00 -9999.00 -9999.00 -9999.00 -9999.00 -9999.00 -9999.00 -9999.00 -9999.00 -9999.00 -9999.00 -9999.00 -9999.00 -9999.00 -9999.00 1.40 1.22 0.62 0.52 -9999.00 -9999.00 -9999.00 -9999.00 -9999.00 0.00 0.00 0.00 -9999.00 -9999.00 -9999.00 -9999.00 -9999.00 -9999.00 -9999.00 -9999.00 -9999.00 -9999.00 -9999.00 -9999.00 -9999.00 -9999.00 -9999.00
2.42 3.87 3.82 4.68 3.92 3.90 4.06 4.55 4.61 5.04 4.83 5.15 4.82 4.41 4.36 4.19 3.96 4.07 4.53 4.48 4.07 4.04 -9999.00 -9999.00 -9999.00 -9999.00 -9999.00 -9999.00 -9999.00 -9999.00 -9999.00 -9999.00 -9999.00 -9999.00 -9999.00 -9999.00 -9999.00 -9999.00 -9999.00 -9999.00 -9999.00 -9999.00 -9999.00 -9999.00 -9999.00 -9999.00 -9999.00 -9999.00 -9999.00 -9999.00 -9999.00 -9999.00 -9999.00 -9999.00 -9999.00 0.00 0.00 -9999.00 -9999.00 -9999.00 -9999.00 -9999.00 -9999.00 -9999.00 -9999.00 -9999.00 -9999.00 -9999.00 -9999.00 -9999.00 -9999.00 -9999.00 -9999.00
2.12 3.39 3.53 4.34 4.59 4.26 4.14 4.69 4.59 5.38 5.35 4.94 4.93 4.82 4.21 4.46 3.69 3.65 4.76 4.36 3.63 3.61 -9999.00 -9999.00 -9999.00 -9999.00 -9999.00 -9999.00 -9999.00 -9999.00 -9999.00 -9999.00 -9999.00 -9999.00 -9999.00 -9999.00 -9999.00 -9999.00 -9999.00 -9999.00 -9999.00 -9999.00 -9999.00 -9999.00 -9999.00 -9999.00 -9999.00 -9999.00 -9999.00 -9999.00 -9999.00 -9999.00 -9999.00 -9999.00 -9999.00 -9999.00 -9999.00 -9999.00 -9999.00 -9999.00 -9999.00 -9999.00 -9999.00 -9999.00 -9999.00 -9999.00 -9999.00 -9999.00 -9999.00 -9999.00 -9999.00 -9999.00 -9999.00
1.82 1.75 3.18 2.93 4.41 4.60 5.15 5.15 4.67 4.88 4.96 4.92 5.32 5.90 5.08 5.91 4.30 4.26 3.98 3.49 3.24 3.37 -9999.00 -9999.00 -9999.00 -9999.00 -9999.00 -9999.00 -9999.00 -9999.00 -9999.00 -9999.00 -9999.00 -9999.00 -9999.00 -9999.00 -9999.00 -9999.00 -9999.00 -9999.00 -9999.00 -9999.00 -9999.00 -9999.00 -9999.00 -9999.00 -9999.00 -9999.00 -9999.00 -9999.00 -9999.00 -9999.00 -9999.00 -9999.00 -9999.00 -9999.00 -9999.00 -9999.00 -9999.00 -9999.00 -9999.00 -9999.00 -9999.00 -9999.00 -9999.00 -9999.00 -9999.00 -9999.00 -9999.00 -9999.00 -9999.00 -9999.00 -9999.00
1.59 1.51 2.77 2.41 4.89 4.93 5.38 6.11 5.39 5.96 4.93 4.90 6.99 6.96 6.53 7.13 5.13 4.92 4.84 3.86 3.83 -9999.00 -9999.00 -9999.00 -9999.00 -9999.00 -9999.00 -9999.00 -9999.00 -9999.00 -9999.00 -9999.00 -9999.00 -9999.00 -9999.00 -9999.00 -9999.00 -9999.00 -9999.00 -9999.00 -9999.00 -9999.00 -9999.00 -9999.00 -9999.00 -9999.00 -9999.00 -9999.00 -9999.00 -9999.00 -9999.00 -9999.00 -9999.00 -9999.00 -9999.00 -9999.00 -9999.00 -9999.00 -9999.00 -9999.00 -9999.00 -9999.00 -9999.00 -9999.00 -9999.00 -9999.00 -9999.00 -9999.00 -9999.00 -9999.00 -9999.00 -9999.00 -9999.00
1.35 1.27 1.91 1.99 4.67 4.47 6.68 6.40 5.99 6.53 5.87 6.26 7.29 7.27 6.31 8.50 8.38 5.84 6.67 4.29 4.30 -9999.00 -9999.00 -9999.00 -9999.00 -9999.00 -9999.00 -9999.00 -9999.00 -9999.00 -9999.00 -9999.00 -9999.00 -9999.00 -9999.00 -9999.00 -9999.00 -9999.00 -9999.00 -9999.00 -9999.00 -9999.00 -9999.00 -9999.00 -9999.00 -9999.00 -9999.00 -9999.00 -9999.00 -9999.00 -9999.00 -9999.00 -9999.00 -9999.00 -9999.00 -9999.00 -9999.00 -9999.00 -9999.00 -9999.00 -9999.00 -9999.00 -9999.00 -9999.00 -9999.00 -9999.00 -9999.00 -9999.00 -9999.00 -9999.00 -9999.00 -9999.00 -9999.00
1.28 1.33 1.70 1.66 4.00 3.56 5.77 5.75 6.81 7.19 8.19 6.77 5.34 5.70 5.01 8.10 7.97 6.74 6.80 4.17 4.67 -9999.00 -9999.00 -9999.00 -9999.00 -9999.00 -9999.00 -9999.00 -9999.00 -9999.00 -9999.00 -9999.00 -9999.00 -9999.00 -9999.00 -9999.00 -9999.00 -9999.00 -9999.00 -9999.00 -9999.00 -9999.00 -9999.00 -9999.00 -9999.00 -9999.00 -9999.00 -9999.00 -9999.00 -9999.00 -9999.00 -9999.00 -9999.00 -9999.00 -9999.00 -9999.00 -9999.00 -9999.00 -9999.00 -9999.00 -9999.00 -9999.00 -9999.00 -9999.00 -9999.00 -9999.00 -9999.00 -9999.00 -9999.00 -9999.00 -9999.00 -9999.00 -9999.00
1.16 1.13 1.14 1.50 2.73 2.57 2.14 5.65 5.55 7.05 6.94 5.57 5.92 4.62 4.03 5.93 5.69 4.54 6.15 5.78 4.75 -9999.00 -9999.00 -9999.00 -9999.00 -9999.00 -9999.00 -9999.00 -9999.00 -9999.00 -9999.00 -9999.00 -9999.00 -9999.00 -9999.00 -9999.00 -9999.00 -9999.00 -9999.00 -9999.00 -9999.00 -9999.00 -9999.00 -9999.00 -9999.00 -9999.00 -9999.00 -9999.00 -9999.00 -9999.00 -9999.00 -9999.00 -9999.00 -9999.00 -9999.00 -9999.00 -9999.00 -9999.00 -9999.00 -9999.00 -9999.00 -9999.00 -9999.00 -9999.00 -9999.00 -9999.00 -9999.00 -9999.00 -9999.00 -9999.00 -9999.00 -9999.00 -9999.00
0.93 1.03 1.01 1.55 1.42 1.87 1.86 4.14 4.12 6.83 6.81 5.69 5.64 4.28 4.75 4.87 4.30 4.49 5.06 -9999.00 -9999.00 -9999.00 -9999.00 -9999.00 -9999.00 -9999.00 -9999.00 -9999.00 -9999.00 -9999.00 -9999.00 -9999.00 -9999.00 -9999.00 -9999.00 -9999.00 -9999.00 -9999.00 -9999.00 -9999.00 -9999.00 -9999.00 -9999.00 -9999.00 -9999.00 -9999.00 -9999.00 -9999.00 -9999.00 -9999.00 -9999.00 -9999.00 -9999.00 -9999.00 -9999.00 -9999.00 -9999.00 -9999.00 -9999.00 -9999.00 -9999.00 -9999.00 -9999.00 -9999.00 -9999.00 -9999.00 -9999.00 -9999.00 -9999.00 -9999.00 -9999.00 -9999.00 -9999.00
0.87 0.89 0.94 1.42 1.50 1.74 1.72 3.57 3.79 5.72 5.45 4.71 5.85 5.85 4.77 4.74 5.03 5.03 6.22 -9999.00 -9999.00 -9999.00 -9999.00 -9999.00 -9999.00 -9999.00 -9999.00 -9999.00 -9999.00 -9999.00 -9999.00 -9999.00 -9999.00 -9999.00 -9999.00 -9999.00 -9999.00 -9999.00 -9999.00 -9999.00 -9999.00 -9999.00 -9999.00 -9999.00 -9999.00 -9999.00 -9999.00 -9999.00 -9999.00 -9999.00 -9999.00 -9999.00 -9999.00 -9999.00 -9999.00 -9999.00 -9999.00 -9999.00 -9999.00 -9999.00 -9999.00 -9999.00 -9999.00 -9999.00 -9999.00 -9999.00 -9999.00 -9999.00 -9999.00 -9999.00 -9999.00 -9999.00 -9999.00
0.84 0.96 0.94 1.16 1.35 1.56 1.60 3.56 3.55 2.99 5.02 5.23 5.04 4.81 4.73 5.02 5.86 5.61 6.01 -9999.00 -9999.00 -9999.00 -9999.00 -9999.00 -9999.00 -9999.00 -9999.00 -9999.00 -9999.00 -9999.00 -9999.00 -9999.00 -9999.00 -9999.00 -9999.00 -9999.00 -9999.00 -9999.00 -9999.00 -9999.00 -9999.00 -9999.00 -9999.00 -9999.00 -9999.00 -9999.00 -9999.00 -9999.00 -9999.00 -9999.00 -9999.00 -9999.00 -9999.00 -9999.00 -9999.00 -9999.00 -9999.00 -9999.00 -9999.00 -9999.00 -9999.00 -9999.00 -9999.00 -9999.00 -9999.00 -9999.00 -9999.00 -9999.00 -9999.00 -9999.00 -9999.00 -9999.00 -9999.00
0.89 1.03 1.07 1.07 1.18 1.53 1.80 1.74 3.60 3.67 5.03 4.71 4.65 4.81 5.87 5.36 4.90 6.09 -9999.00 -9999.00 -9999.00 -9999.00 -9999.00 -9999.00 -9999.00 -9999.00 -9999.00 -9999.00 -9999.00 -9999.00 -9999.00 -9999.00 -9999.00 -9999.00 -9999.00 -9999.00 -9999.00 -9999.00 -9999.00 -9999.00 -9999.00 -9999.00 -9999.00 -9999.00 -9999.00 -9999.00 -9999.00 -9999.00 -9999.00 -9999.00 -9999.00 -9999.00 -9999.00 -9999.00 -9999.00 -9999.00 -9999.00 -9999.00 -9999.00 -9999.00 -9999.00 -9999.00 -9999.00 -9999.00 -9999.00 -9999.00 -9999.00 -9999.00 -9999.00 -9999.00 -9999.00 -9999.00 -9999.00
1.01 0.97 1.20 1.19 1.14 1.12 1.83 1.83 2.80 2.89 4.53 4.53 4.42 4.38 4.22 4.79 4.90 6.10 -9999.00 -9999.00 -9999.00 -9999.00 -9999.00 -9999.00 -9999.00 -9999.00 -9999.00 -9999.00 -9999.00 -9999.00 -9999.00 -9999.00 -9999.00 -9999.00 -9999.00 -9999.00 -9999.00 -9999.00 -9999.00 -9999.00 -9999.00 -9999.00 -9999.00 -9999.00 -9999.00 -9999.00 -9999.00 -9999.00 -9999.00 -9999.00 -9999.00 -9999.00 -9999.00 -9999.00 -9999.00 -9999.00 -9999.00 -9999.00 -9999.00 -9999.00 -9999.00 -9999.00 -9999.00 -9999.00 -9999.00 -9999.00 -9999.00 -9999.00 -9999.00 -9999.00 -9999.00 -9999.00 -9999.00
1.04 1.05 1.34 1.34 1.11 1.15 1.66 1.66 2.69 2.83 5.34 4.83 5.18 5.08 5.06 5.30 5.28 5.79 -9999.00 -9999.00 -9999.00 -9999.00 -9999.00 -9999.00 -9999.00 -9999.00 -9999.00 -9999.00 -9999.00 -9999.00 -9999.00 -9999.00 -9999.00 -9999.00 -9999.00 -9999.00 -9999.00 -9999.00 -9999.00 -9999.00 -9999.00 -9999.00 -9999.00 -9999.00 -9999.00 -9999.00 -9999.00 -9999.00 -9999.00 -9999.00 -9999.00 -9999.00 -9999.00 -9999.00 -9999.00 -9999.00 -9999.00 -9999.00 -9999.00 -9999.00 -9999.00 -9999.00 -9999.00 -9999.00 -9999.00 -9999.00 -9999.00 -9999.00 -9999.00 -9999.00 -9999.00 -9999.00 -9999.00
1.17 1.17 1.74 1.74 1.19 1.19 1.61 1.74 3.11 3.08 3.34 4.48 3.98 5.25 5.77 5.42 5.15 -9999.00 -9999.00 -9999.00 -9999.00 -9999.00 -9999.00 -9999.00 -9999.00 -9999.00 -9999.00 -9999.00 -9999.00 -9999.00 -9999.00 -9999.00 -9999.00 -9999.00 -9999.00 -9999.00 -9999.00 -9999.00 -9999.00 -9999.00 -9999.00 -9999.00 -9999.00 -9999.00 -9999.00 -9999.00 -9999.00 -9999.00 -9999.00 -9999.00 -9999.00 -9999.00 -9999.00 -9999.00 -9999.00 -9999.00 -9999.00 -9999.00 -9999.00 -9999.00 -9999.00 -9999.00 -9999.00 -9999.00 -9999.00 -9999.00 -9999.00 -9999.00 -9999.00 -9999.00 -9999.00 -9999.00 -9999.00
1.13 1.09 2.13 2.17 1.50 1.50 1.45 1.89 2.17 3.71 3.89 4.04 4.57 5.91 5.79 -9999.00 -9999.00 -9999.00 -9999.00 -9999.00 -9999.00 -9999.00 -9999.00 -9999.00 -9999.00 -9999.00 -9999.00 -9999.00 -9999.00 -9999.00 -9999.00 -9999.00 -9999.00 -9999.00 -9999.00 -9999.00 -9999.00 -9999.00 -9999.00 -9999.00 -9999.00 -9999.00 -9999.00 -9999.00 -9999.00 -9999.00 -9999.00 -9999.00 -9999.00 -9999.00 -9999.00 -9999.00 -9999.00 -9999.00 -9999.00 -9999.00 -9999.00 -9999.00 -9999.00 -9999.00 -9999.00 -9999.00 -9999.00 -9999.00 -9999.00 -9999.00 -9999.00 -9999.00 -9999.00 -9999.00 -9999.00 -9999.00 -9999.00
