dati/cumulata_oraria_prisma_2018052804.txt
ncols        251
nrows        249
xllcorner         436000.00000
yllcorner        4918000.00000
cellsize           1000.00000
NODATA_value          -9999.00000
[rows 96 to 127 of 249, columns 73 to 145 of 251]
12.23 11.62 11.26 11.53 11.78 12.61 12.78 12.71 11.41 9.56 8.11 7.24 6.32 6.01 5.64 5.91 6.68 6.78 6.91 7.25 8.14 5.97 3.47 2.95 3.05 2.95 3.44 3.19 3.02 2.77 2.75 3.55 4.01 5.38 6.81 10.36 11.18 8.15 5.71 4.17 3.32 3.66 3.74 3.47 3.10 3.04 10.41 20.32 11.30 3.75 1.32 0.94 0.45 0.22 0.00 0.00 0.00 0.00 0.00 0.00 0.00 0.00 0.00 0.00 0.00 0.00 0.00 0.46 0.84 0.58 0.33 0.31 0.35
11.76 10.95 10.80 11.19 11.64 12.44 12.61 12.54 11.57 10.01 7.85 6.51 6.04 5.56 5.17 4.80 5.58 6.29 6.52 6.41 6.97 6.25 3.20 2.60 2.55 2.54 2.73 2.70 2.76 2.45 2.57 3.39 4.14 5.29 6.55 8.92 9.66 9.49 6.76 4.90 3.36 3.31 3.81 3.85 3.26 2.56 5.23 16.23 8.82 4.49 2.31 1.41 0.69 0.41 0.00 0.00 0.00 0.00 0.00 0.00 0.00 0.00 0.00 0.00 0.00 0.00 0.00 0.00 1.05 0.57 0.23 0.27 0.50
10.43 10.41 10.78 11.39 10.90 11.98 12.31 12.08 12.16 10.29 8.15 6.73 5.81 5.13 4.56 4.06 4.49 5.03 5.39 5.60 6.87 5.95 3.32 2.56 2.21 2.21 2.36 2.35 2.39 2.06 2.39 2.97 3.81 4.53 6.46 7.77 8.77 9.12 8.53 5.55 3.74 3.53 3.23 4.12 3.90 3.07 5.21 7.96 9.15 6.72 4.60 2.03 0.84 0.58 0.32 0.00 0.00 0.00 0.00 0.00 0.00 0.00 0.00 0.00 0.00 0.00 0.00 0.00 0.00 0.33 0.00 0.40 0.58
8.59 8.60 9.89 10.46 9.67 10.79 11.61 11.52 11.20 10.59 8.45 6.64 5.73 4.89 4.18 3.37 3.68 4.09 4.45 5.37 5.67 4.83 3.78 2.40 1.84 2.07 2.30 2.21 2.14 1.96 2.16 2.73 3.56 4.37 6.14 7.46 8.06 9.12 9.71 6.92 5.15 3.83 3.59 4.18 4.56 3.94 4.28 6.03 7.14 8.15 6.37 4.22 1.30 0.78 0.50 0.19 0.00 0.00 0.00 0.00 0.00 0.00 0.00 0.00 0.00 0.00 0.00 0.00 0.30 0.20 0.16 0.88 0.95
6.62 7.65 8.73 9.47 8.39 8.86 10.31 10.68 10.71 10.68 7.86 6.48 5.33 4.53 3.43 2.95 2.94 3.36 3.10 3.95 4.60 3.84 3.58 1.94 1.57 1.90 2.07 2.12 1.91 1.92 2.14 2.62 3.12 4.23 5.80 8.23 8.34 8.49 9.75 8.27 6.19 4.74 4.34 3.67 4.32 4.37 4.70 6.13 7.81 11.71 12.02 8.08 2.61 1.32 0.65 0.40 0.22 0.00 0.18 0.00 0.00 0.00 0.00 0.00 0.00 0.00 0.00 0.00 0.00 0.00 0.00 0.77 1.02
5.22 5.63 7.63 8.84 7.75 7.12 9.05 9.43 9.77 9.61 7.74 5.37 5.16 4.00 3.02 2.41 2.28 2.80 2.89 2.67 3.00 2.84 2.72 1.73 1.30 1.50 1.81 1.67 1.70 1.81 2.01 2.41 2.95 4.20 5.36 7.91 8.75 9.28 10.05 8.91 7.46 6.24 5.47 4.09 3.94 4.23 5.62 6.70 8.23 10.16 12.91 10.96 3.45 1.92 1.16 0.66 0.54 0.51 1.06 0.71 0.00 0.00 0.00 0.00 0.00 0.00 0.00 0.00 0.00 0.00 0.28 0.87 1.97
3.92 4.09 6.17 8.00 6.71 6.14 6.90 8.22 9.53 9.04 6.42 4.49 4.29 3.25 2.45 1.99 1.78 2.34 2.43 2.09 1.79 2.01 2.57 2.24 1.21 1.15 1.48 1.43 1.43 1.59 1.96 2.30 3.00 3.69 5.16 7.10 9.51 10.83 10.94 10.05 9.07 7.30 6.36 4.87 3.83 4.45 6.42 6.92 7.63 9.05 15.75 15.91 8.66 3.51 1.68 1.40 1.00 1.79 1.52 1.75 0.83 0.17 0.00 0.00 0.00 0.00 0.00 0.00 0.00 0.00 0.00 0.49 1.90
3.42 3.44 4.42 6.40 6.53 4.98 5.34 7.31 8.16 7.25 5.68 3.71 2.66 2.68 2.08 1.61 1.43 1.78 2.13 1.99 1.29 1.31 1.83 1.75 1.01 0.88 1.12 1.20 1.30 1.46 1.92 2.20 2.79 3.28 4.79 5.95 8.71 11.35 13.11 11.84 10.49 9.75 7.75 5.64 4.38 4.98 6.42 5.91 6.74 7.62 8.24 12.72 9.20 3.22 2.30 1.78 1.57 5.35 5.97 3.38 0.86 0.27 0.00 0.00 0.00 0.00 0.00 0.00 0.00 0.00 0.00 0.35 1.41
2.81 3.02 5.16 5.50 4.31 3.76 4.51 5.42 5.87 3.91 2.67 2.26 2.13 1.91 1.46 1.35 1.34 2.08 1.83 1.35 0.83 1.31 0.97 0.96 0.65 0.74 0.86 1.01 1.29 1.60 2.03 2.51 2.93 4.01 5.75 8.26 12.08 13.35 12.89 11.20 9.97 8.58 8.05 5.53 4.31 4.90 5.53 6.56 7.51 7.64 8.61 7.01 5.47 2.49 1.77 2.04 4.34 5.61 2.80 1.41 0.60 0.21 0.00 0.00 0.00 0.00 0.00 0.00 0.00 0.00 0.00 2.16 2.41
2.47 2.62 3.30 4.46 3.66 2.90 2.91 3.28 2.91 2.62 2.05 1.77 1.62 1.50 1.24 0.97 1.06 1.16 1.30 0.95 0.67 0.57 0.67 0.51 0.59 0.69 0.83 0.99 1.17 1.49 1.91 2.40 2.89 3.50 5.37 7.39 10.48 12.72 13.56 12.71 10.48 9.98 8.65 5.77 4.78 4.51 4.83 5.29 6.21 6.60 6.25 5.40 3.36 2.30 1.60 1.63 4.00 5.25 3.19 1.21 0.53 0.32 0.23 0.00 0.00 0.00 0.00 0.00 0.00 0.00 0.45 0.96 1.69
2.18 2.21 2.89 3.32 3.11 2.42 2.10 2.00 1.93 1.77 1.59 1.41 1.29 1.15 0.90 0.77 0.65 0.54 0.76 0.60 0.53 0.36 0.39 0.45 0.55 0.67 0.82 0.99 1.18 1.49 1.79 2.35 2.74 3.50 4.58 5.96 9.26 12.91 13.33 13.63 10.00 9.62 9.99 8.46 6.01 4.24 4.30 4.34 4.20 5.12 5.53 4.74 2.98 2.15 1.62 1.84 2.06 2.05 1.81 0.96 0.53 0.42 0.32 0.23 0.00 0.00 0.00 0.00 0.00 0.00 0.00 1.20 1.42
1.91 2.01 2.47 3.22 2.90 2.02 1.70 1.52 1.47 1.38 1.13 1.04 0.93 0.81 0.70 0.59 0.49 0.41 0.34 0.30 0.29 0.30 0.34 0.42 0.52 0.66 0.82 1.00 1.21 1.43 1.80 2.32 2.77 3.52 4.04 5.58 7.52 10.86 13.21 15.23 10.79 10.24 12.21 10.26 6.63 5.18 4.24 3.78 3.79 4.67 4.38 4.01 3.42 2.38 1.70 1.57 1.74 2.01 1.51 0.77 0.63 0.51 0.40 0.31 0.23 0.16 0.00 0.00 0.00 0.00 0.00 0.18 0.00
1.88 1.81 1.92 2.73 2.90 1.74 1.37 1.21 1.15 0.96 0.89 0.81 0.72 0.63 0.53 0.44 0.36 0.30 0.25 0.23 0.23 0.26 0.31 0.40 0.52 0.66 0.84 1.03 1.24 1.47 1.85 2.25 2.87 3.44 4.06 5.17 5.97 9.36 12.10 13.04 10.23 9.58 11.70 11.25 9.03 7.02 5.13 4.06 3.47 3.24 3.63 3.66 2.98 2.40 2.07 1.75 1.52 1.29 1.03 0.87 0.72 0.59 0.48 0.38 0.29 0.22 0.00 0.00 0.00 0.00 0.00 0.00 0.16
1.68 1.67 1.82 2.16 2.23 1.84 1.27 0.98 0.90 0.74 0.69 0.62 0.55 0.47 0.40 0.33 0.26 0.22 0.19 0.18 0.19 0.24 0.30 0.40 0.53 0.68 0.86 1.06 1.28 1.52 1.90 2.24 2.78 3.40 4.09 5.37 5.96 8.32 10.96 13.18 13.09 10.62 10.41 12.72 11.32 7.74 6.27 4.10 3.66 3.33 3.18 2.87 2.89 2.37 2.11 1.88 1.62 1.30 1.12 0.96 0.80 0.67 0.55 0.44 0.35 0.27 0.20 0.00 0.00 0.00 0.00 0.00 0.00
1.55 1.79 1.59 2.02 1.99 1.43 1.03 0.80 0.76 0.56 0.52 0.47 0.41 0.35 0.29 0.24 0.20 0.16 0.00 0.00 0.18 0.23 0.31 0.42 0.55 0.71 0.90 1.10 1.33 1.56 1.97 2.29 2.72 3.37 3.88 4.85 5.85 7.41 9.89 12.63 14.37 10.55 10.99 13.72 13.37 10.40 7.56 7.06 4.97 3.28 3.05 2.90 2.66 2.45 2.20 1.93 1.57 1.38 1.20 1.03 0.87 0.73 0.61 0.50 0.40 0.32 0.25 0.19 0.00 0.00 0.00 0.00 0.00
1.62 1.83 1.41 1.48 1.81 1.35 0.86 0.69 0.58 0.41 0.38 0.35 0.31 0.27 0.22 0.18 0.00 0.00 0.00 0.00 0.19 0.25 0.34 0.45 0.59 0.75 0.94 1.14 1.37 1.61 2.02 2.31 2.75 3.27 3.64 4.65 5.51 6.76 8.66 12.64 15.66 13.05 12.35 11.25 12.35 12.55 12.94 9.61 5.73 5.33 3.83 2.94 2.56 2.27 2.06 1.85 1.64 1.45 1.26 1.09 0.93 0.79 0.66 0.54 0.44 0.36 0.28 0.22 0.17 0.00 0.00 0.00 0.00
1.25 1.79 1.54 1.45 1.61 1.53 1.06 0.62 0.53 0.41 0.29 0.27 0.24 0.21 0.18 0.00 0.00 0.00 0.00 0.17 0.22 0.28 0.38 0.49 0.63 0.80 0.98 1.19 1.41 1.64 2.02 2.36 2.73 3.21 3.75 4.27 5.25 6.39 8.62 12.85 14.56 14.39 13.39 11.71 12.81 13.69 13.97 11.97 8.25 5.48 4.90 3.67 2.53 2.32 2.11 1.90 1.69 1.50 1.31 1.14 0.98 0.83 0.70 0.58 0.48 0.39 0.31 0.24 0.19 0.00 0.00 0.00 0.00
1.05 1.42 1.77 1.55 1.65 1.38 0.70 0.52 0.49 0.43 0.34 0.22 0.21 0.19 0.17 0.00 0.00 0.00 0.17 0.21 0.26 0.33 0.43 0.54 0.68 0.85 1.03 1.23 1.45 1.68 2.05 2.33 2.81 3.16 3.60 4.19 4.83 6.08 8.74 11.19 14.66 14.71 13.62 12.35 11.43 13.03 14.38 10.34 8.14 7.96 7.59 3.76 2.55 2.34 2.13 1.92 1.72 1.53 1.34 1.17 1.01 0.86 0.73 0.61 0.50 0.41 0.33 0.27 0.21 0.16 0.00 0.00 0.00
0.67 1.23 1.78 2.02 1.67 1.56 1.04 0.60 0.48 0.40 0.32 0.21 0.20 0.19 0.19 0.18 0.19 0.20 0.22 0.26 0.32 0.39 0.49 0.60 0.74 0.90 1.07 1.27 1.48 1.70 2.05 2.35 2.68 3.09 3.53 3.99 4.41 5.86 7.43 11.08 14.86 15.11 13.79 11.70 10.38 9.22 9.86 10.23 11.63 12.06 10.36 8.02 3.00 2.34 2.14 1.93 1.73 1.54 1.36 1.18 1.03 0.88 0.75 0.63 0.52 0.43 0.35 0.28 0.22 0.18 0.00 0.00 0.00
0.37 0.76 1.91 1.90 1.74 1.44 0.94 0.78 0.52 0.46 0.33 0.22 0.22 0.23 0.23 0.23 0.24 0.26 0.29 0.33 0.38 0.46 0.55 0.66 0.80 0.95 1.12 1.30 1.50 1.72 2.04 2.28 2.63 2.89 3.32 3.63 4.16 4.92 8.02 10.63 14.25 14.89 13.69 10.42 8.19 7.86 9.28 8.63 12.14 12.94 12.77 6.40 4.48 2.52 2.12 1.92 1.72 1.53 1.36 1.19 1.03 0.89 0.76 0.64 0.53 0.44 0.36 0.29 0.23 0.19 0.00 0.00 0.00
0.33 0.68 1.29 1.93 2.24 1.93 1.19 0.72 0.55 0.51 0.43 0.26 0.27 0.28 0.29 0.30 0.31 0.33 0.36 0.40 0.46 0.53 0.62 0.73 0.86 1.00 1.16 0.00 0.00 0.00 0.00 2.25 2.55 2.80 3.21 3.47 4.00 4.63 6.15 9.23 14.21 14.72 13.83 11.06 7.81 6.68 6.28 8.58 7.27 9.32 12.11 9.88 4.21 3.36 2.08 1.89 1.70 1.51 1.34 1.18 1.02 0.88 0.76 0.64 0.54 0.45 0.37 0.30 0.24 0.19 0.00 0.00 0.00
0.33 0.72 1.52 2.05 2.35 1.86 1.73 1.16 0.75 0.59 0.47 0.32 0.34 0.35 0.36 0.38 0.39 0.42 0.45 0.49 0.54 0.61 0.70 0.80 0.91 0.00 0.00 0.00 0.00 0.00 0.00 0.00 2.48 2.71 3.02 3.27 3.74 4.23 5.75 8.73 10.22 14.85 14.50 11.62 7.42 6.73 6.54 6.95 6.33 7.16 7.39 7.00 5.35 2.52 2.22 1.84 1.66 1.48 1.31 1.15 1.01 0.87 0.75 0.63 0.53 0.44 0.37 0.30 0.24 0.19 0.00 0.00 0.00
0.32 0.64 1.13 1.56 1.88 2.59 2.39 1.44 0.85 0.74 0.67 0.50 0.42 0.44 0.45 0.47 0.49 0.51 0.54 0.58 0.63 0.69 0.77 0.86 0.00 0.00 0.00 0.00 0.00 0.00 0.00 0.00 0.00 2.60 2.88 3.11 3.43 4.10 5.01 6.08 11.70 13.13 13.38 13.17 9.02 6.52 6.39 6.07 5.20 4.05 5.91 5.02 4.75 2.76 2.13 1.77 1.60 1.43 1.27 1.12 0.98 0.85 0.73 0.62 0.52 0.44 0.36 0.30 0.24 0.19 0.00 0.00 0.00
0.37 0.74 1.36 1.44 2.40 3.67 3.22 2.11 1.25 0.87 0.70 0.61 0.51 0.53 0.55 0.57 0.59 0.61 0.64 0.67 0.72 0.77 0.84 0.00 0.00 0.00 0.00 0.00 0.00 0.00 0.00 0.00 0.00 0.00 2.73 2.98 3.29 3.70 4.02 6.17 8.13 11.45 12.79 11.40 9.37 8.38 6.52 5.82 5.58 3.77 3.66 3.79 3.56 2.40 2.01 1.70 1.53 1.37 1.22 1.08 0.94 0.82 0.70 0.60 0.51 0.42 0.35 0.29 0.24 0.19 0.00 0.00 0.00
0.41 0.62 1.23 1.33 1.67 3.16 3.72 2.29 1.53 1.09 0.91 0.70 0.61 0.63 0.65 0.67 0.69 0.71 0.73 0.77 0.80 0.85 0.91 0.00 0.00 0.00 0.00 0.00 0.00 0.00 0.00 0.00 0.00 0.00 2.57 2.74 3.04 3.25 4.03 4.50 7.09 8.92 10.84 10.97 10.26 7.87 7.96 6.77 5.70 4.76 3.41 2.86 3.24 2.17 1.77 1.61 1.45 1.30 1.16 1.02 0.90 0.78 0.67 0.57 0.49 0.41 0.34 0.28 0.23 0.19 0.00 0.00 0.00
0.53 0.91 1.40 1.57 1.73 3.53 5.28 4.35 2.59 1.35 1.04 0.86 0.82 0.74 0.76 0.77 0.79 0.81 0.83 0.86 0.89 0.93 0.00 0.00 0.00 0.00 0.00 0.00 0.00 0.00 0.00 0.00 0.00 0.00 0.00 2.55 2.70 3.19 3.39 4.69 5.92 7.59 8.09 7.98 9.90 9.42 7.90 7.20 5.91 4.01 3.06 2.65 2.37 1.94 1.66 1.51 1.37 1.23 1.09 0.97 0.85 0.74 0.64 0.54 0.46 0.39 0.32 0.27 0.22 0.18 0.00 0.00 0.00
0.59 0.74 1.76 2.02 1.73 2.16 4.53 4.69 2.64 1.73 1.36 1.06 0.92 0.84 0.86 0.87 0.89 0.90 0.92 0.94 0.97 1.00 0.00 0.00 0.00 0.00 0.00 0.00 0.00 0.00 0.00 0.00 0.00 0.00 0.00 0.00 0.00 2.78 3.14 3.75 5.48 6.69 6.61 7.26 7.43 8.11 7.76 7.01 5.27 4.07 2.96 2.51 2.03 1.68 1.55 1.41 1.28 1.15 1.02 0.90 0.79 0.69 0.60 0.51 0.43 0.37 0.31 0.25 0.00 0.00 0.00 0.00 0.00
0.68 0.91 1.55 2.16 1.76 2.52 3.99 5.41 4.75 2.67 1.49 1.21 1.10 0.93 0.95 0.97 0.98 0.99 1.00 1.02 1.04 1.06 0.00 0.00 0.00 0.00 0.00 0.00 0.00 0.00 0.00 0.00 0.00 0.00 0.00 0.00 0.00 2.47 2.78 3.38 5.18 6.07 5.45 4.97 6.98 6.48 6.54 5.81 5.16 3.41 2.97 2.52 2.06 1.55 1.43 1.30 1.18 1.06 0.95 0.84 0.74 0.64 0.55 0.48 0.40 0.34 0.00 0.00 0.00 0.00 0.00 0.00 0.00
0.78 0.98 1.81 2.14 1.82 1.68 2.77 4.80 5.24 3.47 2.42 1.57 1.20 1.02 1.04 1.05 1.06 1.07 1.08 1.09 1.10 1.12 0.00 0.00 0.00 0.00 0.00 0.00 0.00 0.00 0.00 0.00 0.00 0.00 0.00 0.00 0.00 0.00 2.48 2.78 4.61 5.98 5.39 3.96 3.82 5.11 5.39 4.97 4.00 2.74 2.52 2.41 1.54 1.42 1.31 1.19 1.08 0.97 0.87 0.77 0.68 0.59 0.51 0.00 0.00 0.00 0.00 0.00 0.00 0.00 0.00 0.00 0.00
0.78 1.03 1.55 2.01 1.82 1.79 2.80 4.10 5.25 4.24 2.40 1.69 1.47 1.25 1.11 1.13 1.14 1.14 1.15 1.15 1.16 1.17 0.00 0.00 0.00 0.00 0.00 0.00 0.00 0.00 0.00 0.00 0.00 0.00 0.00 0.00 0.00 0.00 0.00 2.69 3.68 4.93 4.75 3.33 3.41 3.50 4.01 3.30 2.42 2.34 2.31 2.01 0.00 0.00 0.00 0.00 0.00 0.00 0.00 0.00 0.00 0.00 0.00 0.00 0.00 0.00 0.00 0.00 0.00 0.00 0.00 0.00 0.00
0.87 1.16 1.55 1.95 1.89 1.73 1.99 3.65 5.06 4.64 2.67 2.12 1.56 1.39 1.39 1.19 1.20 1.20 1.20 1.20 1.21 1.21 0.00 0.00 0.00 0.00 0.00 0.00 0.00 0.00 0.00 0.00 0.00 0.00 0.00 0.00 0.00 0.00 2.03 2.15 3.11 4.18 3.25 2.89 2.82 3.20 3.05 2.67 1.88 1.68 1.86 0.00 0.00 0.00 0.00 0.00 0.00 0.00 0.00 0.00 0.00 0.00 0.00 0.00 0.00 0.00 0.00 0.00 0.00 0.00 0.00 0.00 0.00
0.85 1.17 1.69 2.11 2.05 1.80 2.49 3.40 4.33 4.22 3.39 2.46 1.67 1.50 1.34 1.24 1.25 1.25 1.25 1.25 1.25 1.24 0.00 0.00 0.00 0.00 0.00 0.00 0.00 0.00 0.00 0.00 0.00 0.00 0.00 0.00 0.00 0.00 0.00 1.96 2.18 2.76 2.90 2.51 2.56 2.56 2.63 2.32 2.13 0.00 0.00 0.00 0.00 0.00 0.00 0.00 0.00 0.00 0.00 0.00 0.00 0.00 0.00 0.00 0.00 0.00 0.00 0.00 0.00 0.00 0.00 0.00 0.00
