dati/cumulata_oraria_prisma_2018052821.txt
ncols        251
nrows        249
xllcorner         436000.00000
yllcorner        4918000.00000
cellsize           1000.00000
NODATA_value          -9999.00000
[rows 64 to 95 of 249, columns 73 to 145 of 251]
0.00 0.00 0.00 0.00 0.00 0.00 0.00 0.00 0.00 0.00 0.00 0.00 0.00 0.00 0.00 0.00 0.00 0.00 0.00 0.00 0.00 0.00 0.00 0.00 0.00 0.00 0.00 0.00 0.00 0.00 0.00 0.00 0.00 0.00 0.00 0.00 0.00 0.00 0.00 0.00 0.00 0.00 0.00 0.00 0.00 0.00 0.00 0.00 0.00 0.00 0.00 0.00 0.00 0.00 0.00 0.00 0.00 0.00 0.00 0.00 0.00 0.00 0.00 0.00 0.00 0.00 0.00 0.00 0.00 0.00 0.00 0.00 0.00
0.00 0.00 0.00 0.00 0.00 0.00 0.00 0.00 0.00 0.00 0.00 0.00 0.00 0.00 0.00 0.00 0.00 0.00 0.00 0.00 0.00 0.00 0.00 0.00 0.00 0.00 0.00 0.00 0.00 0.00 0.00 0.00 0.00 0.00 0.00 0.00 0.00 0.00 0.00 0.00 0.00 0.00 0.00 0.00 0.00 0.00 0.00 0.00 0.00 0.00 0.00 0.00 0.00 0.00 0.00 0.00 0.00 0.00 0.00 0.00 0.00 0.00 0.00 0.00 0.00 0.00 0.00 0.00 0.00 0.00 0.00 0.00 0.00
0.00 0.00 0.00 0.00 0.00 0.00 0.00 0.00 0.00 0.00 0.00 0.00 0.00 0.00 0.00 0.00 0.00 0.00 0.00 0.00 0.00 0.00 0.00 0.00 0.00 0.00 0.00 0.00 0.00 0.00 0.00 0.00 0.00 0.00 0.00 0.00 0.00 0.00 0.00 0.00 0.00 0.00 0.00 0.00 0.00 0.00 0.00 0.00 0.00 0.00 0.00 0.00 0.00 0.00 0.00 0.00 0.00 0.00 0.00 0.00 0.00 0.00 0.00 0.00 0.00 0.00 0.00 0.00 0.00 0.00 0.00 0.00 0.00
0.00 0.00 0.00 0.00 0.00 0.00 0.00 0.00 0.00 0.00 0.00 0.00 0.00 0.00 0.00 0.00 0.00 0.00 0.00 0.00 0.00 0.00 0.00 0.00 0.00 0.00 0.00 0.00 0.00 0.00 0.00 0.00 0.00 0.00 0.00 0.00 0.00 0.00 0.00 0.00 0.00 0.00 0.00 0.00 0.00 0.00 0.00 0.00 0.00 0.00 0.00 0.00 0.00 0.00 0.00 0.00 0.00 0.00 0.00 0.00 0.00 0.00 0.00 0.00 0.00 0.00 0.00 0.00 0.00 0.00 0.00 0.00 0.00
0.00 0.00 0.00 0.00 0.00 0.00 0.00 0.00 0.00 0.00 0.00 0.00 0.00 0.00 0.00 0.00 0.00 0.00 0.00 0.00 0.00 0.00 0.00 0.00 0.00 0.00 0.00 0.00 0.00 0.00 0.00 0.00 0.00 0.00 0.00 0.00 0.00 0.00 0.00 0.00 0.00 0.00 0.00 0.00 0.00 0.00 0.00 0.00 0.00 0.00 0.00 0.00 0.00 0.00 0.00 0.00 0.00 0.00 0.00 0.00 0.00 0.00 0.00 0.00 0.00 0.00 0.00 0.00 0.00 0.00 0.00 0.00 0.00
0.00 0.00 0.00 0.00 0.00 0.00 0.00 0.00 0.00 0.00 0.00 0.00 0.00 0.00 0.00 0.00 0.00 0.00 0.00 0.00 0.00 0.00 0.00 0.00 0.00 0.00 0.00 0.00 0.00 0.00 0.00 0.00 0.00 0.00 0.00 0.00 0.00 0.00 0.00 0.00 0.00 0.00 0.00 0.00 0.00 0.00 0.00 0.00 0.00 0.00 0.00 0.00 0.00 0.00 0.00 0.00 0.00 0.00 0.00 0.00 0.00 0.00 0.00 0.00 0.00 0.00 0.00 0.00 0.00 0.00 0.00 0.00 0.00
0.98 0.00 0.00 0.00 0.00 0.00 0.00 0.00 0.00 0.00 0.00 0.00 0.00 0.00 0.00 0.00 0.00 0.00 0.00 0.00 0.00 0.00 0.00 0.00 0.00 0.00 0.00 0.00 0.00 0.00 0.00 0.00 0.00 0.00 0.00 0.00 0.00 0.00 0.00 0.00 0.00 0.00 0.00 0.00 0.00 0.00 0.00 0.00 0.00 0.00 0.00 0.00 0.00 0.00 0.00 0.00 0.00 0.00 0.00 0.00 0.00 0.00 0.00 0.00 0.00 0.00 0.00 0.00 0.00 0.00 0.00 0.00 0.00
1.21 0.99 0.00 0.00 0.00 0.00 0.00 0.00 0.00 0.00 0.00 0.00 0.00 0.00 0.00 0.00 0.00 0.00 0.00 0.00 0.00 0.00 0.00 0.00 0.00 0.00 0.34 0.35 0.35 0.35 0.34 0.33 0.32 0.30 0.00 0.00 0.00 0.00 0.00 0.00 0.00 0.00 0.00 0.00 0.00 0.00 0.00 0.00 0.00 0.00 0.00 0.00 0.00 0.00 0.00 0.00 0.00 0.00 0.00 0.00 0.00 0.00 0.00 0.00 0.00 0.00 0.00 0.00 0.00 0.00 0.00 0.00 0.00
1.32 1.07 0.98 0.00 0.00 0.00 0.00 0.00 0.00 0.00 0.00 0.00 0.00 0.00 0.00 0.00 0.00 0.00 0.00 0.00 0.00 0.00 0.00 0.39 0.40 0.42 0.43 0.44 0.45 0.45 0.44 0.43 0.41 0.39 0.37 0.34 0.31 0.00 0.00 0.00 0.00 0.00 0.00 0.00 0.00 0.00 0.00 0.00 0.00 0.00 0.00 0.00 0.00 0.00 0.00 0.00 0.00 0.00 0.00 0.00 0.00 0.00 0.00 0.00 0.00 0.00 0.00 0.00 0.00 0.00 0.00 0.00 0.00
1.40 1.14 1.04 0.94 0.00 0.00 0.00 0.00 0.00 0.00 0.00 0.00 0.00 0.00 0.00 0.00 0.00 0.00 0.00 0.00 0.00 0.43 0.46 0.48 0.51 0.53 0.54 0.55 0.56 0.56 0.55 0.54 0.52 0.50 0.47 0.44 0.40 0.36 0.32 0.27 0.00 0.00 0.00 0.00 0.00 0.00 0.00 0.00 0.00 0.00 0.00 0.00 0.00 0.00 0.00 0.26 0.29 0.31 0.00 0.36 0.38 0.00 0.00 0.00 0.00 0.00 0.00 0.00 0.00 0.00 0.00 0.00 0.00
1.47 1.31 1.09 0.98 0.00 0.00 0.00 0.00 0.00 0.00 0.00 0.00 0.00 0.00 0.00 0.00 0.00 0.00 0.00 0.00 0.49 0.53 0.56 0.59 0.62 0.65 0.67 0.68 0.69 0.69 0.68 0.67 0.65 0.62 0.58 0.55 0.50 0.46 0.41 0.36 0.31 0.26 0.22 0.00 0.00 0.00 0.00 0.00 0.00 0.00 0.00 0.00 0.00 0.00 0.00 0.32 0.33 0.37 0.40 0.44 0.45 0.46 0.00 0.00 0.00 0.00 0.00 0.00 0.00 0.00 0.00 0.00 0.00
1.52 1.38 1.23 1.01 0.90 0.00 0.00 0.00 0.00 0.00 0.00 0.00 0.00 0.00 0.00 0.00 0.00 0.00 0.52 0.56 0.60 0.64 0.68 0.72 0.75 0.78 0.81 0.82 0.83 0.83 0.83 0.81 0.79 0.75 0.71 0.67 0.62 0.71 0.66 0.58 0.40 0.35 0.30 0.25 0.21 0.18 0.00 0.00 0.22 0.00 0.00 0.00 0.00 0.31 0.34 0.39 0.41 0.44 0.47 0.49 0.52 0.55 0.57 0.59 0.57 0.00 0.00 0.00 0.00 0.00 0.00 0.00 0.00
1.58 1.44 1.29 1.14 0.92 0.82 0.00 0.00 0.00 0.00 0.00 0.00 0.00 0.00 0.00 0.00 0.00 0.57 0.61 0.66 0.71 0.76 0.81 0.86 0.90 0.93 0.96 0.98 0.99 1.00 0.99 0.97 1.09 1.02 0.99 0.94 0.94 0.91 0.84 0.79 0.69 0.44 0.38 0.33 0.28 0.24 0.21 0.29 0.29 0.29 0.32 0.31 0.44 0.40 0.44 0.48 0.49 0.51 0.55 0.58 0.61 0.65 0.64 0.64 0.65 0.00 0.00 0.00 0.00 0.61 0.00 0.00 0.00
1.63 1.46 1.31 1.18 1.04 0.82 0.73 0.00 0.00 0.00 0.00 0.00 0.00 0.00 0.00 0.00 0.61 0.66 0.72 0.78 0.84 0.90 0.96 1.01 1.06 1.10 1.14 1.16 1.17 1.28 1.28 1.33 1.38 1.21 1.18 1.16 1.14 1.09 1.05 0.99 0.88 0.74 0.58 0.42 0.37 0.43 0.41 0.39 0.38 0.40 0.43 0.38 0.49 0.46 0.47 0.49 0.51 0.54 0.55 0.59 0.00 0.65 0.67 0.00 0.73 0.70 0.00 0.00 0.68 0.67 0.65 0.00 0.00
1.70 1.50 1.34 1.19 1.05 0.93 0.73 0.66 0.60 0.00 0.00 0.00 0.00 0.57 0.60 0.65 0.70 0.77 0.83 0.91 0.98 1.05 1.12 1.18 1.24 1.29 1.43 1.50 1.48 1.56 1.55 1.79 1.89 1.47 1.41 1.37 1.36 1.31 1.22 1.15 1.12 0.98 0.78 0.65 0.58 0.54 0.51 0.50 0.49 0.52 0.52 0.54 0.56 0.66 0.56 0.58 0.61 0.62 0.64 0.67 0.69 0.73 0.75 0.75 0.78 0.00 0.00 0.00 0.75 0.74 0.00 0.00 0.00
1.73 1.52 1.35 1.19 1.06 0.93 0.84 0.66 0.61 0.58 0.57 0.57 0.73 0.75 0.77 0.92 1.10 1.17 1.12 1.05 1.13 1.22 1.30 1.37 1.43 1.63 1.69 1.77 1.80 1.98 2.31 2.57 2.52 1.95 1.72 1.71 1.75 1.62 1.64 1.43 1.24 1.12 1.06 0.99 0.74 0.64 0.63 0.60 0.59 0.61 0.62 0.64 0.64 0.77 0.72 0.75 0.72 0.74 0.76 0.79 0.83 0.91 0.90 0.89 0.90 0.91 0.88 0.91 0.82 0.80 0.76 0.00 0.00
1.77 1.55 1.35 1.20 1.06 0.93 0.83 0.76 0.61 0.59 0.59 0.74 0.86 0.90 0.94 1.06 1.32 1.64 1.44 1.36 1.40 1.39 1.48 1.57 1.82 1.91 1.99 2.07 2.08 2.33 2.61 2.86 3.26 2.93 2.31 2.21 2.07 2.16 1.89 1.76 1.59 1.39 1.42 1.29 0.97 0.86 0.81 0.70 0.68 0.68 0.74 0.79 0.83 0.93 0.94 0.92 0.97 1.00 0.99 0.94 0.98 1.03 1.01 1.00 1.02 1.06 1.04 1.07 1.05 0.96 0.91 0.85 0.77
1.82 1.57 1.34 1.19 1.05 0.94 0.83 0.76 0.73 0.61 0.62 0.79 0.91 1.03 1.09 1.16 1.38 1.64 1.74 1.69 1.67 1.70 1.68 1.86 2.01 2.17 2.40 2.55 2.55 2.63 2.72 2.88 3.35 3.57 3.12 2.62 2.45 2.52 2.47 2.43 1.98 1.84 1.79 1.53 1.29 1.14 0.98 0.89 0.87 0.85 0.86 0.89 0.91 1.08 1.06 1.13 1.10 1.12 1.15 1.17 1.18 1.22 1.21 1.22 1.26 1.28 1.29 1.31 1.22 1.12 1.01 0.90 0.84
1.87 1.58 1.34 1.18 1.05 0.96 0.84 0.79 0.77 0.73 0.75 0.81 0.89 1.03 1.18 1.29 1.40 1.56 1.69 1.76 1.91 2.04 2.08 2.13 2.26 2.39 2.66 2.82 3.06 2.91 2.83 2.88 2.99 3.38 3.35 3.21 2.66 2.38 2.54 2.60 2.48 2.52 2.15 1.80 1.60 1.44 1.25 1.08 0.99 0.99 1.01 1.03 1.10 1.19 1.21 1.24 1.27 1.25 1.29 1.31 1.35 1.37 1.38 1.38 1.35 1.39 1.37 1.38 1.41 1.38 1.30 1.16 1.09
1.95 1.63 1.34 1.19 1.06 0.94 0.88 0.83 0.75 0.77 0.79 0.86 0.95 1.06 1.20 1.39 1.52 1.62 1.76 1.91 2.03 2.23 2.40 2.51 2.58 2.77 2.80 3.06 3.26 3.34 3.26 3.08 3.15 3.11 3.09 3.02 2.74 2.56 2.46 2.49 2.58 2.88 2.82 2.43 2.05 1.79 1.60 1.28 1.18 1.15 1.15 1.15 1.20 1.29 1.35 1.37 1.41 1.46 1.50 1.61 1.59 1.60 1.51 1.44 1.45 1.47 1.47 1.48 1.52 1.51 1.47 1.36 1.18
2.06 1.68 1.36 1.18 1.06 0.97 0.85 0.79 0.80 0.81 0.85 0.94 1.04 1.17 1.32 1.50 1.64 1.78 1.93 2.06 2.22 2.40 2.64 2.86 3.04 3.24 3.26 3.24 3.40 3.65 3.56 3.52 3.42 3.36 3.24 3.07 2.96 2.67 2.49 2.32 2.35 2.85 3.11 3.15 3.33 2.62 1.83 1.64 1.33 1.27 1.27 1.37 1.31 1.36 1.44 1.56 1.74 1.88 1.77 1.77 1.82 1.71 1.73 1.65 1.63 1.62 1.68 1.58 1.57 1.59 1.52 1.43 1.25
2.12 1.77 1.37 1.21 1.09 0.98 0.88 0.82 0.84 0.85 0.92 1.04 1.17 1.34 1.56 1.72 1.88 2.04 2.12 2.27 2.43 2.65 2.88 3.14 3.50 3.72 3.64 3.68 3.81 3.95 3.77 3.72 3.67 3.55 3.42 3.30 3.07 2.98 2.72 2.52 2.38 2.58 2.68 3.13 3.41 3.88 3.34 2.19 1.64 1.47 1.39 1.50 1.44 1.48 1.59 1.68 1.84 2.04 2.02 2.18 2.13 2.18 2.08 1.90 1.85 1.82 1.75 1.73 1.64 1.65 1.62 1.57 1.45
2.36 1.90 1.44 1.27 1.12 1.00 0.97 0.89 0.88 0.92 1.00 1.12 1.27 1.49 1.70 2.15 2.35 2.44 2.45 2.57 2.66 2.90 3.15 3.48 4.02 4.22 4.22 4.24 4.23 4.25 4.15 4.10 3.94 3.66 3.55 3.48 3.41 3.09 2.89 2.69 2.55 2.39 2.27 2.42 3.49 4.61 4.36 3.82 2.53 1.67 1.58 1.59 1.57 1.57 1.64 1.77 1.94 2.13 2.17 2.52 2.32 2.30 2.27 2.00 1.98 1.97 1.98 1.96 1.92 1.76 1.74 1.60 1.50
2.61 2.13 1.57 1.30 1.17 1.06 0.99 0.92 0.95 1.03 1.11 1.22 1.39 1.57 2.02 2.50 2.75 2.99 3.02 3.06 3.02 3.20 3.44 3.73 4.21 4.64 4.72 4.68 4.72 4.67 4.45 4.43 4.47 4.16 3.88 3.68 3.56 3.25 3.02 2.88 2.66 2.47 2.22 2.12 2.35 3.68 4.62 4.95 4.02 2.94 2.08 1.82 1.68 1.66 1.71 1.79 1.87 1.97 2.23 2.48 2.48 2.47 2.31 2.09 2.05 2.06 2.07 2.02 1.98 1.86 1.79 1.77 1.76
2.99 2.48 1.64 1.45 1.28 1.14 1.08 1.04 1.07 1.14 1.23 1.35 1.52 1.70 2.00 2.33 2.84 3.18 3.32 3.54 3.60 3.75 3.86 3.93 4.35 4.86 4.73 5.09 5.37 5.18 4.91 5.06 4.79 4.64 4.29 4.11 3.79 3.54 3.16 2.88 2.78 2.61 2.49 2.28 2.32 2.48 3.34 3.98 3.98 3.37 2.54 2.04 1.76 1.77 1.85 1.94 1.98 2.05 2.15 2.33 2.34 2.27 2.28 2.14 2.10 2.09 2.05 1.96 1.92 1.87 1.76 1.74 1.75
3.63 3.16 1.96 1.58 1.43 1.27 1.18 1.15 1.20 1.27 1.38 1.52 1.68 1.87 2.09 2.36 2.73 3.09 3.37 3.75 4.03 4.34 4.34 4.46 4.82 5.03 4.93 5.64 5.89 5.59 5.47 5.72 5.54 5.21 4.87 4.24 4.09 3.81 3.37 3.06 3.01 2.80 2.56 2.33 2.29 2.58 2.67 3.47 3.65 3.47 3.23 3.00 1.94 1.93 1.86 1.95 2.10 2.23 2.26 2.55 2.46 2.44 2.31 2.18 2.16 2.07 2.05 1.94 1.92 1.87 1.76 1.68 1.60
4.03 3.98 2.62 1.83 1.55 1.40 1.31 1.31 1.38 1.47 1.58 1.70 1.85 2.04 2.26 2.52 2.73 3.03 3.31 3.74 4.01 4.48 4.82 5.20 5.02 5.36 5.56 5.79 5.66 5.88 6.07 6.36 6.14 5.93 5.51 5.00 4.52 4.10 3.67 3.38 3.12 2.87 2.60 2.43 2.20 2.09 2.04 2.47 2.63 2.88 3.18 2.84 2.34 2.14 2.01 2.06 2.12 2.19 2.41 2.43 2.60 2.59 2.49 2.38 2.26 2.22 2.15 1.97 1.87 1.80 1.73 1.64 1.58
3.46 3.88 3.37 2.58 1.89 1.66 1.55 1.56 1.59 1.66 1.77 1.88 2.03 2.22 2.45 2.68 2.95 3.20 3.44 3.69 4.08 4.41 4.85 5.21 5.38 5.62 5.66 6.01 5.80 5.95 6.15 6.40 6.59 6.77 5.95 5.45 5.22 4.33 3.96 3.61 3.19 3.02 2.77 2.61 2.36 2.17 2.08 2.29 2.60 2.91 3.37 3.50 2.58 2.39 2.42 2.44 2.27 2.33 2.49 2.50 2.43 2.43 2.33 2.27 2.28 2.33 2.32 2.26 2.25 2.02 1.89 1.67 1.59
3.44 3.46 3.56 3.00 2.52 2.12 1.90 1.82 1.88 1.93 1.95 2.11 2.26 2.44 2.64 2.88 3.18 3.41 3.68 3.89 4.21 4.51 4.79 5.25 5.47 5.91 5.94 6.13 5.84 5.79 5.82 6.01 6.84 6.41 6.30 5.63 5.18 4.84 4.22 3.92 3.34 3.07 2.99 2.64 2.46 2.25 2.15 2.20 2.51 3.08 3.57 3.83 3.28 3.43 2.81 2.80 2.65 2.48 2.62 2.62 2.46 2.31 2.36 2.32 2.41 2.30 2.24 2.14 2.25 2.21 2.11 2.04 1.96
3.12 3.21 3.37 3.13 2.59 2.45 2.28 2.06 2.07 2.11 2.26 2.32 2.48 2.66 2.84 3.08 3.35 3.60 3.86 4.18 4.50 4.72 4.97 5.33 5.58 5.86 6.08 6.16 6.22 5.91 6.00 5.65 6.10 5.94 5.86 5.34 5.19 4.83 4.43 3.96 3.51 3.16 2.93 2.67 2.62 2.47 2.23 2.37 2.58 3.18 3.48 3.75 4.29 4.18 3.99 3.79 3.68 3.68 3.04 2.76 2.49 2.36 2.38 2.37 2.39 2.26 2.26 2.23 2.23 2.18 2.13 1.96 1.95
2.91 2.87 3.65 3.41 3.12 2.80 2.54 2.48 2.30 2.35 2.47 2.54 2.80 2.89 3.09 3.29 3.54 3.87 4.14 4.38 4.66 4.96 5.22 5.49 5.71 6.05 6.19 6.43 6.68 6.27 6.60 5.83 5.73 5.37 5.40 5.04 4.94 4.57 4.40 3.79 3.53 3.24 2.98 2.77 2.72 2.53 2.53 2.51 2.45 2.83 3.09 3.54 4.16 4.46 4.74 5.64 5.63 5.29 3.67 3.26 3.15 3.07 2.47 2.36 2.40 2.27 2.27 2.28 2.28 2.15 2.16 2.11 1.96
3.20 2.97 3.53 3.79 3.35 3.20 2.91 2.66 2.57 2.57 2.63 2.76 3.04 3.21 3.56 3.58 3.79 4.11 4.45 4.60 4.88 5.16 5.32 5.62 5.87 6.42 6.57 6.96 6.79 6.79 7.35 6.51 6.12 5.44 5.08 4.84 4.74 4.32 4.19 3.87 3.67 3.40 3.06 2.72 2.73 2.63 2.55 2.44 2.43 2.68 2.71 3.46 4.37 4.83 5.63 6.17 6.50 6.32 5.54 4.96 3.79 3.05 2.88 2.77 2.73 2.34 2.39 2.32 2.36 2.36 2.31 2.23 1.93
