dati/cumulata_oraria_prisma_2018052822.txt
ncols        251
nrows        249
xllcorner         436000.00000
yllcorner        4918000.00000
cellsize           1000.00000
NODATA_value          -9999.00000
[rows 160 to 191 of 249, columns 146 to 218 of 251]
2.69 2.74 2.90 3.03 2.95 2.83 2.88 2.06 1.95 1.84 1.83 2.25 2.11 2.18 1.99 2.14 1.99 1.94 2.98 2.94 3.14 2.95 3.01 3.48 3.53 3.65 3.57 4.08 4.54 4.93 9.69 9.67 10.01 9.11 8.87 8.32 7.66 6.63 6.48 6.74 4.43 5.07 5.38 5.60 5.80 6.01 5.19 4.87 5.26 4.23 3.65 3.34 2.78 2.65 2.51 2.36 2.19 2.02 1.84 1.66 1.48 1.30 1.13 0.96 0.80 0.66 0.52 0.40 0.29 0.19 0.00 0.00 0.00
2.61 2.90 3.17 3.13 3.03 2.90 2.69 2.64 1.70 1.70 2.03 2.05 2.18 2.26 2.37 2.38 1.89 2.04 2.01 2.30 3.52 3.04 3.13 3.16 3.87 3.49 3.31 3.21 3.66 5.09 4.98 6.06 9.40 8.84 8.36 8.26 7.54 6.12 6.62 6.77 6.67 6.88 5.29 5.47 5.67 6.07 5.92 5.00 5.49 3.91 3.25 3.05 2.91 2.49 2.35 2.21 2.05 1.89 1.72 1.55 1.37 1.21 1.04 0.88 0.73 0.60 0.47 0.35 0.25 0.00 0.00 0.00 0.00
2.58 2.77 3.13 3.10 3.24 2.87 2.67 2.56 2.27 1.87 1.92 1.96 1.87 2.33 2.37 2.18 2.16 2.05 2.14 2.14 2.16 3.23 3.02 2.77 2.51 3.31 3.20 3.22 3.17 4.59 5.31 5.82 5.54 8.38 7.89 7.41 6.77 5.90 6.21 6.74 6.42 6.10 6.12 5.23 5.83 5.89 6.13 6.69 6.56 3.36 3.03 2.84 2.66 2.50 2.19 2.05 1.90 1.75 1.59 1.43 1.27 1.11 0.95 0.80 0.66 0.53 0.41 0.30 0.21 0.00 0.00 0.00 0.00
2.71 2.93 3.06 3.23 3.27 2.96 2.82 2.28 2.18 1.91 1.86 1.95 1.91 1.77 2.44 1.93 2.05 1.96 1.74 1.82 2.10 1.93 2.93 2.44 2.60 2.66 2.98 3.11 2.71 2.64 5.71 5.54 4.85 5.38 5.25 6.24 6.07 5.23 4.98 4.56 5.57 5.95 5.81 5.91 6.61 5.53 6.21 6.39 6.01 5.55 5.49 2.70 2.42 2.27 2.14 1.89 1.75 1.61 1.46 1.31 1.16 1.01 0.86 0.72 0.59 0.47 0.36 0.26 0.17 0.00 0.00 0.00 0.00
2.42 3.04 3.08 3.24 3.24 3.01 2.71 2.66 1.91 1.94 1.93 1.94 1.80 1.97 2.21 1.85 1.82 1.75 1.55 1.99 1.74 1.83 1.71 2.20 2.70 2.77 2.98 3.31 2.54 2.65 2.81 4.77 5.15 5.43 5.04 4.53 5.38 4.81 4.36 4.11 3.65 5.42 5.31 6.19 6.09 6.48 7.40 5.82 5.94 5.02 4.50 3.99 2.26 2.08 1.97 1.73 1.60 1.47 1.33 1.19 1.05 0.91 0.77 0.64 0.52 0.41 0.31 0.21 0.00 0.00 0.00 0.00 0.00
2.47 2.71 3.23 3.59 3.53 2.56 2.48 2.28 2.22 1.97 1.95 2.01 1.84 2.03 2.22 2.37 1.74 1.51 1.48 1.27 1.18 1.64 1.80 1.92 1.68 2.73 2.96 3.33 3.49 2.66 2.56 2.56 3.05 5.04 4.67 4.09 3.99 4.39 3.80 3.65 3.55 3.36 3.34 6.16 6.15 6.51 6.77 7.70 5.26 4.58 3.85 3.26 2.55 2.45 1.75 1.57 1.45 1.33 1.20 1.07 0.94 0.81 0.69 0.57 0.46 0.35 0.26 0.17 0.00 0.00 0.00 0.00 0.00
2.68 2.80 2.88 3.52 3.94 3.49 2.31 2.13 2.09 1.80 1.93 1.75 1.71 1.60 2.25 2.35 2.35 2.76 1.44 1.24 1.19 1.09 1.87 1.71 2.16 2.36 3.02 3.25 3.88 2.58 2.34 2.75 3.08 3.14 4.25 3.88 3.82 3.64 2.94 3.30 3.37 3.13 3.22 3.13 6.20 6.65 6.58 6.09 5.32 4.66 2.89 2.54 2.28 2.15 1.74 0.00 0.00 0.00 1.07 0.95 0.84 0.72 0.60 0.49 0.39 0.30 0.21 0.00 0.00 0.00 0.00 0.00 0.00
2.75 2.84 2.80 2.97 3.49 3.32 2.73 2.35 2.07 1.99 1.93 1.79 1.59 1.53 1.58 2.38 2.61 2.68 2.61 1.13 1.12 1.05 1.00 1.62 2.02 2.31 2.93 3.57 3.78 4.08 3.96 2.82 3.22 2.82 3.19 3.79 3.50 3.26 2.61 2.38 2.84 2.94 2.88 3.05 3.58 3.35 7.31 5.34 4.22 3.76 2.74 2.26 2.09 1.79 1.58 1.50 0.00 0.00 0.00 0.00 0.00 0.63 0.52 0.43 0.33 0.25 0.17 0.00 0.00 0.00 0.00 0.00 0.00
2.01 2.76 2.95 3.29 3.58 2.73 2.57 2.55 2.13 1.81 1.81 1.75 1.54 1.59 1.75 1.86 2.55 2.53 2.25 2.25 1.09 0.94 0.94 0.86 1.87 2.84 3.07 3.53 3.61 3.94 3.98 3.83 2.61 2.94 3.24 3.26 3.04 2.32 2.28 2.08 1.94 1.76 2.56 3.15 3.30 2.99 2.89 4.50 3.61 2.98 2.72 2.50 1.94 1.51 1.44 1.32 1.21 0.00 0.00 0.00 0.00 0.00 0.00 0.36 0.28 0.20 0.00 0.00 0.00 0.00 0.00 0.00 0.00
1.89 1.92 3.04 3.38 3.22 3.22 2.55 2.53 2.19 1.89 1.71 1.45 1.43 1.61 1.61 1.72 1.98 2.35 2.13 2.07 1.67 0.88 0.81 0.79 0.86 0.97 3.24 3.95 4.36 3.90 3.57 3.50 3.40 3.10 3.15 2.74 3.09 3.19 2.09 1.83 1.57 1.56 1.50 2.93 2.91 2.94 2.38 2.14 2.23 3.02 2.47 1.84 1.78 1.56 1.32 1.16 0.00 0.00 0.00 0.00 0.00 0.00 0.00 0.00 0.00 0.00 0.00 0.00 0.00 0.00 0.00 0.00 0.00
1.90 2.14 2.17 3.05 3.28 3.17 3.07 2.19 1.85 1.73 1.36 1.32 1.33 1.42 1.66 1.99 2.40 2.42 2.01 1.83 1.62 1.59 0.78 0.79 0.88 0.90 0.96 4.15 4.70 4.55 3.44 3.26 2.84 2.12 2.11 3.16 2.99 3.13 2.77 2.30 1.38 1.32 1.49 1.68 1.43 2.64 1.98 1.98 2.01 1.52 2.06 1.68 1.47 1.42 1.31 1.20 0.00 0.00 0.00 0.00 0.00 0.00 0.00 0.00 0.00 0.00 0.00 0.00 0.00 0.00 0.00 0.00 0.00
1.60 2.15 2.21 2.21 3.43 3.15 3.01 2.66 1.73 1.54 1.55 1.56 1.42 1.37 1.46 2.10 2.40 2.72 3.29 1.43 1.60 1.64 1.61 1.61 0.84 0.88 0.95 1.07 4.47 4.73 3.51 2.95 2.34 2.00 1.97 2.68 3.18 2.76 2.19 2.16 1.70 1.33 1.50 1.35 1.25 0.00 1.92 1.82 1.65 1.37 1.29 1.39 1.38 1.29 1.16 0.92 0.00 0.00 0.00 0.00 0.00 0.00 0.00 0.00 0.00 0.00 0.00 0.00 0.00 0.00 0.00 0.00 0.00
1.59 1.64 2.19 2.19 2.47 3.02 2.65 2.62 2.34 1.56 1.58 1.51 1.57 1.46 1.44 1.72 1.88 3.27 3.77 4.06 4.71 1.59 1.52 1.26 1.27 0.88 0.96 1.00 1.24 3.14 2.93 2.57 2.56 1.99 2.51 2.74 2.35 2.21 2.07 1.66 1.54 1.24 1.31 1.08 1.08 0.00 1.08 0.00 1.26 1.20 1.21 1.38 1.23 1.12 1.03 0.81 0.00 0.00 0.00 0.00 0.00 0.00 0.00 0.00 0.00 0.00 0.00 0.00 0.00 0.00 0.00 0.00 0.00
1.57 1.71 1.73 2.46 2.50 2.81 2.58 2.42 2.43 2.41 1.49 1.48 1.50 1.53 1.59 1.85 2.11 2.20 4.28 4.23 4.10 4.30 1.24 1.31 1.17 1.22 0.89 1.06 1.14 2.93 2.48 2.11 1.90 2.26 2.64 2.59 2.27 2.30 2.37 1.47 1.22 1.25 1.11 0.93 0.00 0.00 0.00 0.00 0.00 1.13 1.29 1.25 1.02 0.00 0.00 0.00 0.00 0.00 0.00 0.00 0.00 0.00 0.00 0.00 0.00 0.00 0.00 0.00 0.00 0.00 0.00 0.00 0.00
1.68 1.69 1.71 1.75 2.66 2.66 2.80 2.33 2.46 2.15 2.12 1.50 1.57 1.67 1.98 2.00 2.37 2.67 3.14 4.00 4.12 4.07 3.76 1.20 1.14 1.22 1.23 1.02 0.96 0.95 2.53 1.82 1.95 1.63 1.39 2.20 2.31 2.17 1.92 2.26 1.04 1.15 0.89 0.86 0.00 0.00 0.00 0.00 0.00 0.00 1.65 1.04 0.00 0.00 0.00 0.00 0.00 0.00 0.00 0.00 0.00 0.00 0.00 0.00 0.00 0.00 0.00 0.00 0.00 0.00 0.00 0.00 0.00
1.39 1.77 1.75 1.86 2.03 2.71 2.82 2.84 2.09 2.04 1.97 1.98 1.76 1.95 2.04 2.35 2.69 3.12 3.38 3.81 4.05 3.65 3.24 2.94 1.15 1.22 1.31 1.52 0.81 0.82 0.84 0.88 1.29 1.40 1.35 1.31 1.96 1.91 1.94 1.97 1.78 0.89 0.74 0.00 0.00 0.00 0.00 0.00 0.00 0.00 0.00 0.00 0.00 0.00 0.00 0.00 0.00 0.00 0.00 0.00 0.00 0.00 0.00 0.00 0.00 0.00 0.00 0.00 0.00 0.00 0.00 0.00 0.00
1.30 1.35 1.83 1.84 1.95 1.97 2.76 2.98 2.89 1.96 2.01 1.98 1.78 2.02 2.40 2.48 2.61 3.16 3.69 3.44 3.55 3.41 3.11 2.71 2.54 1.29 1.51 1.65 1.72 0.79 0.83 0.75 0.84 1.39 1.42 1.57 2.00 2.03 1.80 1.75 1.23 0.92 0.66 0.00 0.00 0.00 0.00 0.00 0.00 0.00 0.00 0.00 0.00 0.00 0.00 0.00 0.00 0.00 0.00 0.00 0.00 0.00 0.00 0.00 0.00 0.00 0.00 0.00 0.00 0.00 0.00 0.00 0.00
-9999.00 1.43 1.50 2.00 1.86 1.95 2.12 2.89 3.13 3.13 2.09 1.85 1.97 1.90 2.54 2.55 2.64 2.74 3.70 3.71 3.77 4.11 2.65 2.42 2.25 2.43 1.61 1.68 1.63 1.69 0.71 0.71 0.76 0.75 1.87 1.62 1.94 1.86 1.89 1.47 0.98 0.64 0.57 0.00 0.00 0.00 0.00 0.00 0.00 0.00 0.00 0.00 0.00 0.00 0.00 0.00 0.00 0.00 0.00 0.00 0.00 0.00 0.00 0.00 0.00 0.00 0.00 0.00 0.00 0.00 0.00 0.00 0.00
-9999.00 1.49 1.58 1.69 2.02 2.28 2.24 2.20 3.13 3.09 2.95 1.93 2.10 2.10 2.04 2.54 2.79 2.87 3.07 3.48 3.94 3.93 3.92 2.27 2.38 2.53 2.69 1.64 1.40 1.42 1.41 0.71 0.71 0.74 0.76 2.06 1.95 1.88 1.80 1.03 0.53 0.54 0.00 0.00 0.00 0.00 0.00 0.00 0.00 0.00 0.00 0.00 0.00 0.00 0.00 0.00 0.00 0.00 0.00 0.00 0.00 0.00 0.00 0.00 0.00 0.00 0.00 0.00 0.00 0.00 0.00 0.00 0.00
-9999.00 -9999.00 -9999.00 1.33 1.40 2.26 2.21 2.20 2.94 -9999.00 -9999.00 3.15 2.26 2.11 2.44 2.53 2.76 2.98 2.96 3.15 4.18 3.92 3.49 3.32 2.63 2.67 2.84 2.67 2.37 1.44 1.27 1.12 0.71 0.70 0.62 0.67 0.89 1.78 1.06 0.87 0.80 0.66 0.00 0.00 0.00 0.00 0.00 0.00 0.00 0.00 0.00 0.00 0.00 0.00 0.00 0.00 0.00 0.00 0.00 0.00 0.00 0.00 0.00 0.00 0.00 0.00 0.00 0.00 0.00 0.00 0.00 0.00 0.00
-9999.00 -9999.00 -9999.00 -9999.00 1.42 1.81 2.20 -9999.00 -9999.00 -9999.00 -9999.00 -9999.00 -9999.00 -9999.00 -9999.00 2.51 2.57 2.93 3.11 2.98 3.11 3.63 3.33 3.31 3.05 2.80 2.65 2.50 2.31 1.23 1.15 1.23 1.08 0.70 0.66 0.74 1.02 0.85 0.94 0.79 0.72 0.48 0.50 0.00 0.00 0.00 0.00 0.00 0.00 0.00 0.00 0.00 0.00 0.00 0.00 0.00 0.00 0.00 0.00 0.00 0.00 0.00 0.00 0.00 0.00 0.00 0.00 0.00 0.00 0.00 0.00 0.00 0.00
-9999.00 -9999.00 -9999.00 -9999.00 -9999.00 -9999.00 -9999.00 -9999.00 -9999.00 -9999.00 -9999.00 -9999.00 -9999.00 -9999.00 -9999.00 -9999.00 -9999.00 2.75 3.09 2.98 2.71 2.96 3.26 3.03 2.94 2.65 3.50 2.42 2.05 2.02 1.24 1.18 1.01 1.02 0.75 1.05 0.84 0.64 0.61 0.74 0.65 0.38 0.37 0.00 0.00 0.00 0.00 0.00 0.00 0.00 0.00 0.00 0.00 0.00 0.00 0.00 0.00 0.00 0.00 0.00 0.00 0.00 0.00 0.00 0.00 0.00 0.00 0.00 0.00 0.00 0.00 0.00 0.00
-9999.00 -9999.00 -9999.00 -9999.00 -9999.00 -9999.00 -9999.00 -9999.00 -9999.00 -9999.00 -9999.00 -9999.00 -9999.00 -9999.00 -9999.00 -9999.00 -9999.00 -9999.00 2.33 2.84 2.83 2.88 3.01 3.30 2.91 3.09 2.64 2.12 1.94 2.02 1.69 0.94 0.94 1.00 1.11 0.83 0.61 0.72 0.53 0.34 0.39 0.35 0.00 0.00 0.00 0.00 0.00 0.00 0.00 0.00 0.00 0.00 0.00 0.00 0.00 0.00 0.00 0.00 0.00 0.00 0.00 0.00 0.00 0.00 0.00 0.00 0.00 0.00 0.00 0.00 0.00 0.00 0.00
-9999.00 -9999.00 -9999.00 -9999.00 -9999.00 -9999.00 -9999.00 -9999.00 -9999.00 -9999.00 -9999.00 -9999.00 -9999.00 -9999.00 -9999.00 -9999.00 -9999.00 -9999.00 -9999.00 -9999.00 -9999.00 2.95 2.80 2.60 3.48 2.89 2.28 2.11 1.78 1.75 1.75 1.69 1.09 1.07 1.08 0.63 0.55 0.61 0.30 0.30 0.28 0.00 0.00 0.00 0.00 0.00 0.00 0.00 0.00 0.00 0.00 0.00 0.00 0.00 0.00 0.00 0.00 0.00 0.00 0.00 0.00 0.00 0.00 0.00 0.00 0.00 0.00 0.00 0.00 0.00 0.00 0.00 0.00
-9999.00 -9999.00 -9999.00 -9999.00 -9999.00 -9999.00 -9999.00 -9999.00 -9999.00 -9999.00 -9999.00 -9999.00 -9999.00 -9999.00 -9999.00 -9999.00 -9999.00 -9999.00 -9999.00 -9999.00 -9999.00 2.96 2.61 2.38 2.39 2.10 2.10 1.80 1.70 1.50 1.56 1.35 1.13 1.16 0.61 0.60 0.53 0.45 0.30 0.00 0.00 0.00 0.00 0.00 0.00 0.00 0.00 0.00 0.00 0.00 0.00 0.00 0.00 0.00 -9999.00 0.00 0.00 0.00 0.00 0.00 0.00 0.00 0.00 0.00 0.00 0.00 0.00 0.00 0.00 0.00 0.00 0.00 0.00
-9999.00 -9999.00 -9999.00 -9999.00 -9999.00 -9999.00 -9999.00 -9999.00 -9999.00 -9999.00 -9999.00 -9999.00 -9999.00 -9999.00 -9999.00 -9999.00 -9999.00 -9999.00 -9999.00 -9999.00 -9999.00 -9999.00 -9999.00 2.47 2.06 1.72 1.52 1.69 -9999.00 -9999.00 1.27 1.09 0.99 0.78 0.74 0.52 0.42 0.44 0.26 0.00 0.00 0.00 0.00 0.00 0.00 0.00 0.00 0.00 0.00 0.00 0.00 0.00 0.00 0.00 -9999.00 0.00 0.00 0.00 0.00 0.00 0.00 0.00 0.00 0.00 0.00 0.00 0.00 0.00 0.00 0.00 0.00 0.00 0.00
-9999.00 -9999.00 -9999.00 -9999.00 -9999.00 -9999.00 -9999.00 -9999.00 -9999.00 -9999.00 -9999.00 -9999.00 -9999.00 -9999.00 -9999.00 -9999.00 -9999.00 -9999.00 -9999.00 -9999.00 -9999.00 -9999.00 -9999.00 -9999.00 1.72 1.52 1.65 -9999.00 -9999.00 -9999.00 1.22 0.97 0.79 0.84 0.70 0.65 0.44 0.35 0.21 0.30 0.00 0.00 0.00 0.00 0.00 0.00 0.00 0.00 0.00 0.00 -9999.00 0.00 0.00 -9999.00 -9999.00 -9999.00 0.00 0.00 0.00 0.00 0.00 0.00 0.00 0.00 0.00 0.00 0.00 0.00 0.00 0.00 0.00 0.00 0.00
-9999.00 -9999.00 -9999.00 -9999.00 -9999.00 -9999.00 -9999.00 -9999.00 -9999.00 -9999.00 -9999.00 -9999.00 -9999.00 -9999.00 -9999.00 -9999.00 -9999.00 -9999.00 -9999.00 -9999.00 -9999.00 -9999.00 -9999.00 -9999.00 -9999.00 -9999.00 -9999.00 -9999.00 -9999.00 -9999.00 -9999.00 0.74 0.81 0.88 0.60 0.57 0.57 0.26 0.00 0.00 0.00 0.00 0.00 0.00 0.00 0.00 0.00 0.00 0.00 -9999.00 -9999.00 -9999.00 -9999.00 -9999.00 -9999.00 -9999.00 0.00 0.00 0.00 0.00 0.00 0.00 0.00 0.00 0.00 0.00 0.00 0.00 0.00 0.00 0.00 0.00 0.00
-9999.00 -9999.00 -9999.00 -9999.00 -9999.00 -9999.00 -9999.00 -9999.00 -9999.00 -9999.00 -9999.00 -9999.00 -9999.00 -9999.00 -9999.00 -9999.00 -9999.00 -9999.00 -9999.00 -9999.00 -9999.00 -9999.00 -9999.00 -9999.00 -9999.00 -9999.00 -9999.00 -9999.00 -9999.00 -9999.00 -9999.00 0.57 0.51 0.63 0.56 0.55 0.54 0.55 0.25 0.00 0.00 0.00 0.00 0.00 0.00 0.00 0.00 0.00 0.00 -9999.00 -9999.00 -9999.00 -9999.00 -9999.00 -9999.00 -9999.00 -9999.00 0.00 0.00 0.00 0.00 0.00 0.00 0.00 0.00 0.00 0.00 0.00 0.00 0.00 0.00 0.00 0.00
-9999.00 -9999.00 -9999.00 -9999.00 -9999.00 -9999.00 -9999.00 -9999.00 -9999.00 -9999.00 -9999.00 -9999.00 -9999.00 -9999.00 -9999.00 -9999.00 -9999.00 -9999.00 -9999.00 -9999.00 -9999.00 -9999.00 -9999.00 -9999.00 -9999.00 -9999.00 -9999.00 -9999.00 -9999.00 -9999.00 -9999.00 -9999.00 0.54 0.63 0.67 0.53 0.45 0.47 0.37 0.00 0.00 0.00 0.00 0.00 0.00 0.00 0.00 0.00 0.00 -9999.00 -9999.00 -9999.00 -9999.00 -9999.00 -9999.00 -9999.00 -9999.00 -9999.00 -9999.00 -9999.00 0.00 0.00 0.00 0.00 0.00 0.00 0.00 0.00 0.00 0.00 0.00 0.00 0.00
-9999.00 -9999.00 -9999.00 -9999.00 -9999.00 -9999.00 -9999.00 -9999.00 -9999.00 -9999.00 -9999.00 -9999.00 -9999.00 -9999.00 -9999.00 -9999.00 -9999.00 -9999.00 -9999.00 -9999.00 -9999.00 -9999.00 -9999.00 -9999.00 -9999.00 -9999.00 -9999.00 -9999.00 -9999.00 -9999.00 -9999.00 -9999.00 -9999.00 -9999.00 -9999.00 0.55 0.47 0.26 0.00 0.00 0.00 0.00 0.00 0.00 0.00 0.00 0.00 0.00 -9999.00 -9999.00 -9999.00 -9999.00 -9999.00 -9999.00 -9999.00 -9999.00 -9999.00 -9999.00 -9999.00 -9999.00 -9999.00 -9999.00 -9999.00 -9999.00 -9999.00 0.00 0.00 0.00 0.00 0.00 0.00 0.00 0.00
-9999.00 -9999.00 -9999.00 -9999.00 -9999.00 -9999.00 -9999.00 -9999.00 -9999.00 -9999.00 -9999.00 -9999.00 -9999.00 -9999.00 -9999.00 -9999.00 -9999.00 -9999.00 -9999.00 -9999.00 -9999.00 -9999.00 -9999.00 -9999.00 -9999.00 -9999.00 -9999.00 -9999.00 -9999.00 -9999.00 -9999.00 -9999.00 -9999.00 -9999.00 -9999.00 -9999.00 0.60 0.17 0.00 0.00 0.00 0.00 0.00 0.00 0.00 0.00 0.00 -9999.00 -9999.00 -9999.00 -9999.00 -9999.00 -9999.00 -9999.00 -9999.00 -9999.00 -9999.00 -9999.00 -9999.00 -9999.00 -9999.00 -9999.00 -9999.00 -9999.00 -9999.00 -9999.00 -9999.00 0.00 0.00 -9999.00 -9999.00 -9999.00 -9999.00
