dati/cumulata_oraria_prisma_2018052715.txt
ncols        251
nrows        249
xllcorner         436000.00000
yllcorner        4918000.00000
cellsize           1000.00000
NODATA_value          -9999.00000
[rows 96 to 127 of 249, columns 146 to 218 of 251]
0.81 0.67 0.00 0.00 0.00 0.00 1.23 1.49 1.92 2.68 6.93 7.99 8.43 7.63 8.55 10.11 12.32 15.97 25.19 20.90 15.52 14.76 14.69 14.70 13.67 12.65 12.01 12.02 12.39 13.00 13.26 16.23 19.76 19.20 22.91 17.25 17.80 16.51 17.70 19.13 20.85 24.12 23.76 19.00 16.59 12.09 9.63 7.35 5.41 4.25 3.68 3.13 2.60 2.20 1.85 1.55 0.00 0.00 -9999.00 -9999.00 -9999.00 -9999.00 -9999.00 -9999.00 -9999.00 -9999.00 -9999.00 -9999.00 -9999.00 -9999.00 -9999.00 -9999.00 -9999.00
0.82 0.68 0.74 0.00 1.00 1.22 1.53 1.73 2.29 3.25 4.74 7.94 9.62 9.17 7.15 10.70 12.79 18.58 26.72 27.13 34.45 38.87 18.82 14.80 13.55 12.43 12.89 13.56 14.15 15.60 17.60 20.47 25.24 21.27 23.11 26.87 28.83 21.57 17.18 17.91 21.63 23.90 22.20 19.39 15.90 10.78 8.63 6.80 5.31 4.18 3.54 2.98 2.52 2.16 1.89 1.57 0.00 0.00 -9999.00 -9999.00 -9999.00 -9999.00 -9999.00 -9999.00 -9999.00 -9999.00 -9999.00 -9999.00 -9999.00 -9999.00 -9999.00 -9999.00 -9999.00
0.82 0.70 0.88 0.86 1.39 1.63 3.33 5.34 6.15 7.68 9.41 8.05 9.83 8.91 8.16 9.18 9.33 11.58 29.72 30.40 36.89 36.18 20.57 13.51 12.13 12.39 13.31 16.37 14.86 20.34 27.28 31.71 38.74 34.82 23.36 26.87 29.29 21.81 16.95 17.34 16.60 17.24 15.43 12.21 9.31 10.31 8.08 6.84 5.19 4.30 3.49 2.98 2.61 2.16 1.85 0.00 0.00 -9999.00 -9999.00 -9999.00 -9999.00 -9999.00 -9999.00 -9999.00 -9999.00 -9999.00 -9999.00 -9999.00 -9999.00 -9999.00 -9999.00 -9999.00 -9999.00
0.65 0.74 1.53 1.76 2.92 8.61 16.56 5.66 7.67 10.60 16.43 21.19 19.11 15.47 8.04 9.63 10.15 12.71 21.88 31.63 36.30 30.05 15.06 13.25 12.52 13.89 15.92 25.37 20.46 27.70 37.59 46.42 44.81 59.18 52.39 48.71 39.54 28.98 15.61 15.79 16.62 17.17 14.73 11.32 9.56 7.25 6.16 5.39 4.80 4.45 3.77 3.09 2.74 2.33 1.88 0.00 0.00 -9999.00 -9999.00 -9999.00 -9999.00 -9999.00 -9999.00 -9999.00 -9999.00 -9999.00 -9999.00 -9999.00 -9999.00 -9999.00 -9999.00 -9999.00 -9999.00
0.73 0.84 1.85 2.64 7.76 15.81 23.66 24.20 29.86 34.69 21.64 20.94 18.25 14.15 9.63 8.00 9.68 12.90 23.48 34.08 35.58 26.58 15.96 14.75 12.58 15.34 25.85 32.28 33.45 42.50 64.32 67.31 51.17 62.93 68.30 48.54 40.01 28.96 19.86 16.31 14.56 12.78 11.00 10.72 8.89 7.35 5.99 5.44 4.82 4.31 3.91 3.37 2.95 2.57 1.96 1.64 -9999.00 -9999.00 -9999.00 -9999.00 -9999.00 -9999.00 -9999.00 -9999.00 -9999.00 -9999.00 -9999.00 -9999.00 -9999.00 -9999.00 -9999.00 -9999.00 -9999.00
5.98 0.98 3.69 4.04 6.42 14.53 21.35 24.94 31.66 35.12 36.13 36.85 24.27 15.14 9.20 8.36 9.46 15.14 27.97 27.89 27.74 21.99 14.95 13.06 12.47 13.67 30.67 40.99 46.28 53.66 65.66 66.56 64.46 67.94 66.31 47.09 36.09 28.66 17.95 15.99 14.82 12.65 10.83 9.03 8.15 7.36 6.70 5.52 5.03 4.29 3.90 3.46 2.97 2.46 2.05 -9999.00 -9999.00 -9999.00 -9999.00 -9999.00 -9999.00 -9999.00 -9999.00 -9999.00 -9999.00 -9999.00 -9999.00 -9999.00 -9999.00 -9999.00 -9999.00 -9999.00 -9999.00
4.92 3.10 2.33 6.44 9.45 17.86 22.39 25.58 27.72 25.95 24.77 35.24 24.32 13.77 13.33 11.67 16.28 26.43 33.00 28.09 26.68 24.35 24.17 18.81 16.14 17.56 34.76 36.12 40.98 62.73 64.82 61.94 60.48 63.87 63.75 50.91 39.38 29.42 23.72 19.76 14.35 11.81 10.80 9.54 8.04 7.28 6.76 5.86 5.34 4.64 4.09 3.63 2.97 2.50 2.03 -9999.00 -9999.00 -9999.00 -9999.00 -9999.00 -9999.00 -9999.00 -9999.00 -9999.00 -9999.00 -9999.00 -9999.00 -9999.00 -9999.00 -9999.00 -9999.00 -9999.00 -9999.00
5.17 3.26 8.59 12.95 16.20 19.06 24.85 28.22 24.73 22.72 18.56 13.86 13.27 12.05 10.84 16.16 30.21 34.76 41.17 52.24 26.74 22.57 16.89 17.69 20.09 22.38 45.40 62.32 66.08 67.48 62.49 50.60 42.25 51.69 46.36 34.15 26.57 22.80 20.05 18.49 16.22 13.33 11.09 9.60 7.96 7.17 6.27 5.67 4.98 4.41 3.89 3.40 2.80 2.44 -9999.00 -9999.00 -9999.00 -9999.00 -9999.00 -9999.00 -9999.00 -9999.00 -9999.00 -9999.00 -9999.00 -9999.00 -9999.00 -9999.00 -9999.00 -9999.00 -9999.00 -9999.00 -9999.00
3.71 5.01 13.37 14.97 16.50 19.55 24.34 24.90 21.44 21.75 17.93 13.63 13.11 9.49 7.92 8.62 31.69 35.98 45.55 60.53 48.10 36.51 29.15 17.55 20.06 23.03 42.98 61.47 63.88 66.65 61.68 47.73 38.23 27.42 19.52 16.74 14.97 21.98 20.51 17.50 15.16 12.19 10.63 9.73 8.28 7.35 6.57 5.75 4.94 4.41 3.83 3.36 2.88 2.42 -9999.00 -9999.00 -9999.00 -9999.00 -9999.00 -9999.00 -9999.00 -9999.00 -9999.00 -9999.00 -9999.00 -9999.00 -9999.00 -9999.00 -9999.00 -9999.00 -9999.00 -9999.00 -9999.00
10.60 8.41 14.87 16.21 18.05 17.10 25.48 24.93 20.81 18.61 15.20 10.81 12.74 6.99 7.41 9.81 11.97 13.47 18.22 61.03 48.01 33.15 30.37 31.48 34.32 31.96 43.57 63.88 65.72 61.09 54.06 40.97 31.46 24.00 18.38 16.79 14.80 16.43 17.33 18.03 19.96 12.10 10.63 9.49 8.49 7.22 6.46 5.62 4.99 4.41 3.91 3.46 2.86 -9999.00 -9999.00 -9999.00 -9999.00 -9999.00 -9999.00 -9999.00 -9999.00 -9999.00 -9999.00 -9999.00 -9999.00 -9999.00 -9999.00 -9999.00 -9999.00 -9999.00 -9999.00 -9999.00 -9999.00
11.90 13.82 16.44 15.92 17.30 16.42 10.69 7.08 8.57 17.71 12.29 11.80 13.17 9.55 8.67 13.46 11.76 14.34 17.68 18.92 15.29 14.06 16.54 30.56 34.31 31.10 35.54 52.59 67.67 59.78 52.67 40.74 32.50 26.78 21.25 18.41 18.18 17.24 18.99 22.70 18.95 15.90 12.94 10.99 8.77 7.01 6.36 5.66 4.86 4.29 3.76 3.27 -9999.00 -9999.00 -9999.00 -9999.00 -9999.00 -9999.00 -9999.00 -9999.00 -9999.00 -9999.00 -9999.00 -9999.00 -9999.00 -9999.00 -9999.00 -9999.00 -9999.00 -9999.00 -9999.00 -9999.00 -9999.00
11.70 14.13 16.20 15.09 16.21 14.15 8.97 7.25 9.53 9.04 7.34 6.02 11.56 7.90 8.78 17.46 15.31 13.06 11.06 15.95 14.72 14.12 15.85 17.09 16.18 16.91 38.37 54.16 56.49 52.84 48.56 42.30 29.64 23.68 19.57 17.74 20.77 19.75 21.69 22.08 18.94 15.50 13.09 9.69 8.25 7.16 6.04 5.17 4.35 4.15 3.66 3.25 -9999.00 -9999.00 -9999.00 -9999.00 -9999.00 -9999.00 -9999.00 -9999.00 -9999.00 -9999.00 -9999.00 -9999.00 -9999.00 -9999.00 -9999.00 -9999.00 -9999.00 -9999.00 -9999.00 -9999.00 -9999.00
14.10 16.40 23.08 28.93 15.58 11.52 10.32 8.67 5.84 7.43 5.69 5.93 6.62 8.01 9.67 18.98 15.11 12.47 9.90 9.72 10.81 11.45 14.96 16.16 14.91 15.44 15.51 17.57 58.60 60.20 53.49 53.06 49.58 45.37 18.73 18.11 20.07 19.31 21.35 20.68 17.92 15.02 11.45 9.34 7.47 6.85 5.73 4.82 4.22 3.49 3.05 -9999.00 -9999.00 -9999.00 -9999.00 -9999.00 -9999.00 -9999.00 -9999.00 -9999.00 -9999.00 -9999.00 -9999.00 -9999.00 -9999.00 -9999.00 -9999.00 -9999.00 -9999.00 -9999.00 -9999.00 -9999.00 -9999.00
10.74 20.06 29.50 39.14 41.22 33.15 9.58 7.50 4.62 3.47 3.38 3.18 7.07 7.89 11.00 12.72 9.80 8.66 8.92 9.34 9.79 10.17 10.54 11.69 11.47 15.99 17.09 20.36 28.42 62.27 52.22 52.79 50.73 39.19 28.68 22.83 19.59 18.18 21.48 19.73 17.35 13.52 10.98 9.13 7.51 6.16 5.53 4.45 3.96 3.35 -9999.00 -9999.00 -9999.00 -9999.00 -9999.00 -9999.00 -9999.00 -9999.00 -9999.00 -9999.00 -9999.00 -9999.00 -9999.00 -9999.00 -9999.00 -9999.00 -9999.00 -9999.00 -9999.00 -9999.00 -9999.00 -9999.00 -9999.00
15.64 24.75 30.30 42.02 37.01 25.93 13.06 5.79 3.50 3.23 2.98 3.32 5.41 9.43 17.06 11.27 8.70 8.32 8.79 10.77 9.65 9.61 10.14 11.54 10.76 10.60 14.05 21.87 28.68 33.13 30.51 26.83 48.27 35.56 27.39 21.41 17.74 14.44 13.09 13.29 11.41 11.82 10.14 8.34 7.16 5.87 4.82 4.29 3.52 3.06 -9999.00 -9999.00 -9999.00 -9999.00 -9999.00 -9999.00 -9999.00 -9999.00 -9999.00 -9999.00 -9999.00 -9999.00 -9999.00 -9999.00 -9999.00 -9999.00 -9999.00 -9999.00 -9999.00 -9999.00 -9999.00 -9999.00 -9999.00
26.98 26.81 36.02 40.07 29.80 14.64 11.08 4.82 3.44 3.33 3.15 3.91 7.65 13.46 18.17 17.96 14.70 7.41 9.41 10.23 8.67 8.32 8.10 9.49 11.60 11.20 12.20 18.95 29.35 31.14 28.10 25.18 24.99 21.92 18.58 14.00 14.64 12.43 12.10 12.22 10.28 8.12 7.30 6.64 6.61 5.60 4.56 3.81 3.27 -9999.00 -9999.00 -9999.00 -9999.00 -9999.00 -9999.00 -9999.00 -9999.00 -9999.00 -9999.00 -9999.00 -9999.00 -9999.00 -9999.00 -9999.00 -9999.00 -9999.00 -9999.00 -9999.00 -9999.00 -9999.00 -9999.00 -9999.00 -9999.00
26.50 28.11 23.61 28.45 21.51 10.23 9.53 12.02 12.53 2.91 3.18 5.93 10.57 16.50 18.58 15.70 13.39 10.94 11.45 9.94 7.92 8.55 8.32 8.30 9.07 10.17 11.62 20.02 23.25 21.40 17.67 23.70 22.55 19.19 16.86 13.14 10.03 8.42 7.68 12.78 8.63 7.43 6.87 5.98 5.27 4.63 4.16 3.67 -9999.00 -9999.00 -9999.00 -9999.00 -9999.00 -9999.00 -9999.00 -9999.00 -9999.00 -9999.00 -9999.00 -9999.00 -9999.00 -9999.00 -9999.00 -9999.00 -9999.00 -9999.00 -9999.00 -9999.00 -9999.00 -9999.00 -9999.00 -9999.00 -9999.00
32.22 25.65 20.69 16.50 15.64 13.48 10.55 12.90 10.61 6.58 5.85 7.16 10.80 16.41 13.29 12.43 13.08 10.63 10.25 8.87 7.85 8.46 9.16 7.45 8.22 9.31 15.49 17.55 20.81 18.08 15.59 14.50 14.54 14.58 15.09 10.85 8.66 7.26 6.59 6.04 5.46 5.00 6.08 5.61 4.91 4.16 3.78 -9999.00 -9999.00 -9999.00 -9999.00 -9999.00 -9999.00 -9999.00 -9999.00 -9999.00 -9999.00 -9999.00 -9999.00 -9999.00 -9999.00 -9999.00 -9999.00 -9999.00 -9999.00 -9999.00 -9999.00 -9999.00 -9999.00 -9999.00 -9999.00 -9999.00 -9999.00
31.93 28.82 20.12 16.55 14.27 17.32 31.81 32.43 9.89 6.24 5.49 4.98 7.47 9.74 10.90 12.99 12.02 9.01 5.68 7.28 7.70 7.68 7.88 6.70 7.32 6.90 16.00 17.64 15.17 13.67 13.94 13.28 13.46 13.48 13.08 10.50 9.09 7.10 5.97 5.56 4.99 4.48 4.04 3.71 3.39 3.48 3.16 -9999.00 -9999.00 -9999.00 -9999.00 -9999.00 -9999.00 -9999.00 -9999.00 -9999.00 -9999.00 -9999.00 -9999.00 -9999.00 -9999.00 -9999.00 -9999.00 -9999.00 -9999.00 -9999.00 -9999.00 -9999.00 -9999.00 -9999.00 -9999.00 -9999.00 -9999.00
13.04 24.93 19.64 13.53 8.64 9.70 33.29 26.35 19.52 12.14 6.77 5.01 8.23 8.18 6.49 6.41 9.21 7.70 5.25 6.52 8.40 7.30 7.04 6.56 6.45 6.63 9.18 9.89 14.00 13.17 14.76 15.13 12.96 13.68 12.45 9.61 8.36 7.06 6.04 5.56 4.57 4.03 3.67 3.38 3.08 2.81 -9999.00 -9999.00 -9999.00 -9999.00 -9999.00 -9999.00 -9999.00 -9999.00 -9999.00 -9999.00 -9999.00 -9999.00 -9999.00 -9999.00 -9999.00 -9999.00 -9999.00 -9999.00 -9999.00 -9999.00 -9999.00 -9999.00 -9999.00 -9999.00 -9999.00 -9999.00 -9999.00
10.91 7.06 6.49 10.07 7.67 18.25 29.03 22.69 14.80 9.05 6.48 5.81 7.01 6.53 6.26 5.76 4.34 4.29 5.37 7.66 8.30 6.42 5.64 6.76 6.68 6.97 9.13 8.96 12.57 12.15 14.38 13.58 13.24 11.98 9.90 9.56 7.78 6.25 6.08 4.97 4.51 3.77 3.41 3.11 2.86 2.57 -9999.00 -9999.00 -9999.00 -9999.00 -9999.00 -9999.00 -9999.00 -9999.00 -9999.00 -9999.00 -9999.00 -9999.00 -9999.00 -9999.00 -9999.00 -9999.00 -9999.00 -9999.00 -9999.00 -9999.00 -9999.00 -9999.00 -9999.00 -9999.00 -9999.00 -9999.00 -9999.00
0.72 6.27 6.92 5.98 4.14 23.43 28.91 18.56 9.66 12.10 6.36 5.92 6.39 4.46 3.63 4.61 3.68 2.83 4.35 5.61 5.86 5.64 5.05 6.88 6.61 7.95 9.47 8.58 8.34 9.10 11.83 12.29 12.69 11.40 9.18 8.75 7.17 8.82 5.45 4.53 3.83 3.44 3.10 2.86 2.65 2.38 -9999.00 -9999.00 -9999.00 -9999.00 -9999.00 -9999.00 -9999.00 -9999.00 -9999.00 -9999.00 -9999.00 -9999.00 -9999.00 -9999.00 -9999.00 -9999.00 -9999.00 -9999.00 -9999.00 -9999.00 -9999.00 -9999.00 -9999.00 -9999.00 -9999.00 -9999.00 -9999.00
0.67 2.44 5.19 4.88 3.38 3.46 3.41 10.06 9.47 14.55 13.60 9.65 5.57 3.75 3.08 2.76 2.18 2.06 4.29 5.20 4.60 4.62 4.24 7.41 5.71 7.55 7.80 8.16 7.83 9.01 10.73 12.70 12.44 10.44 8.87 8.15 9.70 7.30 6.31 4.42 3.67 3.12 2.94 2.59 2.41 2.25 -9999.00 -9999.00 -9999.00 -9999.00 -9999.00 -9999.00 -9999.00 -9999.00 -9999.00 -9999.00 -9999.00 -9999.00 -9999.00 -9999.00 -9999.00 -9999.00 -9999.00 -9999.00 -9999.00 -9999.00 -9999.00 -9999.00 -9999.00 -9999.00 -9999.00 -9999.00 -9999.00
0.00 4.30 6.77 5.05 2.22 3.41 3.01 2.81 4.45 7.62 11.58 6.46 2.65 2.35 1.89 2.43 1.96 1.91 2.83 3.09 4.17 3.80 3.49 3.78 6.34 9.31 7.46 7.70 7.58 8.02 10.70 11.72 11.26 9.18 8.30 7.23 7.11 6.51 5.25 3.99 3.16 2.93 2.73 2.36 2.15 2.01 -9999.00 -9999.00 -9999.00 -9999.00 -9999.00 -9999.00 -9999.00 -9999.00 -9999.00 -9999.00 -9999.00 -9999.00 -9999.00 -9999.00 -9999.00 -9999.00 -9999.00 -9999.00 -9999.00 -9999.00 -9999.00 -9999.00 -9999.00 -9999.00 -9999.00 -9999.00 -9999.00
0.00 0.35 1.29 2.99 1.84 0.72 0.67 3.21 5.91 6.30 3.49 1.57 2.40 1.98 1.71 1.65 1.43 1.82 2.45 2.98 3.61 4.60 4.27 4.15 6.78 7.76 7.36 8.05 8.00 7.74 11.23 16.82 9.00 7.86 7.33 6.44 6.31 6.15 5.39 3.43 3.03 2.62 2.41 2.18 1.94 1.79 -9999.00 -9999.00 -9999.00 -9999.00 -9999.00 -9999.00 -9999.00 -9999.00 -9999.00 -9999.00 -9999.00 -9999.00 -9999.00 -9999.00 -9999.00 -9999.00 -9999.00 -9999.00 -9999.00 -9999.00 -9999.00 -9999.00 -9999.00 -9999.00 -9999.00 -9999.00 -9999.00
0.00 1.12 0.66 0.54 0.57 0.60 0.63 0.81 0.94 3.87 2.18 1.28 1.03 1.00 1.49 1.24 1.07 0.00 0.00 3.27 3.98 4.48 4.20 7.74 13.67 7.22 6.80 7.07 8.21 9.41 12.97 16.19 13.32 10.89 9.95 5.68 6.18 5.48 4.68 4.12 3.75 3.22 2.15 1.97 1.75 1.59 -9999.00 -9999.00 -9999.00 -9999.00 -9999.00 -9999.00 -9999.00 -9999.00 -9999.00 -9999.00 -9999.00 -9999.00 -9999.00 -9999.00 -9999.00 -9999.00 -9999.00 -9999.00 -9999.00 -9999.00 -9999.00 -9999.00 -9999.00 -9999.00 -9999.00 -9999.00 -9999.00
0.00 0.00 0.62 0.36 0.00 0.00 0.31 0.78 0.77 0.58 0.60 1.04 0.84 0.73 0.00 0.00 0.00 0.00 1.21 3.58 4.84 4.28 4.55 8.20 11.25 11.03 8.84 7.04 6.57 6.72 9.60 16.09 13.49 10.24 8.06 5.73 4.71 5.72 5.46 3.99 3.46 2.67 2.06 1.83 1.68 1.40 0.00 -9999.00 -9999.00 -9999.00 -9999.00 -9999.00 -9999.00 -9999.00 -9999.00 -9999.00 -9999.00 -9999.00 -9999.00 -9999.00 -9999.00 -9999.00 -9999.00 -9999.00 -9999.00 -9999.00 -9999.00 -9999.00 -9999.00 -9999.00 -9999.00 -9999.00 -9999.00
0.00 0.00 0.00 0.00 0.00 0.00 0.00 0.00 0.81 0.49 0.53 0.00 0.00 0.00 0.00 0.00 0.00 0.00 2.28 3.42 5.19 3.99 3.35 4.03 11.69 9.98 7.31 5.56 6.73 8.27 9.81 13.55 12.59 9.28 6.27 4.67 4.17 3.52 3.66 2.84 3.47 2.18 1.82 1.64 1.47 0.00 0.00 -9999.00 -9999.00 -9999.00 -9999.00 -9999.00 -9999.00 -9999.00 -9999.00 -9999.00 -9999.00 -9999.00 -9999.00 -9999.00 -9999.00 -9999.00 -9999.00 -9999.00 -9999.00 -9999.00 -9999.00 -9999.00 -9999.00 -9999.00 -9999.00 -9999.00 -9999.00
0.00 0.00 0.00 0.00 0.00 0.00 0.00 0.00 0.00 0.00 0.00 0.00 0.00 0.00 0.00 0.00 0.00 0.00 0.00 0.00 4.76 3.29 3.01 3.23 4.13 6.72 6.54 5.57 5.47 7.71 12.60 13.36 10.39 7.41 6.17 5.37 3.09 3.07 3.08 2.50 2.77 2.70 4.43 1.46 1.32 1.19 0.00 -9999.00 -9999.00 -9999.00 -9999.00 -9999.00 -9999.00 -9999.00 -9999.00 -9999.00 -9999.00 -9999.00 -9999.00 -9999.00 -9999.00 -9999.00 -9999.00 -9999.00 -9999.00 -9999.00 -9999.00 -9999.00 -9999.00 -9999.00 -9999.00 -9999.00 -9999.00
0.00 0.00 0.00 0.00 0.00 0.00 0.00 0.00 0.00 0.00 0.00 0.00 0.00 0.00 0.00 0.00 0.00 0.00 0.00 0.92 1.33 1.75 2.93 3.56 4.13 3.33 4.24 4.69 5.54 7.93 14.12 18.53 8.26 6.55 5.44 4.92 3.40 2.73 3.48 3.48 2.88 2.76 4.04 2.21 1.34 1.03 0.00 -9999.00 -9999.00 -9999.00 -9999.00 -9999.00 -9999.00 -9999.00 -9999.00 -9999.00 -9999.00 -9999.00 -9999.00 -9999.00 -9999.00 -9999.00 -9999.00 -9999.00 -9999.00 -9999.00 -9999.00 -9999.00 -9999.00 -9999.00 -9999.00 -9999.00 -9999.00
0.00 0.00 0.00 0.00 0.00 0.00 0.00 0.00 0.00 0.00 0.00 0.00 0.00 0.00 0.00 0.00 0.00 0.00 0.00 0.00 1.17 1.38 1.12 1.22 1.34 2.65 3.26 3.60 5.33 10.62 16.88 16.52 16.54 16.98 5.23 4.39 2.71 2.48 2.41 2.47 2.15 4.19 2.62 1.53 1.15 0.93 0.00 -9999.00 -9999.00 -9999.00 -9999.00 -9999.00 -9999.00 -9999.00 -9999.00 -9999.00 -9999.00 -9999.00 -9999.00 -9999.00 -9999.00 -9999.00 -9999.00 -9999.00 -9999.00 -9999.00 -9999.00 -9999.00 -9999.00 -9999.00 -9999.00 -9999.00 -9999.00
0.00 0.00 0.00 0.00 0.00 0.00 0.00 0.00 0.00 0.00 0.00 0.00 0.00 0.00 0.00 0.00 0.00 0.00 0.00 0.00 0.00 1.07 0.90 0.00 1.03 1.18 3.84 5.09 5.00 6.19 18.70 16.89 16.57 13.30 8.99 5.97 4.32 2.13 2.31 2.09 2.09 1.66 2.02 1.54 0.93 0.80 0.00 -9999.00 -9999.00 -9999.00 -9999.00 -9999.00 -9999.00 -9999.00 -9999.00 -9999.00 -9999.00 -9999.00 -9999.00 -9999.00 -9999.00 -9999.00 -9999.00 -9999.00 -9999.00 -9999.00 -9999.00 -9999.00 -9999.00 -9999.00 -9999.00 -9999.00 -9999.00
