dati/cumulata_oraria_prisma_2018052715.txt
ncols        251
nrows        249
xllcorner         436000.00000
yllcorner        4918000.00000
cellsize           1000.00000
NODATA_value          -9999.00000
[rows 64 to 95 of 249, columns 146 to 218 of 251]
0.70 1.00 1.49 1.49 1.16 1.27 1.01 0.98 0.93 0.86 0.81 1.56 2.04 3.14 7.87 10.68 12.24 14.25 14.02 12.40 8.57 4.35 1.95 0.94 0.61 0.81 0.91 1.17 1.64 1.21 0.89 0.83 0.53 0.36 -9999.00 -9999.00 -9999.00 -9999.00 -9999.00 -9999.00 -9999.00 -9999.00 -9999.00 -9999.00 -9999.00 -9999.00 -9999.00 -9999.00 -9999.00 -9999.00 -9999.00 -9999.00 -9999.00 -9999.00 -9999.00 -9999.00 -9999.00 -9999.00 -9999.00 -9999.00 -9999.00 -9999.00 -9999.00 -9999.00 -9999.00 -9999.00 -9999.00 -9999.00 -9999.00 -9999.00 -9999.00 -9999.00 -9999.00
1.25 2.21 3.11 2.54 2.29 1.70 1.35 1.41 1.00 1.00 0.92 1.64 1.76 3.50 5.58 8.36 8.84 11.74 12.63 12.09 8.50 4.29 1.88 0.90 0.56 0.56 0.64 0.75 1.05 1.05 0.87 0.56 0.31 0.29 -9999.00 -9999.00 -9999.00 -9999.00 -9999.00 -9999.00 -9999.00 -9999.00 -9999.00 -9999.00 -9999.00 -9999.00 -9999.00 -9999.00 -9999.00 -9999.00 -9999.00 -9999.00 -9999.00 -9999.00 -9999.00 -9999.00 -9999.00 -9999.00 -9999.00 -9999.00 -9999.00 -9999.00 -9999.00 -9999.00 -9999.00 -9999.00 -9999.00 -9999.00 -9999.00 -9999.00 -9999.00 -9999.00 -9999.00
2.96 4.20 3.59 2.57 2.43 1.70 1.37 1.28 1.07 1.03 1.09 1.47 1.57 2.19 2.38 5.30 5.31 7.17 8.42 6.77 6.08 3.62 1.68 1.04 0.74 0.51 0.46 0.43 1.00 1.23 0.91 0.52 0.34 0.00 -9999.00 -9999.00 -9999.00 -9999.00 -9999.00 -9999.00 -9999.00 -9999.00 -9999.00 -9999.00 -9999.00 -9999.00 -9999.00 -9999.00 -9999.00 -9999.00 -9999.00 -9999.00 -9999.00 -9999.00 -9999.00 -9999.00 -9999.00 -9999.00 -9999.00 -9999.00 -9999.00 -9999.00 -9999.00 -9999.00 -9999.00 -9999.00 -9999.00 -9999.00 -9999.00 -9999.00 -9999.00 -9999.00 -9999.00
8.02 20.93 16.37 10.63 6.34 3.35 2.28 1.85 1.73 1.75 1.46 1.44 1.47 1.58 2.38 3.76 4.59 5.35 6.62 6.28 5.83 3.74 1.84 1.07 0.83 0.60 0.64 0.61 0.47 0.51 0.38 0.00 0.00 0.00 -9999.00 -9999.00 -9999.00 -9999.00 -9999.00 -9999.00 -9999.00 -9999.00 -9999.00 -9999.00 -9999.00 -9999.00 -9999.00 -9999.00 -9999.00 -9999.00 -9999.00 -9999.00 -9999.00 -9999.00 -9999.00 -9999.00 -9999.00 -9999.00 -9999.00 -9999.00 -9999.00 -9999.00 -9999.00 -9999.00 -9999.00 -9999.00 -9999.00 -9999.00 -9999.00 -9999.00 -9999.00 -9999.00 -9999.00
6.86 22.18 20.86 14.92 9.57 5.93 3.18 2.58 2.06 2.48 3.01 3.01 3.25 2.70 2.50 2.96 3.47 3.65 3.19 2.84 2.54 2.38 1.82 1.22 0.87 0.71 0.94 1.54 0.84 0.59 0.52 0.00 0.00 0.42 -9999.00 -9999.00 -9999.00 -9999.00 -9999.00 -9999.00 -9999.00 -9999.00 -9999.00 -9999.00 -9999.00 -9999.00 -9999.00 -9999.00 -9999.00 -9999.00 -9999.00 -9999.00 -9999.00 -9999.00 -9999.00 -9999.00 -9999.00 -9999.00 -9999.00 -9999.00 -9999.00 -9999.00 -9999.00 -9999.00 -9999.00 -9999.00 -9999.00 -9999.00 -9999.00 -9999.00 -9999.00 -9999.00 -9999.00
9.28 24.09 22.51 18.07 10.93 7.24 3.43 2.45 2.13 2.63 3.19 3.12 3.40 2.85 2.50 3.16 3.67 3.45 2.74 2.62 2.56 2.42 1.87 1.26 1.02 0.91 1.79 2.87 1.42 2.65 2.53 1.32 0.96 -9999.00 -9999.00 -9999.00 -9999.00 -9999.00 -9999.00 -9999.00 -9999.00 -9999.00 -9999.00 -9999.00 -9999.00 -9999.00 -9999.00 -9999.00 -9999.00 -9999.00 -9999.00 -9999.00 -9999.00 -9999.00 -9999.00 -9999.00 -9999.00 -9999.00 -9999.00 -9999.00 -9999.00 -9999.00 -9999.00 -9999.00 -9999.00 -9999.00 -9999.00 -9999.00 -9999.00 -9999.00 -9999.00 -9999.00 -9999.00
2.59 5.68 7.72 11.48 12.88 11.65 6.93 4.09 2.68 2.21 2.47 2.91 3.43 3.77 3.61 3.83 4.10 3.80 3.62 2.75 2.24 1.70 1.49 1.25 1.03 1.78 2.07 4.56 1.76 2.84 2.69 1.72 -9999.00 -9999.00 -9999.00 -9999.00 -9999.00 -9999.00 -9999.00 -9999.00 -9999.00 -9999.00 -9999.00 -9999.00 -9999.00 -9999.00 -9999.00 -9999.00 -9999.00 -9999.00 -9999.00 -9999.00 -9999.00 -9999.00 -9999.00 -9999.00 -9999.00 -9999.00 -9999.00 -9999.00 -9999.00 -9999.00 -9999.00 -9999.00 -9999.00 -9999.00 -9999.00 -9999.00 -9999.00 -9999.00 -9999.00 -9999.00 -9999.00
2.91 5.80 7.70 11.22 12.63 10.83 6.85 4.09 2.47 1.95 2.49 2.68 3.49 3.59 3.47 3.89 3.86 3.97 3.62 2.68 2.25 1.83 1.63 1.28 1.10 2.49 2.88 7.19 7.22 7.08 12.06 16.51 -9999.00 -9999.00 -9999.00 -9999.00 -9999.00 -9999.00 -9999.00 -9999.00 -9999.00 -9999.00 -9999.00 -9999.00 -9999.00 -9999.00 -9999.00 -9999.00 -9999.00 -9999.00 -9999.00 -9999.00 -9999.00 -9999.00 -9999.00 -9999.00 -9999.00 -9999.00 -9999.00 -9999.00 -9999.00 -9999.00 -9999.00 -9999.00 -9999.00 -9999.00 -9999.00 -9999.00 -9999.00 -9999.00 -9999.00 -9999.00 -9999.00
1.78 3.18 6.01 9.22 11.28 9.26 6.30 4.31 2.94 2.09 1.73 1.57 2.05 2.35 3.14 4.27 4.11 3.95 3.36 2.81 2.22 1.90 1.54 1.39 1.28 1.19 3.46 4.43 12.72 9.40 14.01 15.09 -9999.00 -9999.00 -9999.00 -9999.00 -9999.00 -9999.00 -9999.00 -9999.00 -9999.00 -9999.00 -9999.00 -9999.00 -9999.00 -9999.00 -9999.00 -9999.00 -9999.00 -9999.00 -9999.00 -9999.00 -9999.00 -9999.00 -9999.00 -9999.00 -9999.00 -9999.00 -9999.00 -9999.00 -9999.00 -9999.00 -9999.00 -9999.00 -9999.00 -9999.00 -9999.00 -9999.00 -9999.00 -9999.00 -9999.00 -9999.00 -9999.00
0.97 1.79 4.91 8.74 11.12 8.85 6.13 4.14 2.92 2.10 1.57 1.48 1.78 2.30 3.07 3.96 3.91 3.70 3.21 2.77 2.08 1.72 1.59 1.42 1.45 1.39 6.09 7.29 15.40 20.74 20.00 30.25 -9999.00 -9999.00 -9999.00 -9999.00 -9999.00 -9999.00 -9999.00 -9999.00 -9999.00 -9999.00 -9999.00 -9999.00 -9999.00 -9999.00 -9999.00 -9999.00 -9999.00 -9999.00 -9999.00 -9999.00 -9999.00 -9999.00 -9999.00 -9999.00 -9999.00 -9999.00 -9999.00 -9999.00 -9999.00 -9999.00 -9999.00 -9999.00 -9999.00 -9999.00 -9999.00 -9999.00 -9999.00 -9999.00 -9999.00 -9999.00 -9999.00
0.83 0.95 1.28 1.80 2.34 2.01 1.90 1.80 1.64 1.34 1.08 1.04 0.99 1.17 1.26 1.86 2.08 2.10 1.89 1.85 1.74 1.59 1.55 1.30 1.25 1.89 2.03 7.11 15.05 16.72 20.32 27.65 17.61 8.87 -9999.00 -9999.00 -9999.00 -9999.00 -9999.00 -9999.00 -9999.00 -9999.00 -9999.00 -9999.00 -9999.00 -9999.00 -9999.00 -9999.00 -9999.00 -9999.00 -9999.00 -9999.00 -9999.00 -9999.00 -9999.00 -9999.00 -9999.00 -9999.00 -9999.00 -9999.00 -9999.00 -9999.00 -9999.00 -9999.00 -9999.00 -9999.00 -9999.00 -9999.00 -9999.00 -9999.00 -9999.00 -9999.00 -9999.00
0.95 1.02 1.11 1.40 1.56 1.87 1.79 1.86 1.63 1.37 1.15 0.99 1.00 1.03 1.26 1.78 1.98 2.01 2.02 1.79 1.83 1.67 1.60 1.46 1.42 2.53 3.08 5.08 6.31 10.82 20.91 29.66 16.82 9.20 -9999.00 -9999.00 -9999.00 -9999.00 -9999.00 -9999.00 -9999.00 -9999.00 -9999.00 -9999.00 -9999.00 -9999.00 -9999.00 -9999.00 -9999.00 -9999.00 -9999.00 -9999.00 -9999.00 -9999.00 -9999.00 -9999.00 -9999.00 -9999.00 -9999.00 -9999.00 -9999.00 -9999.00 -9999.00 -9999.00 -9999.00 -9999.00 -9999.00 -9999.00 -9999.00 -9999.00 -9999.00 -9999.00 -9999.00
1.06 1.09 1.18 1.27 1.31 1.37 1.37 1.29 1.21 1.27 1.20 1.07 1.01 1.00 1.02 1.13 1.19 1.25 1.39 1.44 1.52 1.58 1.60 1.61 1.99 2.06 3.91 5.29 5.54 6.99 9.02 11.51 7.89 4.53 -9999.00 -9999.00 -9999.00 -9999.00 -9999.00 -9999.00 -9999.00 -9999.00 -9999.00 -9999.00 -9999.00 -9999.00 -9999.00 -9999.00 -9999.00 -9999.00 -9999.00 -9999.00 -9999.00 -9999.00 -9999.00 -9999.00 -9999.00 -9999.00 -9999.00 -9999.00 -9999.00 -9999.00 -9999.00 -9999.00 -9999.00 -9999.00 -9999.00 -9999.00 -9999.00 -9999.00 -9999.00 -9999.00 -9999.00
2.04 2.37 2.64 1.76 1.74 1.76 1.58 1.43 1.34 1.35 1.25 1.11 1.09 1.08 1.11 1.23 1.32 1.39 1.49 1.58 1.63 1.73 1.95 2.30 2.43 2.71 5.73 5.79 5.73 6.85 8.78 11.43 7.94 4.85 3.79 -9999.00 -9999.00 -9999.00 -9999.00 -9999.00 -9999.00 -9999.00 -9999.00 -9999.00 -9999.00 -9999.00 -9999.00 -9999.00 -9999.00 -9999.00 -9999.00 -9999.00 -9999.00 -9999.00 -9999.00 -9999.00 -9999.00 -9999.00 -9999.00 -9999.00 -9999.00 -9999.00 -9999.00 -9999.00 -9999.00 -9999.00 -9999.00 -9999.00 -9999.00 -9999.00 -9999.00 -9999.00 -9999.00
2.13 2.46 2.75 2.72 2.85 2.32 1.86 1.61 1.53 1.48 1.36 1.25 1.27 1.21 1.27 1.42 1.54 1.62 1.95 1.87 1.71 1.85 2.07 3.21 4.35 3.79 5.76 5.95 6.00 7.22 8.70 7.03 5.92 3.99 3.36 -9999.00 -9999.00 -9999.00 -9999.00 -9999.00 -9999.00 -9999.00 -9999.00 -9999.00 -9999.00 -9999.00 -9999.00 -9999.00 -9999.00 -9999.00 -9999.00 -9999.00 -9999.00 -9999.00 -9999.00 -9999.00 -9999.00 -9999.00 -9999.00 -9999.00 -9999.00 -9999.00 -9999.00 -9999.00 -9999.00 -9999.00 -9999.00 -9999.00 -9999.00 -9999.00 -9999.00 -9999.00 -9999.00
2.57 2.87 2.78 3.30 3.53 2.82 1.93 1.79 1.57 1.29 1.18 1.31 1.35 1.29 1.36 1.57 1.67 1.78 2.24 2.03 1.93 2.25 2.46 4.60 4.99 4.78 8.81 10.19 6.77 7.58 9.24 7.50 6.02 4.19 3.63 3.38 -9999.00 -9999.00 -9999.00 -9999.00 -9999.00 -9999.00 -9999.00 -9999.00 -9999.00 -9999.00 -9999.00 -9999.00 -9999.00 -9999.00 -9999.00 -9999.00 -9999.00 -9999.00 -9999.00 -9999.00 -9999.00 -9999.00 -9999.00 -9999.00 -9999.00 -9999.00 -9999.00 -9999.00 -9999.00 -9999.00 -9999.00 -9999.00 -9999.00 -9999.00 -9999.00 -9999.00 -9999.00
6.30 5.58 4.33 4.22 3.42 2.59 1.83 1.83 1.48 1.32 1.26 1.25 1.17 1.21 1.25 1.32 1.44 1.78 2.19 2.19 1.96 2.37 2.82 4.04 5.23 5.53 11.18 10.71 10.24 10.12 10.22 10.58 7.71 5.61 4.41 3.89 -9999.00 -9999.00 -9999.00 -9999.00 -9999.00 -9999.00 -9999.00 -9999.00 -9999.00 -9999.00 -9999.00 -9999.00 -9999.00 -9999.00 -9999.00 -9999.00 -9999.00 -9999.00 -9999.00 -9999.00 -9999.00 -9999.00 -9999.00 -9999.00 -9999.00 -9999.00 -9999.00 -9999.00 -9999.00 -9999.00 -9999.00 -9999.00 -9999.00 -9999.00 -9999.00 -9999.00 -9999.00
7.22 7.34 6.40 6.53 6.59 4.88 3.35 2.82 2.15 1.88 1.67 1.56 1.37 1.34 1.36 1.44 1.59 2.05 2.49 2.38 2.30 2.62 2.69 2.82 3.68 4.03 5.95 8.28 10.75 11.10 10.98 10.54 7.72 5.71 4.70 4.21 -9999.00 -9999.00 -9999.00 -9999.00 -9999.00 -9999.00 -9999.00 -9999.00 -9999.00 -9999.00 -9999.00 -9999.00 -9999.00 -9999.00 -9999.00 -9999.00 -9999.00 -9999.00 -9999.00 -9999.00 -9999.00 -9999.00 -9999.00 -9999.00 -9999.00 -9999.00 -9999.00 -9999.00 -9999.00 -9999.00 -9999.00 -9999.00 -9999.00 -9999.00 -9999.00 -9999.00 -9999.00
18.67 16.80 15.51 13.67 6.63 4.75 3.37 2.77 2.12 1.96 1.75 1.60 1.56 1.55 1.58 1.66 1.82 2.04 2.50 2.93 3.30 3.46 3.10 3.29 4.20 4.55 6.45 8.39 10.32 10.62 9.42 7.94 6.50 5.18 5.08 4.56 -9999.00 -9999.00 -9999.00 -9999.00 -9999.00 -9999.00 -9999.00 -9999.00 -9999.00 -9999.00 -9999.00 -9999.00 -9999.00 -9999.00 -9999.00 -9999.00 -9999.00 -9999.00 -9999.00 -9999.00 -9999.00 -9999.00 -9999.00 -9999.00 -9999.00 -9999.00 -9999.00 -9999.00 -9999.00 -9999.00 -9999.00 -9999.00 -9999.00 -9999.00 -9999.00 -9999.00 -9999.00
19.34 17.39 16.17 12.78 8.62 4.84 3.59 2.58 2.03 2.03 2.04 2.10 2.11 1.68 1.77 1.86 2.07 2.36 2.80 3.23 3.62 3.71 3.89 4.21 4.06 5.23 5.43 6.16 10.84 10.67 9.34 7.94 6.80 5.76 4.95 -9999.00 -9999.00 -9999.00 -9999.00 -9999.00 -9999.00 -9999.00 -9999.00 -9999.00 -9999.00 -9999.00 -9999.00 -9999.00 -9999.00 -9999.00 -9999.00 -9999.00 -9999.00 -9999.00 -9999.00 -9999.00 -9999.00 -9999.00 -9999.00 -9999.00 -9999.00 -9999.00 -9999.00 -9999.00 -9999.00 -9999.00 -9999.00 -9999.00 -9999.00 -9999.00 -9999.00 -9999.00 -9999.00
30.32 30.72 28.96 18.00 7.81 2.79 2.70 2.36 1.96 2.06 2.32 2.21 2.20 2.26 2.32 2.61 3.02 3.71 4.43 6.36 6.48 4.02 4.24 4.36 4.36 5.13 5.02 5.80 8.24 10.41 9.94 8.21 7.26 6.03 5.37 4.99 -9999.00 -9999.00 -9999.00 -9999.00 -9999.00 -9999.00 -9999.00 -9999.00 -9999.00 -9999.00 -9999.00 -9999.00 -9999.00 -9999.00 -9999.00 -9999.00 -9999.00 -9999.00 -9999.00 -9999.00 -9999.00 -9999.00 -9999.00 -9999.00 -9999.00 -9999.00 -9999.00 -9999.00 -9999.00 -9999.00 -9999.00 -9999.00 -9999.00 -9999.00 -9999.00 -9999.00 -9999.00
29.52 31.29 28.30 17.86 8.10 2.74 1.70 1.32 1.16 1.40 2.01 2.14 2.21 2.59 2.70 3.00 3.53 4.13 5.44 6.54 6.50 6.03 5.55 5.29 5.19 5.25 5.40 5.49 8.08 9.65 9.72 7.61 6.72 6.11 5.82 5.39 -9999.00 -9999.00 -9999.00 -9999.00 -9999.00 -9999.00 -9999.00 -9999.00 -9999.00 -9999.00 -9999.00 -9999.00 -9999.00 -9999.00 -9999.00 -9999.00 -9999.00 -9999.00 -9999.00 -9999.00 -9999.00 -9999.00 -9999.00 -9999.00 -9999.00 -9999.00 -9999.00 -9999.00 -9999.00 -9999.00 -9999.00 -9999.00 -9999.00 -9999.00 -9999.00 -9999.00 -9999.00
30.18 32.02 27.43 17.97 7.63 3.45 2.01 1.22 1.31 1.57 2.32 2.63 2.63 2.98 3.22 3.75 4.50 5.32 6.34 7.35 6.78 6.38 5.87 5.65 5.55 5.67 5.74 5.95 6.16 10.50 9.70 7.73 6.73 6.40 6.24 5.85 -9999.00 -9999.00 -9999.00 -9999.00 -9999.00 -9999.00 -9999.00 -9999.00 -9999.00 -9999.00 -9999.00 -9999.00 -9999.00 -9999.00 -9999.00 -9999.00 -9999.00 -9999.00 -9999.00 -9999.00 -9999.00 -9999.00 -9999.00 -9999.00 -9999.00 -9999.00 -9999.00 -9999.00 -9999.00 -9999.00 -9999.00 -9999.00 -9999.00 -9999.00 -9999.00 -9999.00 -9999.00
34.21 25.96 24.09 14.83 5.38 3.03 1.82 1.23 2.07 3.45 4.18 4.05 4.20 5.39 3.96 4.53 4.72 5.56 6.60 7.47 7.12 6.36 5.94 5.74 5.90 6.00 6.08 6.18 6.51 6.63 6.72 6.79 6.81 6.76 6.56 6.46 -9999.00 -9999.00 -9999.00 -9999.00 -9999.00 -9999.00 -9999.00 -9999.00 -9999.00 -9999.00 -9999.00 -9999.00 -9999.00 -9999.00 -9999.00 -9999.00 -9999.00 -9999.00 -9999.00 -9999.00 -9999.00 -9999.00 -9999.00 -9999.00 -9999.00 -9999.00 -9999.00 -9999.00 -9999.00 -9999.00 -9999.00 -9999.00 -9999.00 -9999.00 -9999.00 -9999.00 -9999.00
33.94 25.85 23.68 17.14 6.51 2.09 2.41 1.72 2.91 4.38 5.78 5.35 5.35 6.71 7.00 7.89 8.20 8.39 7.29 6.28 6.79 6.53 6.27 6.12 6.31 6.43 6.54 6.65 6.92 7.10 7.21 7.27 7.30 7.19 7.05 6.91 -9999.00 -9999.00 -9999.00 -9999.00 -9999.00 -9999.00 -9999.00 -9999.00 -9999.00 -9999.00 -9999.00 -9999.00 -9999.00 -9999.00 6.60 5.06 4.38 3.64 3.03 2.48 2.09 1.66 -9999.00 1.17 0.91 -9999.00 -9999.00 -9999.00 -9999.00 -9999.00 -9999.00 -9999.00 -9999.00 -9999.00 -9999.00 -9999.00 -9999.00
26.20 23.53 22.38 12.08 4.04 1.94 2.34 2.36 5.66 9.92 10.68 18.87 23.41 22.34 6.69 7.76 8.24 8.64 7.65 6.38 6.19 6.23 6.37 6.48 6.70 6.85 7.02 7.13 7.25 7.31 7.33 7.36 7.46 7.45 7.67 7.70 -9999.00 -9999.00 -9999.00 -9999.00 -9999.00 -9999.00 -9999.00 -9999.00 -9999.00 -9999.00 -9999.00 4.22 3.74 3.39 3.36 3.00 2.64 2.47 3.03 2.64 2.01 1.75 1.51 1.04 0.85 2.78 -9999.00 -9999.00 -9999.00 -9999.00 -9999.00 -9999.00 -9999.00 -9999.00 -9999.00 -9999.00 -9999.00
25.40 21.89 20.33 9.27 2.49 1.37 3.45 5.41 6.46 13.84 16.69 24.90 28.38 22.67 18.60 13.61 11.93 9.49 6.94 6.42 6.45 6.50 6.77 7.08 7.15 7.41 7.46 7.67 7.71 7.85 7.84 7.93 7.98 7.99 8.13 8.37 8.55 9.71 -9999.00 -9999.00 -9999.00 -9999.00 -9999.00 -9999.00 -9999.00 -9999.00 4.65 4.29 3.87 3.50 3.33 2.85 2.62 2.69 2.36 2.05 1.98 1.52 0.94 0.90 0.74 0.66 -9999.00 -9999.00 -9999.00 -9999.00 -9999.00 -9999.00 -9999.00 -9999.00 -9999.00 -9999.00 -9999.00
18.14 16.30 9.61 3.16 1.62 1.42 1.38 11.51 13.48 16.83 39.87 48.76 47.42 31.65 16.85 12.98 10.80 8.33 6.98 6.64 6.94 7.23 7.48 8.22 8.17 8.69 7.93 8.15 8.26 8.39 8.44 8.54 8.69 8.59 8.72 8.92 9.01 9.41 10.80 -9999.00 -9999.00 -9999.00 -9999.00 -9999.00 -9999.00 -9999.00 4.86 4.26 3.67 3.57 3.19 2.89 2.86 2.32 2.35 1.91 1.58 1.20 0.94 0.79 0.75 -9999.00 -9999.00 -9999.00 -9999.00 -9999.00 -9999.00 -9999.00 -9999.00 -9999.00 -9999.00 -9999.00 -9999.00
1.49 8.16 5.98 1.89 1.13 1.21 1.34 9.00 10.18 18.82 41.12 48.36 46.46 29.79 18.74 13.95 10.99 8.74 8.45 7.40 7.42 7.89 8.06 8.75 8.88 9.09 9.18 9.14 8.80 8.89 9.02 9.25 9.49 9.74 10.95 11.30 10.54 12.43 12.53 -9999.00 -9999.00 -9999.00 -9999.00 7.47 6.09 5.80 5.03 4.49 4.01 3.37 2.96 2.61 2.19 1.89 1.62 1.40 1.39 1.08 0.98 0.82 0.68 -9999.00 -9999.00 -9999.00 -9999.00 -9999.00 -9999.00 -9999.00 -9999.00 -9999.00 -9999.00 -9999.00 -9999.00
1.51 1.21 0.97 1.03 0.00 1.11 1.22 3.92 5.83 13.47 36.12 40.54 26.65 16.93 15.94 14.78 10.87 10.00 9.14 10.36 10.41 10.09 9.91 10.72 11.72 9.57 9.59 9.42 9.61 9.90 10.00 9.92 10.07 10.60 11.82 12.06 11.19 12.13 -9999.00 -9999.00 -9999.00 16.09 13.22 15.77 13.77 12.50 5.65 4.69 4.18 3.80 3.09 2.69 2.24 1.96 1.70 1.44 1.21 0.00 0.00 0.00 -9999.00 -9999.00 -9999.00 -9999.00 -9999.00 -9999.00 -9999.00 -9999.00 -9999.00 -9999.00 -9999.00 -9999.00 -9999.00
0.67 0.98 1.02 0.82 0.00 0.00 0.00 2.36 2.44 2.43 40.78 41.79 26.67 15.65 11.76 13.60 13.92 13.91 16.25 11.07 10.91 10.87 11.37 11.19 12.04 11.02 10.50 10.21 10.01 10.40 10.84 11.25 11.50 12.50 13.58 14.24 16.11 14.59 14.61 -9999.00 18.68 18.44 15.08 15.92 14.72 11.02 8.74 6.43 5.08 4.35 3.49 2.95 2.46 2.09 1.73 1.47 1.25 0.00 0.00 -9999.00 -9999.00 -9999.00 -9999.00 -9999.00 -9999.00 -9999.00 -9999.00 -9999.00 -9999.00 -9999.00 -9999.00 -9999.00 -9999.00
0.67 0.74 0.74 0.78 0.00 0.00 0.00 1.39 2.18 3.36 6.06 7.90 8.79 8.00 12.30 14.49 13.91 13.66 19.85 20.61 15.90 14.55 15.14 13.82 12.50 11.87 10.87 10.91 11.29 11.82 11.61 12.37 12.69 13.96 14.90 14.93 16.60 16.06 16.38 18.24 22.32 26.30 25.03 15.80 14.95 11.45 8.73 6.74 5.12 4.33 3.55 2.99 2.56 2.19 1.78 1.53 1.29 0.00 0.00 -9999.00 -9999.00 -9999.00 -9999.00 -9999.00 -9999.00 -9999.00 -9999.00 -9999.00 -9999.00 -9999.00 -9999.00 -9999.00 -9999.00
