dati/cumulata_oraria_prisma_2018052718.txt
ncols        251
nrows        249
xllcorner         436000.00000
yllcorner        4918000.00000
cellsize           1000.00000
NODATA_value          -9999.00000
[rows 64 to 95 of 249, columns 73 to 145 of 251]
3.39 4.27 5.01 7.14 10.12 9.09 6.24 5.72 5.22 4.93 5.15 5.03 5.36 6.12 7.33 9.91 16.20 25.11 23.24 20.41 19.40 19.39 17.45 12.50 9.21 5.60 4.75 4.45 4.20 3.76 3.52 2.92 2.74 2.63 2.58 2.50 2.45 2.68 2.70 2.66 2.72 2.97 3.13 3.40 3.34 3.58 3.37 3.41 3.32 3.58 3.98 3.68 3.70 3.69 3.88 4.51 4.63 5.44 5.75 6.26 6.41 6.29 6.86 6.61 6.68 6.69 6.70 5.81 6.04 6.08 5.35 5.16 5.02
3.22 3.85 4.91 6.72 7.25 5.82 4.97 4.77 4.67 4.56 4.85 5.18 5.42 6.19 7.03 10.27 21.82 26.88 24.35 26.02 29.85 26.93 21.41 13.98 7.61 5.73 4.95 4.70 3.60 3.12 3.17 2.93 2.76 2.62 2.52 2.47 2.44 2.58 2.56 2.58 2.77 2.77 3.20 3.39 3.35 3.64 3.61 3.47 3.67 3.94 4.18 4.23 4.46 4.39 4.79 5.15 5.48 6.09 6.83 7.19 7.40 7.14 7.10 7.13 6.83 6.35 6.78 5.94 6.81 7.20 5.07 5.01 4.96
3.09 3.71 4.74 5.44 5.37 5.09 4.71 4.58 4.45 4.63 5.15 5.76 5.93 6.08 7.35 11.37 24.57 31.15 39.01 40.86 40.61 31.11 21.03 13.68 8.33 8.48 7.71 5.03 3.77 3.02 3.21 2.98 2.79 2.65 2.56 2.50 2.37 2.34 2.49 2.44 2.65 2.92 3.28 3.30 3.48 3.52 3.77 3.98 4.01 4.49 4.79 4.60 4.59 4.59 4.91 5.52 5.72 6.45 6.86 7.21 7.13 7.39 7.59 7.15 6.53 6.33 7.10 6.27 7.45 7.47 4.98 4.90 4.89
2.96 3.46 4.35 5.30 5.20 4.86 4.51 4.49 4.67 5.06 5.64 6.06 6.09 6.10 8.50 13.30 25.00 31.87 47.65 47.34 42.10 27.70 17.03 11.70 9.69 9.18 8.41 5.23 4.27 3.17 3.16 3.03 2.89 2.68 2.58 2.44 2.33 2.28 2.28 2.61 2.81 3.14 3.04 3.29 3.53 3.85 4.04 4.20 4.11 4.75 5.21 5.05 5.48 5.44 5.63 5.78 6.11 6.35 6.39 6.55 7.72 8.66 7.45 7.29 7.11 6.57 6.98 6.87 5.62 5.46 5.27 5.06 4.84
3.02 3.56 4.46 5.23 4.54 4.36 4.36 4.46 4.81 5.46 5.77 5.59 6.28 7.54 9.70 14.83 26.71 34.16 50.94 47.72 37.07 21.51 14.27 12.53 11.03 10.44 9.52 6.00 4.10 2.87 3.20 3.15 3.00 2.73 2.55 2.35 2.24 2.24 2.35 2.46 2.81 2.71 3.08 3.45 3.39 3.62 4.03 4.22 4.73 5.16 5.62 5.54 5.96 6.06 6.04 6.12 6.57 6.53 6.41 6.55 8.27 9.12 7.08 6.90 6.31 6.09 6.27 6.08 5.23 5.08 4.88 4.95 4.69
3.01 3.78 4.30 4.02 3.87 3.79 4.22 4.50 4.97 5.28 5.24 5.82 7.69 11.16 12.38 15.68 32.64 53.18 62.72 50.25 32.70 18.89 12.08 13.76 12.19 9.98 9.58 7.54 4.16 2.97 2.95 3.24 2.85 2.75 2.52 2.34 2.63 2.34 2.28 2.44 2.53 2.59 2.93 3.37 3.25 3.48 3.84 4.27 4.80 5.32 5.51 5.79 6.08 5.52 5.38 5.40 5.22 5.20 5.31 5.31 6.19 6.45 5.58 5.49 5.15 5.00 4.83 4.74 4.74 4.66 4.64 4.63 4.49
2.77 3.32 3.25 3.20 3.30 3.61 3.84 4.79 4.84 5.53 5.60 7.54 10.27 15.00 17.80 21.60 42.32 60.03 64.57 45.77 27.81 13.67 8.36 13.39 13.08 11.01 8.50 7.47 6.11 4.03 3.08 3.04 3.36 3.39 2.45 2.45 2.97 2.52 2.30 2.39 2.40 2.39 2.75 3.06 3.19 3.48 3.69 4.28 4.86 5.21 5.66 5.56 5.76 5.59 5.71 5.53 5.60 5.75 5.69 5.95 6.29 6.92 6.73 6.22 6.05 5.66 5.57 4.91 4.83 4.84 4.82 4.68 4.46
2.61 2.79 2.80 2.93 3.01 3.44 3.61 4.71 5.37 6.19 7.67 11.05 16.95 24.34 33.39 46.77 73.07 74.78 54.32 36.95 24.99 11.44 8.89 11.42 13.62 11.83 8.53 7.62 6.26 4.74 3.65 2.79 2.86 3.19 2.32 2.37 2.55 2.36 2.24 2.17 2.25 2.26 2.38 2.67 2.95 3.50 3.51 4.08 4.33 4.59 4.94 5.72 5.71 5.43 5.71 5.43 5.77 5.81 5.89 6.14 6.29 6.78 6.60 6.16 5.73 5.50 5.42 4.75 4.66 4.68 4.63 4.52 4.31
2.48 2.59 2.63 2.82 3.25 3.40 4.80 4.98 7.17 7.97 11.45 20.49 37.46 49.17 56.80 73.35 82.31 72.78 46.49 30.62 21.99 13.37 10.08 11.20 14.91 13.72 9.70 8.01 5.21 4.95 4.09 2.92 2.59 2.39 2.18 2.16 2.21 2.08 2.00 1.91 1.94 2.10 2.23 2.36 2.71 3.07 3.15 3.30 3.46 3.96 4.31 5.50 5.67 5.27 5.47 5.56 5.86 5.77 5.68 5.78 6.14 6.06 6.23 5.86 5.40 5.19 5.04 4.51 4.59 4.57 4.36 4.34 4.33
2.43 2.45 2.53 2.64 3.06 3.41 5.66 5.64 8.04 10.73 20.05 37.67 54.13 59.59 75.05 82.09 78.47 63.61 34.66 25.45 18.00 13.63 13.43 13.31 15.93 15.73 10.95 8.34 5.43 4.31 3.16 2.56 2.03 2.12 2.06 2.00 2.03 1.99 1.86 1.80 1.87 2.01 2.17 2.26 2.56 2.89 3.13 3.10 3.08 3.41 3.76 4.19 4.17 3.87 3.91 3.70 3.76 3.75 3.80 3.86 3.93 3.85 3.82 3.88 3.92 4.01 4.05 4.05 4.00 4.06 3.90 3.90 3.94
2.43 2.46 2.54 2.93 3.30 4.64 5.50 7.59 11.54 18.20 33.82 54.85 59.22 72.84 82.88 84.34 73.39 49.77 25.23 20.18 15.57 12.23 12.11 13.16 15.27 15.15 11.76 8.59 6.56 4.29 3.03 2.21 1.80 1.71 1.68 1.65 1.67 1.66 1.59 1.55 1.52 1.61 1.77 2.20 2.36 2.69 2.93 2.91 2.97 3.21 3.37 3.97 4.12 4.03 4.39 4.22 3.93 3.97 4.21 4.35 4.27 4.09 3.90 3.76 3.75 3.68 3.73 3.66 3.55 3.53 3.58 3.55 3.57
2.46 2.43 2.57 2.98 3.43 4.61 4.84 6.95 13.96 32.07 50.92 54.45 65.32 81.93 87.14 70.76 48.56 26.94 18.82 16.08 13.26 11.23 12.09 13.43 15.16 12.86 10.42 7.87 6.03 3.99 2.89 2.17 1.81 1.60 1.58 1.54 1.58 1.61 1.55 1.52 1.48 1.49 1.65 1.82 2.04 2.27 2.41 2.43 2.49 2.78 2.95 3.66 4.07 4.07 4.62 4.70 4.16 4.35 4.47 4.79 4.71 4.42 4.29 4.26 4.38 4.27 4.40 4.01 4.01 3.84 3.91 3.69 3.68
2.48 2.51 2.82 3.37 4.41 4.61 5.36 7.49 17.00 37.10 49.95 54.15 63.25 79.12 71.74 62.44 38.65 23.53 17.16 15.88 12.19 13.66 15.64 17.82 17.35 12.77 10.20 6.38 4.76 3.11 2.28 1.72 1.65 1.47 1.51 1.56 1.61 1.69 1.45 1.41 1.42 1.46 1.61 1.85 2.06 2.15 2.25 2.32 2.53 2.61 2.85 3.25 4.47 4.35 4.94 4.75 4.41 4.78 4.79 5.13 5.15 5.19 4.77 4.63 4.55 4.82 4.47 4.09 4.09 3.92 3.73 3.54 3.50
2.41 2.47 2.90 3.41 4.26 4.39 5.88 8.76 21.74 44.67 49.65 59.01 68.62 72.06 64.34 46.13 32.08 20.72 15.69 15.73 10.19 16.55 19.40 21.27 19.08 14.70 9.79 6.04 4.35 2.86 2.04 1.53 1.48 1.43 1.37 1.44 1.57 1.58 1.47 1.36 1.33 1.38 1.60 1.85 2.00 2.02 2.17 2.42 2.58 2.78 2.93 3.07 4.02 3.36 3.37 3.73 3.73 3.95 3.99 4.15 4.09 4.20 4.17 4.28 4.65 4.90 4.56 4.25 4.08 4.42 4.34 4.00 3.56
2.49 2.91 3.20 4.40 4.15 4.18 5.33 7.36 19.64 36.60 49.84 62.39 67.91 67.10 52.21 33.91 23.60 15.49 14.27 9.87 8.19 22.46 25.51 22.41 18.57 14.05 9.67 5.28 3.88 2.73 1.98 1.65 1.59 1.38 1.37 1.44 1.49 1.71 1.49 1.31 1.24 1.31 1.54 1.70 1.85 1.94 2.12 2.34 2.46 2.79 2.77 3.07 3.27 3.32 3.36 3.46 3.56 3.66 3.81 4.05 3.73 3.79 3.86 4.13 4.19 3.83 3.60 3.68 4.01 4.17 3.62 3.36 3.16
2.47 2.62 3.82 4.66 4.36 4.27 4.56 9.05 18.26 41.01 55.59 66.72 71.95 58.15 41.84 22.71 15.79 13.95 12.32 7.79 11.49 25.02 27.11 20.26 13.41 10.62 6.53 4.24 3.29 2.22 1.68 1.47 1.40 1.42 1.44 1.56 1.68 1.88 1.75 1.36 1.21 1.29 1.46 1.60 1.73 1.89 1.99 2.13 2.23 2.57 2.60 3.07 2.95 3.05 3.07 3.14 3.35 3.52 3.55 3.51 3.46 3.53 3.58 3.69 3.94 3.41 3.44 3.78 4.10 3.77 3.24 3.08 3.09
2.29 2.15 2.46 3.34 3.07 3.37 3.56 9.41 23.04 43.12 60.71 70.17 74.61 52.47 23.15 11.60 7.61 9.71 6.94 7.32 19.25 27.43 25.00 16.58 9.41 8.37 5.24 3.62 2.55 1.86 1.43 1.34 1.25 1.29 1.33 1.52 1.72 1.83 1.66 1.45 1.32 1.40 1.58 1.68 1.88 1.91 2.00 2.00 2.10 2.23 2.63 3.36 2.63 3.03 3.01 3.14 3.21 3.37 3.45 3.26 3.09 3.11 3.27 3.54 3.64 3.22 3.44 3.62 3.53 3.16 2.95 2.84 2.93
1.98 1.82 1.95 1.87 2.47 2.41 4.94 8.97 17.82 30.71 59.10 73.28 71.03 31.91 13.23 5.60 4.71 5.89 4.58 4.99 12.38 22.68 17.82 12.36 6.22 4.23 2.80 2.73 1.90 1.43 1.17 1.10 1.15 1.14 1.14 1.29 1.53 1.77 1.65 1.45 1.35 1.36 1.47 1.56 1.79 1.81 1.88 2.04 2.12 2.27 2.27 2.37 2.59 2.70 2.51 2.56 2.91 3.03 3.19 3.06 2.95 2.93 3.07 3.34 3.16 3.05 3.22 3.29 3.09 2.94 2.81 2.69 2.77
1.73 1.66 1.69 1.66 1.88 2.03 3.11 7.29 9.91 29.76 55.47 74.81 45.91 30.26 12.24 3.96 2.82 3.53 2.91 4.24 10.27 9.61 9.85 8.19 4.49 2.65 2.34 2.97 1.93 1.13 0.92 0.90 0.88 0.93 0.93 1.13 1.48 1.58 1.51 1.40 1.34 1.32 1.37 1.37 1.59 1.66 1.73 1.83 1.97 2.04 2.09 2.26 2.27 2.36 2.36 2.44 2.50 2.91 2.92 2.51 2.40 2.52 2.81 2.67 2.75 2.73 2.98 3.14 2.91 2.60 2.80 2.47 2.43
1.66 1.59 1.52 1.55 1.62 1.86 2.37 5.39 6.84 15.82 44.28 52.63 35.80 15.04 5.57 1.87 1.89 2.89 3.12 3.96 4.05 4.40 3.41 2.38 1.57 1.48 2.52 2.89 1.44 1.05 0.86 0.79 0.83 0.77 0.73 0.83 1.30 1.63 1.53 1.40 1.43 1.36 1.18 1.27 1.41 1.45 1.45 1.64 1.72 1.79 1.95 2.01 2.17 2.15 2.24 2.33 2.39 2.49 2.32 2.20 2.35 2.62 2.73 2.40 2.41 2.56 2.41 2.39 2.31 2.31 2.20 2.27 2.26
1.58 1.52 1.45 1.37 1.44 1.62 2.40 3.98 4.93 10.32 16.37 22.40 14.25 5.82 2.65 1.14 1.32 2.18 3.01 3.22 2.38 2.20 1.71 1.12 0.88 1.30 3.46 2.86 1.43 0.95 0.74 0.75 0.76 0.70 0.67 0.94 1.47 1.57 1.71 1.68 1.56 1.55 1.18 1.13 1.16 1.24 1.28 1.33 1.59 1.66 1.74 1.81 1.93 1.98 2.17 2.21 2.14 2.09 2.18 2.09 2.22 2.51 2.32 2.34 2.24 2.22 2.20 2.24 2.21 2.19 2.07 1.98 1.94
1.51 1.45 1.38 1.30 1.22 1.45 2.03 2.66 2.70 3.54 6.57 6.42 4.20 2.88 1.21 0.81 1.26 2.53 3.68 3.46 1.75 1.33 0.82 0.62 0.64 2.01 3.47 2.02 1.31 0.92 0.70 0.66 0.65 0.70 0.67 0.93 1.58 1.93 2.25 2.33 1.87 1.39 1.07 0.91 0.86 1.10 1.14 1.22 1.39 1.48 1.59 1.62 1.83 1.84 1.85 2.01 2.02 1.91 1.98 2.12 2.22 2.23 2.35 2.28 2.15 2.12 2.11 2.20 2.06 2.01 1.86 1.72 1.72
1.43 1.37 1.31 1.24 1.16 1.33 1.36 1.32 1.41 1.66 1.76 1.32 1.84 1.32 0.99 0.71 1.50 3.60 4.41 3.61 2.06 0.84 0.50 0.41 0.79 2.54 2.59 1.71 1.26 1.00 0.71 0.58 0.60 0.63 0.61 0.70 1.61 2.39 2.59 2.55 2.49 1.60 1.06 0.87 0.82 0.89 0.90 0.99 1.18 1.40 1.50 1.66 1.62 1.66 1.68 1.77 1.79 1.74 1.73 1.90 1.95 1.97 1.89 2.15 2.00 2.16 2.06 1.83 1.78 1.83 1.70 1.62 1.64
1.35 1.30 0.00 0.00 0.00 0.00 0.00 0.00 1.01 0.95 0.85 0.87 0.99 0.79 0.66 0.66 1.98 3.96 4.63 3.65 1.28 0.50 0.39 0.35 0.62 1.52 1.61 1.19 1.18 1.00 0.67 0.53 0.56 0.59 0.64 0.64 1.20 2.14 3.11 2.60 2.40 1.22 0.94 0.83 0.83 0.81 0.85 0.91 1.05 1.18 1.24 1.28 1.60 1.54 1.51 1.53 1.46 1.43 1.58 1.64 1.82 1.65 1.61 1.55 1.52 1.59 1.74 1.73 1.68 1.65 1.57 1.46 1.52
1.27 0.00 0.00 0.00 0.00 0.00 0.00 0.00 0.00 0.00 0.00 0.00 0.68 0.65 0.62 0.64 1.05 2.11 3.43 2.25 0.82 0.42 0.33 0.32 0.43 1.01 1.21 1.17 1.13 0.85 0.59 0.48 0.56 0.54 0.59 0.63 1.13 2.52 3.37 2.24 1.95 1.23 1.11 1.01 0.78 0.77 0.78 0.92 1.02 1.08 1.15 1.22 1.34 1.53 1.39 1.39 1.41 1.45 1.48 1.48 1.45 1.43 1.38 1.39 1.38 1.51 1.46 1.38 1.35 1.35 1.24 1.18 1.28
0.00 0.00 0.00 0.00 0.00 0.00 0.00 0.00 0.00 0.00 0.00 0.00 0.57 0.53 0.60 0.63 0.86 1.45 1.77 1.07 0.62 0.39 0.28 0.36 0.44 0.68 0.95 1.11 0.95 0.66 0.49 0.46 0.53 0.49 0.53 0.71 1.20 2.76 3.93 2.37 1.40 0.97 0.72 0.69 0.68 0.95 0.95 0.85 0.94 1.02 1.14 1.20 1.20 1.10 1.02 1.18 1.37 1.55 1.62 1.69 1.51 1.45 1.32 1.22 1.21 1.22 1.16 1.14 1.20 1.20 1.15 1.01 1.03
0.00 0.00 0.00 0.00 0.00 0.00 0.00 0.00 0.00 0.00 0.00 0.00 0.00 0.56 0.52 0.62 0.67 0.97 1.25 0.71 0.46 0.34 0.32 0.42 0.53 1.10 1.52 1.12 1.37 0.53 0.40 0.39 0.46 0.43 0.50 0.76 2.04 3.73 4.09 2.09 0.98 0.75 0.64 0.61 0.59 0.58 0.62 0.71 0.84 1.20 1.22 1.09 1.05 1.03 1.03 1.22 1.38 1.51 1.41 1.36 1.49 1.42 1.41 1.35 1.27 1.16 1.15 1.08 1.06 1.02 0.96 0.86 0.88
0.00 0.00 0.00 0.00 0.00 0.00 0.00 0.00 0.00 0.00 0.00 0.00 0.00 0.59 0.56 0.53 0.62 0.82 0.90 0.57 0.42 0.40 0.38 0.36 0.74 1.42 1.43 1.53 1.13 0.64 0.34 0.34 0.38 0.41 0.52 0.95 2.73 4.90 4.09 2.56 0.84 0.64 0.55 0.54 0.53 0.56 0.59 0.63 0.73 0.82 0.90 0.86 0.96 0.99 1.03 1.23 1.38 1.57 1.56 1.42 1.34 1.24 1.31 1.14 1.22 1.20 1.19 1.15 1.04 0.96 0.91 0.80 0.85
0.00 0.00 0.00 0.00 0.00 0.00 0.00 0.00 0.00 0.00 0.00 0.00 0.00 0.63 0.61 0.59 0.57 0.55 0.53 0.51 0.49 0.47 0.45 0.43 0.95 1.19 1.27 1.21 0.92 0.45 0.28 0.26 0.39 0.38 0.50 1.60 3.17 4.81 4.27 1.58 0.67 0.56 0.53 0.53 0.51 0.49 0.54 0.59 0.68 0.75 0.75 0.80 1.14 1.18 1.14 1.25 1.45 1.56 1.62 1.47 1.33 1.28 1.28 1.15 1.14 1.17 1.14 0.91 1.01 0.91 0.90 0.86 0.83
0.00 0.00 0.00 0.00 0.00 0.00 0.00 0.00 0.00 0.00 0.00 0.00 0.00 0.68 0.66 0.64 0.63 0.61 0.60 0.58 0.56 0.54 0.52 0.50 0.81 1.00 0.98 0.78 0.54 0.36 0.33 0.31 0.28 0.36 0.60 1.30 2.60 4.21 3.03 0.89 0.55 0.52 0.57 0.54 0.49 0.48 0.51 0.52 0.64 0.70 0.74 0.76 0.84 0.92 1.08 1.52 1.64 1.65 1.54 1.52 1.45 1.35 1.27 1.16 1.08 1.13 1.16 1.05 1.03 0.98 0.92 0.95 0.84
0.00 0.00 0.00 0.00 0.00 0.00 0.00 0.00 0.00 0.00 0.00 0.00 0.00 0.73 0.72 0.71 0.70 0.69 0.67 0.66 0.64 0.62 0.60 0.58 0.56 0.74 0.80 0.60 0.45 0.42 0.39 0.36 0.33 0.41 0.53 1.03 2.43 3.62 2.35 0.55 0.46 0.48 0.48 0.48 0.47 0.51 0.49 0.49 0.58 0.59 0.57 0.63 0.77 0.86 1.00 1.09 1.14 1.17 1.77 1.75 1.68 1.68 1.22 1.13 1.05 1.10 1.12 1.07 1.02 0.92 0.95 1.01 0.86
0.00 0.00 0.00 0.00 0.00 0.00 0.00 0.00 0.00 0.00 0.00 0.00 0.00 0.78 0.78 0.77 0.77 0.76 0.75 0.74 0.73 0.71 0.69 0.67 0.64 0.61 0.58 0.55 0.51 0.48 0.45 0.41 0.38 0.35 0.53 0.67 1.85 2.43 1.66 0.72 0.41 0.38 0.39 0.39 0.47 0.46 0.45 0.45 0.62 0.53 0.54 0.68 0.76 0.84 0.91 0.98 1.04 1.07 1.13 1.20 1.18 1.65 1.28 1.29 1.23 1.04 1.08 1.15 1.03 0.97 0.92 0.90 0.72
