dati/cumulata_oraria_prisma_2018052806.txt
ncols        251
nrows        249
xllcorner         436000.00000
yllcorner        4918000.00000
cellsize           1000.00000
NODATA_value          -9999.00000
[rows 64 to 95 of 249, columns 73 to 145 of 251]
0.80 0.63 0.61 0.65 0.65 0.63 0.69 0.79 0.99 1.12 1.43 1.48 1.79 1.90 2.30 2.40 2.91 3.30 3.59 4.10 4.39 4.34 4.66 4.43 5.08 4.70 5.72 5.77 4.90 6.79 6.22 5.79 5.11 4.81 4.65 4.32 4.22 4.16 4.18 4.20 3.58 3.44 3.27 3.34 3.09 3.06 3.36 3.06 2.87 2.88 2.92 2.59 2.56 2.68 2.61 2.55 2.50 2.33 2.13 1.77 1.72 1.65 1.58 1.49 1.40 1.30 1.20 1.10 1.01 0.92 0.83 0.75 0.68
0.76 0.74 0.63 0.57 0.57 0.52 0.64 0.71 0.78 0.90 1.24 1.46 1.69 1.93 2.18 2.58 3.09 3.08 3.67 3.89 4.49 4.64 5.10 5.28 4.41 4.42 5.18 3.71 3.75 4.46 5.69 6.02 5.42 5.12 4.76 4.62 4.51 4.53 4.71 4.41 3.96 3.63 3.36 3.52 3.36 3.47 3.91 3.71 3.43 3.36 3.32 3.04 2.95 3.19 3.15 2.95 2.93 2.69 2.32 2.00 1.78 1.71 1.64 1.55 1.46 1.36 1.26 1.17 1.07 0.98 0.90 0.82 0.75
0.81 0.71 0.58 0.53 0.50 0.47 0.54 0.63 0.78 0.89 1.18 1.44 1.69 1.96 2.26 2.87 3.13 3.48 3.94 4.54 5.03 4.95 5.22 5.26 4.85 5.64 5.88 4.25 3.97 4.29 5.43 6.18 5.83 5.56 5.17 5.04 4.79 4.81 4.84 4.63 4.06 3.97 3.52 3.64 3.63 3.76 4.10 4.14 3.89 3.80 3.75 3.21 3.22 3.45 3.65 3.51 3.27 3.06 2.65 2.21 1.98 1.76 1.68 1.60 1.51 1.41 1.32 1.22 1.13 1.04 0.96 0.89 0.82
0.80 0.79 0.67 0.57 0.48 0.42 0.46 0.57 0.74 0.88 1.15 1.38 1.60 1.98 2.44 2.97 3.23 3.01 3.63 4.35 4.79 4.74 5.08 4.84 5.07 5.90 5.85 4.75 4.53 4.25 4.93 6.53 6.18 5.66 5.61 5.35 5.02 5.13 5.08 5.04 4.58 4.19 3.86 3.84 3.77 3.71 4.25 4.40 4.14 4.20 3.96 3.65 3.61 3.79 4.15 3.80 3.49 3.27 3.02 2.59 2.26 2.11 1.71 1.63 1.55 1.46 1.37 1.28 1.19 1.10 1.02 0.95 0.88
0.79 0.85 0.75 0.61 0.51 0.35 0.38 0.49 0.67 0.81 1.07 1.38 1.65 1.95 2.51 3.05 3.19 2.78 3.39 4.24 4.65 4.61 4.90 4.94 5.13 5.88 6.08 4.96 5.04 4.09 4.55 6.40 6.39 6.03 5.64 5.60 5.42 5.44 5.25 5.16 4.69 4.37 3.88 3.77 3.53 3.78 4.42 4.07 4.09 4.29 4.50 3.90 3.89 4.13 4.31 4.26 3.82 3.41 3.25 2.72 2.42 2.30 1.86 1.66 1.58 1.49 1.40 1.32 1.23 1.15 1.08 1.01 0.95
0.85 0.84 0.77 0.63 0.52 0.31 0.31 0.38 0.55 0.66 0.91 1.28 1.55 1.98 2.36 2.91 3.05 3.25 3.88 4.11 4.53 3.94 4.61 4.96 5.06 5.68 5.90 5.85 5.68 4.49 4.73 6.20 6.52 6.57 5.84 5.71 6.02 5.50 5.37 4.99 4.77 4.29 4.05 3.81 3.78 3.84 4.43 4.20 4.09 4.30 4.78 4.56 4.51 4.18 4.41 4.46 4.32 3.90 3.57 2.89 2.64 2.58 1.94 1.67 1.59 1.52 1.43 1.35 1.45 1.33 1.13 1.07 1.01
0.87 0.86 0.76 0.61 0.52 0.28 0.25 0.26 0.37 0.48 0.71 1.02 1.46 1.78 2.31 2.56 3.14 3.44 3.71 4.16 4.27 3.44 3.55 4.78 5.05 5.10 5.40 5.75 5.83 5.50 4.69 5.79 6.83 7.46 6.29 6.01 6.39 5.83 5.42 5.06 4.62 4.60 4.11 4.07 3.95 4.08 4.52 4.39 3.99 4.70 5.42 5.24 4.99 4.46 4.79 5.04 4.87 4.78 4.06 3.31 2.77 2.51 2.12 1.80 1.60 1.53 1.46 1.53 1.61 1.50 1.31 1.12 1.07
0.85 0.84 0.69 0.53 0.46 0.26 0.21 0.18 0.25 0.33 0.53 0.87 1.33 1.70 1.97 2.51 2.93 3.17 3.52 3.97 3.97 3.47 3.33 4.24 5.23 5.29 5.54 5.89 6.05 6.14 5.14 6.19 6.38 6.68 6.33 6.29 6.30 5.86 5.41 5.12 4.77 4.45 4.15 3.95 4.12 4.07 4.41 4.33 4.16 4.19 5.09 5.66 5.60 5.08 5.12 5.33 5.53 5.00 4.56 3.62 3.13 2.75 2.21 1.85 1.66 1.54 1.56 1.58 1.66 1.53 1.35 1.17 1.13
0.90 0.90 0.56 0.48 0.42 0.22 0.17 0.00 0.00 0.25 0.41 0.68 1.05 1.44 1.77 2.20 2.58 3.08 3.34 3.90 3.95 3.80 3.71 3.97 5.03 5.20 6.14 6.16 5.43 5.92 5.58 5.96 6.49 6.22 6.17 6.38 6.00 5.66 5.22 4.94 4.72 4.39 4.14 4.08 4.13 4.23 4.41 4.26 4.00 4.15 4.67 5.75 5.77 5.52 5.32 5.62 5.72 5.16 4.65 3.79 3.28 2.81 2.44 1.92 1.71 1.64 1.62 1.65 1.91 1.72 1.50 1.33 1.18
0.98 0.91 0.66 0.54 0.44 0.16 0.00 0.00 0.00 0.17 0.32 0.52 0.87 1.27 1.71 2.02 2.32 2.81 3.17 3.59 3.81 4.04 4.19 4.42 4.93 5.34 6.41 6.56 5.59 6.29 5.93 6.20 5.98 6.18 6.47 6.62 6.08 5.78 5.05 4.94 4.68 4.52 4.33 4.27 4.37 4.32 4.69 4.47 4.06 4.12 4.50 5.00 5.23 4.94 4.88 4.61 4.80 4.18 3.91 3.48 3.19 2.80 2.39 2.03 1.75 1.65 1.62 1.65 1.93 1.93 1.77 1.44 1.23
1.04 0.80 0.62 0.52 0.36 0.00 0.00 0.00 0.00 0.00 0.28 0.46 0.74 1.08 1.42 1.74 2.14 2.53 3.07 3.42 3.67 3.97 4.19 4.45 4.90 5.97 6.66 6.67 5.80 6.54 6.36 6.51 6.30 5.86 6.07 6.35 5.80 5.29 5.05 4.65 4.41 4.17 4.15 4.36 4.47 4.47 5.08 4.83 4.29 4.23 4.48 5.12 5.77 5.25 5.51 5.10 5.04 4.51 4.27 3.80 3.68 3.18 2.59 2.22 1.73 1.64 1.61 1.61 1.95 2.20 1.87 1.55 1.38
1.11 0.78 0.68 0.53 0.33 0.00 0.00 0.00 0.00 0.00 0.25 0.41 0.64 0.91 1.28 1.71 2.04 2.32 2.74 3.19 3.54 3.84 4.09 4.32 5.04 5.85 6.90 7.08 6.49 6.70 6.88 7.14 6.98 6.47 6.42 6.42 5.90 5.51 5.03 4.86 4.49 4.38 4.26 4.19 4.23 4.20 4.52 4.36 4.17 3.88 4.16 5.10 5.59 5.49 5.90 5.73 4.98 4.86 4.56 4.17 3.91 3.72 3.17 2.74 2.04 1.80 1.70 1.71 1.86 2.02 2.13 1.79 1.51
1.11 0.87 0.72 0.48 0.23 0.00 0.00 0.00 0.00 0.00 0.23 0.37 0.58 0.78 1.10 1.57 1.91 2.09 2.41 3.00 3.21 3.76 4.03 4.52 5.12 5.77 6.81 7.72 8.12 7.61 7.16 7.10 7.54 7.07 6.66 6.33 5.89 5.41 5.14 5.05 4.78 4.44 4.39 4.38 4.39 4.35 4.56 4.45 4.36 4.17 3.95 4.38 5.30 5.92 6.34 6.40 5.30 5.13 4.88 4.61 4.47 4.34 4.05 3.44 2.45 1.99 1.83 1.81 1.87 2.00 2.16 1.81 1.56
1.15 0.90 0.79 0.52 0.27 0.00 0.00 0.00 0.00 0.00 0.22 0.33 0.53 0.75 1.03 1.47 1.88 1.85 2.29 2.83 2.94 3.94 4.13 4.46 5.05 5.94 7.00 7.96 8.72 8.70 7.60 7.45 7.83 6.95 6.62 6.23 5.73 5.46 5.15 5.12 4.82 4.62 4.40 4.46 4.55 4.68 4.75 4.79 4.57 4.48 4.35 4.24 4.81 4.77 4.40 4.65 4.62 4.38 4.09 4.26 4.08 3.87 3.71 3.17 2.51 2.05 1.87 1.87 1.91 1.93 2.02 1.95 1.76
1.15 1.23 0.86 0.61 0.35 0.19 0.00 0.00 0.00 0.00 0.21 0.35 0.49 0.70 0.98 1.51 1.68 1.84 2.48 2.67 3.14 3.80 4.17 4.67 5.14 6.10 6.77 8.06 9.39 9.14 8.79 8.47 7.62 6.99 6.62 6.14 5.68 5.42 5.17 5.01 5.02 4.57 4.40 4.56 4.53 4.59 4.92 5.01 4.96 6.13 5.37 4.23 4.10 4.84 4.51 4.66 4.43 4.30 4.04 4.06 4.24 3.83 3.69 3.38 2.98 2.39 1.97 1.98 1.93 1.90 1.94 2.00 1.92
1.13 1.33 0.94 0.72 0.56 0.32 0.19 0.00 0.00 0.00 0.21 0.42 0.50 0.73 0.95 1.37 1.76 1.99 2.51 2.67 2.86 3.67 4.19 4.72 5.57 6.04 6.60 8.19 9.37 9.18 9.29 8.61 7.93 7.18 6.88 6.08 5.93 5.48 5.36 5.11 5.01 4.54 4.22 4.32 4.42 4.92 4.81 4.94 4.97 6.05 5.89 4.69 4.07 4.98 4.34 4.69 4.45 4.42 3.80 3.65 3.96 3.78 3.71 4.19 3.40 2.67 2.13 2.24 1.90 1.99 2.01 1.96 1.88
1.25 1.38 1.08 0.87 0.73 0.48 0.29 0.18 0.00 0.20 0.27 0.47 0.57 0.80 1.01 1.27 1.73 2.25 2.72 2.70 3.09 3.45 4.07 4.67 5.37 5.97 6.43 7.72 9.38 9.38 9.79 9.35 8.52 7.18 6.55 6.10 5.82 5.46 5.32 5.22 5.15 4.70 4.37 4.40 4.51 5.09 5.04 4.83 4.97 5.54 5.65 4.91 3.90 5.39 4.81 4.71 4.74 4.72 4.05 3.35 3.52 3.61 3.81 4.19 3.62 2.95 2.23 2.54 2.53 2.32 2.43 2.31 2.40
1.34 1.55 1.22 1.06 0.76 0.50 0.39 0.23 0.00 0.00 0.32 0.53 0.58 0.77 1.03 1.41 1.75 2.27 3.03 2.88 2.99 3.41 4.43 5.15 5.70 6.25 6.71 8.14 9.37 10.26 10.72 10.10 8.92 7.32 6.28 5.85 5.54 5.40 5.35 5.20 5.06 4.79 4.28 4.25 4.64 5.41 5.26 5.27 5.24 6.75 5.35 4.20 3.66 5.01 4.57 4.16 4.38 4.35 3.86 3.21 3.61 3.75 3.82 3.82 3.85 3.71 3.41 3.17 2.96 2.59 2.51 2.31 2.32
1.45 1.57 1.31 1.15 0.83 0.75 0.37 0.42 0.00 0.00 0.37 0.56 0.55 0.73 0.91 1.39 1.85 2.32 2.98 2.58 3.13 3.83 4.71 5.51 6.16 6.50 6.93 8.37 9.54 11.34 11.48 10.49 9.35 7.41 6.25 5.54 5.37 5.28 5.14 4.92 4.87 4.68 4.27 4.14 4.43 5.17 5.34 5.26 5.35 6.06 5.51 4.35 4.09 4.42 4.15 4.14 3.78 4.13 3.46 3.08 3.09 3.26 3.65 3.67 3.70 3.71 3.65 3.15 3.04 2.87 2.55 2.38 2.62
1.54 1.68 1.58 1.63 1.36 0.98 0.59 0.53 0.32 0.00 0.40 0.52 0.58 0.67 0.97 1.48 2.04 2.36 2.93 2.87 3.59 3.97 5.59 6.23 6.78 8.18 7.74 9.11 10.44 13.03 13.81 12.25 10.81 7.70 6.50 5.43 5.03 4.89 4.79 4.76 4.48 4.17 3.99 4.01 4.65 4.89 5.04 5.41 5.37 5.75 5.51 4.69 4.03 3.97 3.94 3.72 3.51 3.42 3.31 3.22 2.92 3.20 3.60 3.53 3.39 3.70 4.33 4.14 3.93 3.86 3.21 2.68 2.60
1.60 2.07 1.62 1.74 1.67 1.36 0.90 0.75 0.37 0.00 0.33 0.61 0.57 0.65 1.01 1.58 2.04 2.31 2.82 3.37 3.82 5.69 6.43 7.19 7.67 9.30 9.74 9.72 10.79 14.11 14.47 12.74 11.37 8.03 6.51 5.44 4.89 4.57 4.38 4.22 3.97 4.06 3.82 3.65 4.06 4.12 4.88 5.29 5.32 5.56 5.11 4.08 4.09 3.81 3.77 3.70 3.53 3.44 3.08 3.16 2.83 2.96 3.40 3.89 4.13 4.13 4.17 4.99 4.52 3.65 3.18 2.64 2.69
1.82 2.04 2.07 2.05 2.10 1.83 1.19 0.78 0.34 0.18 0.36 0.43 0.53 0.79 1.03 1.58 2.26 2.47 2.55 3.40 4.01 4.92 6.35 7.83 9.18 11.13 10.59 11.28 12.59 15.12 15.25 14.46 12.44 8.43 6.75 5.49 4.80 4.36 4.11 3.93 3.70 3.54 3.29 3.14 3.65 3.94 4.72 5.70 6.01 5.52 4.92 4.18 3.88 3.38 3.25 3.23 3.03 2.92 3.04 3.10 3.06 2.93 3.04 3.93 4.46 4.55 4.11 5.41 5.30 5.30 4.61 3.14 2.45
2.02 2.12 2.36 2.47 2.53 2.33 1.28 0.75 0.36 0.27 0.40 0.61 0.62 0.85 1.08 1.64 2.31 2.48 2.49 3.20 3.93 5.86 6.89 8.16 10.43 11.24 11.97 13.40 14.83 16.08 16.24 16.64 13.62 8.95 6.27 5.25 4.76 4.20 3.88 3.64 3.49 3.19 2.93 2.73 3.28 3.95 4.30 5.48 6.66 5.87 5.76 5.20 3.99 3.45 3.10 2.83 2.81 2.64 2.42 2.34 2.66 2.72 3.05 4.18 5.07 6.08 5.50 6.08 6.31 5.89 5.09 2.62 2.45
1.89 2.01 2.43 2.37 2.43 1.95 1.28 0.77 0.47 0.35 0.47 0.77 0.98 0.96 1.18 1.67 2.11 2.40 2.83 3.12 4.29 5.93 7.59 8.48 10.55 12.00 12.61 15.16 16.42 16.90 18.97 18.98 13.86 9.80 6.45 5.20 4.53 4.00 3.64 3.50 3.25 2.90 2.65 2.62 3.40 4.01 4.33 5.60 8.06 8.07 6.55 5.61 4.19 3.45 2.75 2.65 2.24 2.15 2.09 2.13 2.50 2.52 2.56 3.25 4.52 5.96 6.68 6.43 6.17 6.03 5.05 3.94 2.33
2.05 1.93 2.27 2.37 2.72 2.12 1.57 1.01 0.75 0.57 0.59 0.90 1.03 1.10 1.23 1.79 2.11 2.58 3.05 3.24 4.03 5.86 7.85 8.73 10.59 12.39 12.60 15.59 17.00 16.76 18.35 19.00 16.22 9.19 7.09 5.07 4.28 3.76 3.42 3.13 2.89 2.61 2.47 2.26 2.99 4.04 4.19 5.57 10.61 9.74 6.95 6.18 5.04 3.44 3.05 2.59 2.02 1.92 1.87 1.86 2.00 2.12 2.12 2.80 4.35 6.28 8.18 7.25 6.49 5.04 4.68 3.92 2.63
2.02 1.96 2.14 2.48 2.69 2.51 1.63 1.17 0.79 0.73 0.86 0.96 1.07 1.14 1.47 2.01 2.31 2.72 3.31 3.74 4.17 5.48 6.97 8.71 11.88 14.31 15.54 15.18 17.07 16.54 15.38 15.75 14.90 8.78 7.06 4.77 4.09 3.57 3.20 2.90 2.63 2.35 2.08 1.87 2.09 4.09 3.86 4.87 10.18 11.43 8.18 6.78 4.61 3.33 2.80 1.97 1.81 1.81 1.72 1.56 1.66 1.90 2.03 2.29 3.16 4.14 6.10 7.50 6.27 4.87 4.36 3.67 1.92
2.01 1.88 2.23 2.45 2.64 2.40 1.71 1.32 0.93 0.93 1.07 1.16 1.18 1.33 1.73 2.53 2.57 2.94 3.58 4.22 4.54 5.06 6.41 9.04 11.90 14.02 17.17 16.84 20.13 16.07 13.19 13.39 12.85 9.39 6.75 4.73 3.88 3.34 2.97 2.67 2.38 2.13 1.84 1.60 1.49 2.04 2.22 2.87 7.41 11.15 6.93 5.41 4.64 2.93 2.23 1.48 1.36 1.21 1.17 1.15 1.51 1.53 1.59 1.74 2.01 3.32 5.17 7.37 6.17 4.81 4.34 3.82 2.25
2.00 1.99 2.17 2.38 2.59 2.48 1.97 1.51 1.18 1.27 1.33 1.46 1.48 1.50 2.09 2.90 2.86 3.32 3.94 4.54 5.01 5.05 6.03 9.07 11.88 14.60 16.33 23.76 23.70 18.39 13.50 11.89 11.64 8.69 5.72 4.42 3.59 3.18 2.77 2.37 2.09 1.81 1.54 1.30 1.19 1.41 1.55 1.88 2.98 3.29 4.07 3.12 3.71 2.40 1.76 1.43 1.24 1.06 0.99 1.01 1.12 1.13 1.22 1.36 2.19 2.92 2.91 3.13 3.27 3.50 3.76 3.76 2.10
2.27 2.24 2.23 2.66 2.95 2.84 2.32 1.66 1.45 1.52 1.68 1.85 1.84 1.91 2.28 3.08 2.98 3.56 4.46 4.95 5.09 5.08 6.00 9.17 12.35 14.57 18.66 23.02 23.93 21.05 17.12 11.79 10.51 7.87 4.60 3.76 3.24 2.91 2.47 2.19 1.90 1.63 1.37 1.13 0.92 0.83 0.88 1.63 2.50 2.42 2.91 2.32 3.24 2.37 1.50 1.13 1.01 0.93 0.78 0.86 0.98 0.98 1.08 1.18 1.28 1.47 1.58 1.98 3.21 3.02 3.76 4.31 2.40
2.35 2.46 2.32 2.75 3.36 3.83 2.60 1.80 1.60 1.81 2.01 2.01 2.14 2.49 2.66 3.39 3.27 3.74 4.58 4.77 4.97 5.26 6.40 9.01 12.80 16.52 21.08 25.02 24.92 22.10 18.12 11.69 9.97 6.77 4.23 3.46 2.99 2.58 2.29 2.00 1.72 1.45 1.20 0.97 0.77 0.59 0.63 1.12 1.78 2.82 3.76 3.60 2.34 1.79 1.21 1.02 0.92 0.89 0.69 0.76 0.88 0.84 0.85 0.90 1.07 1.28 1.40 1.42 1.51 1.53 1.89 2.85 2.39
2.57 2.69 2.37 2.82 4.57 4.50 2.80 2.00 1.71 1.93 2.35 2.38 2.54 2.65 2.94 3.35 3.40 3.85 4.57 5.02 4.99 5.28 6.41 8.64 12.55 17.83 22.75 26.54 29.16 22.99 18.26 11.29 8.56 5.55 4.26 3.19 2.68 2.40 2.12 1.83 1.56 1.29 1.05 0.82 0.63 0.46 0.31 0.82 1.29 1.90 3.24 4.63 2.56 1.79 1.02 0.96 0.98 0.74 0.75 0.82 0.84 0.80 0.75 0.85 0.90 0.97 0.97 1.09 1.22 1.47 1.97 1.49 1.12
2.80 2.89 2.69 3.11 4.25 4.32 3.31 2.07 2.06 2.40 2.68 2.72 2.71 2.98 3.60 3.59 3.38 4.05 4.61 5.27 5.20 5.38 6.51 8.79 13.04 18.56 23.56 27.21 30.41 22.20 21.44 12.98 7.52 5.00 3.55 2.95 2.51 2.24 1.95 1.67 1.40 1.14 0.91 0.69 0.50 0.34 0.20 0.00 0.45 1.30 4.93 5.48 2.81 2.04 1.48 1.16 0.86 0.66 0.61 0.68 0.68 0.74 0.75 0.79 0.79 0.81 0.89 1.02 0.94 1.03 1.10 0.91 0.75
