dati/cumulata_oraria_prisma_2018052718.txt
ncols        251
nrows        249
xllcorner         436000.00000
yllcorner        4918000.00000
cellsize           1000.00000
NODATA_value          -9999.00000
[rows 64 to 95 of 249, columns 146 to 218 of 251]
4.96 5.05 5.14 4.97 4.70 4.65 4.59 4.50 4.43 4.40 4.36 4.49 4.40 4.37 4.44 4.48 4.36 4.36 4.31 4.33 4.38 4.38 4.40 4.54 4.56 4.47 4.42 4.45 4.48 4.65 4.61 4.51 4.43 4.22 -9999.00 -9999.00 -9999.00 -9999.00 -9999.00 -9999.00 -9999.00 -9999.00 -9999.00 -9999.00 -9999.00 -9999.00 -9999.00 -9999.00 -9999.00 -9999.00 -9999.00 -9999.00 -9999.00 -9999.00 -9999.00 -9999.00 -9999.00 -9999.00 -9999.00 -9999.00 -9999.00 -9999.00 -9999.00 -9999.00 -9999.00 -9999.00 -9999.00 -9999.00 -9999.00 -9999.00 -9999.00 -9999.00 -9999.00
4.99 4.83 4.76 4.75 4.65 4.55 4.51 4.46 4.39 4.36 4.35 4.48 4.37 4.32 4.32 4.44 4.43 4.33 4.28 4.29 4.36 4.36 4.35 4.37 4.52 4.54 4.46 4.51 4.43 4.66 4.58 4.52 4.39 4.28 -9999.00 -9999.00 -9999.00 -9999.00 -9999.00 -9999.00 -9999.00 -9999.00 -9999.00 -9999.00 -9999.00 -9999.00 -9999.00 -9999.00 -9999.00 -9999.00 -9999.00 -9999.00 -9999.00 -9999.00 -9999.00 -9999.00 -9999.00 -9999.00 -9999.00 -9999.00 -9999.00 -9999.00 -9999.00 -9999.00 -9999.00 -9999.00 -9999.00 -9999.00 -9999.00 -9999.00 -9999.00 -9999.00 -9999.00
4.85 4.79 4.69 4.68 4.59 4.49 4.43 4.37 4.35 4.33 4.30 4.33 4.33 4.31 4.30 4.41 4.31 4.26 4.31 4.21 4.27 4.26 4.32 4.30 4.47 4.49 4.46 4.46 4.42 4.38 4.57 4.55 4.40 4.29 -9999.00 -9999.00 -9999.00 -9999.00 -9999.00 -9999.00 -9999.00 -9999.00 -9999.00 -9999.00 -9999.00 -9999.00 -9999.00 -9999.00 -9999.00 -9999.00 -9999.00 -9999.00 -9999.00 -9999.00 -9999.00 -9999.00 -9999.00 -9999.00 -9999.00 -9999.00 -9999.00 -9999.00 -9999.00 -9999.00 -9999.00 -9999.00 -9999.00 -9999.00 -9999.00 -9999.00 -9999.00 -9999.00 -9999.00
4.79 4.71 4.60 4.69 4.52 4.47 4.40 4.31 4.28 4.25 4.26 4.19 4.30 4.28 4.25 4.28 4.29 4.26 4.28 4.17 4.17 4.22 4.26 4.25 4.27 4.45 4.42 4.43 4.45 4.39 4.58 4.56 4.51 4.29 -9999.00 -9999.00 -9999.00 -9999.00 -9999.00 -9999.00 -9999.00 -9999.00 -9999.00 -9999.00 -9999.00 -9999.00 -9999.00 -9999.00 -9999.00 -9999.00 -9999.00 -9999.00 -9999.00 -9999.00 -9999.00 -9999.00 -9999.00 -9999.00 -9999.00 -9999.00 -9999.00 -9999.00 -9999.00 -9999.00 -9999.00 -9999.00 -9999.00 -9999.00 -9999.00 -9999.00 -9999.00 -9999.00 -9999.00
4.66 4.63 4.50 4.49 4.43 4.38 4.31 4.26 4.20 4.16 4.12 4.06 4.19 4.15 4.15 4.17 4.23 4.19 4.17 4.15 4.04 3.99 4.11 4.11 4.17 4.17 4.29 4.39 4.40 4.37 4.32 4.56 4.50 4.28 -9999.00 -9999.00 -9999.00 -9999.00 -9999.00 -9999.00 -9999.00 -9999.00 -9999.00 -9999.00 -9999.00 -9999.00 -9999.00 -9999.00 -9999.00 -9999.00 -9999.00 -9999.00 -9999.00 -9999.00 -9999.00 -9999.00 -9999.00 -9999.00 -9999.00 -9999.00 -9999.00 -9999.00 -9999.00 -9999.00 -9999.00 -9999.00 -9999.00 -9999.00 -9999.00 -9999.00 -9999.00 -9999.00 -9999.00
4.46 4.47 4.37 4.31 4.30 4.26 4.16 4.12 4.07 4.08 4.02 4.00 3.98 4.07 4.08 4.08 4.11 4.15 4.07 4.09 3.99 3.95 4.07 4.07 4.09 4.14 4.29 4.38 4.30 4.26 4.28 4.24 4.41 -9999.00 -9999.00 -9999.00 -9999.00 -9999.00 -9999.00 -9999.00 -9999.00 -9999.00 -9999.00 -9999.00 -9999.00 -9999.00 -9999.00 -9999.00 -9999.00 -9999.00 -9999.00 -9999.00 -9999.00 -9999.00 -9999.00 -9999.00 -9999.00 -9999.00 -9999.00 -9999.00 -9999.00 -9999.00 -9999.00 -9999.00 -9999.00 -9999.00 -9999.00 -9999.00 -9999.00 -9999.00 -9999.00 -9999.00 -9999.00
4.42 4.45 4.35 4.25 4.22 4.13 4.10 4.08 4.01 4.01 3.99 3.96 3.91 3.97 3.98 3.94 3.97 4.00 4.01 3.99 4.03 3.92 3.96 4.08 4.10 4.09 4.08 4.30 4.22 4.21 4.20 4.14 -9999.00 -9999.00 -9999.00 -9999.00 -9999.00 -9999.00 -9999.00 -9999.00 -9999.00 -9999.00 -9999.00 -9999.00 -9999.00 -9999.00 -9999.00 -9999.00 -9999.00 -9999.00 -9999.00 -9999.00 -9999.00 -9999.00 -9999.00 -9999.00 -9999.00 -9999.00 -9999.00 -9999.00 -9999.00 -9999.00 -9999.00 -9999.00 -9999.00 -9999.00 -9999.00 -9999.00 -9999.00 -9999.00 -9999.00 -9999.00 -9999.00
4.29 4.30 4.22 4.10 4.10 4.05 4.04 4.01 3.97 3.94 3.91 3.86 3.81 3.88 3.89 3.87 3.87 3.89 3.92 3.91 3.96 3.88 3.92 3.97 3.98 3.98 4.01 4.22 4.25 4.14 4.12 4.11 -9999.00 -9999.00 -9999.00 -9999.00 -9999.00 -9999.00 -9999.00 -9999.00 -9999.00 -9999.00 -9999.00 -9999.00 -9999.00 -9999.00 -9999.00 -9999.00 -9999.00 -9999.00 -9999.00 -9999.00 -9999.00 -9999.00 -9999.00 -9999.00 -9999.00 -9999.00 -9999.00 -9999.00 -9999.00 -9999.00 -9999.00 -9999.00 -9999.00 -9999.00 -9999.00 -9999.00 -9999.00 -9999.00 -9999.00 -9999.00 -9999.00
4.09 4.09 4.05 3.97 3.90 3.92 3.92 3.88 3.81 3.84 3.84 3.76 3.76 3.72 3.79 3.83 3.83 3.82 3.88 3.91 3.94 3.91 3.84 3.89 3.96 3.96 3.92 3.97 4.16 4.08 4.08 4.08 -9999.00 -9999.00 -9999.00 -9999.00 -9999.00 -9999.00 -9999.00 -9999.00 -9999.00 -9999.00 -9999.00 -9999.00 -9999.00 -9999.00 -9999.00 -9999.00 -9999.00 -9999.00 -9999.00 -9999.00 -9999.00 -9999.00 -9999.00 -9999.00 -9999.00 -9999.00 -9999.00 -9999.00 -9999.00 -9999.00 -9999.00 -9999.00 -9999.00 -9999.00 -9999.00 -9999.00 -9999.00 -9999.00 -9999.00 -9999.00 -9999.00
3.83 3.83 3.91 3.84 3.75 3.77 3.79 3.73 3.67 3.71 3.73 3.65 3.66 3.64 3.69 3.77 3.78 3.77 3.76 3.83 3.85 3.82 3.72 3.77 3.87 3.84 3.86 3.92 4.08 4.13 4.02 4.06 -9999.00 -9999.00 -9999.00 -9999.00 -9999.00 -9999.00 -9999.00 -9999.00 -9999.00 -9999.00 -9999.00 -9999.00 -9999.00 -9999.00 -9999.00 -9999.00 -9999.00 -9999.00 -9999.00 -9999.00 -9999.00 -9999.00 -9999.00 -9999.00 -9999.00 -9999.00 -9999.00 -9999.00 -9999.00 -9999.00 -9999.00 -9999.00 -9999.00 -9999.00 -9999.00 -9999.00 -9999.00 -9999.00 -9999.00 -9999.00 -9999.00
3.43 3.40 3.44 3.44 3.34 3.50 3.46 3.42 3.38 3.39 3.42 3.35 3.37 3.33 3.34 3.51 3.56 3.55 3.58 3.61 3.65 3.59 3.63 3.56 3.58 3.70 3.69 3.80 4.00 4.03 4.01 4.00 3.98 3.86 -9999.00 -9999.00 -9999.00 -9999.00 -9999.00 -9999.00 -9999.00 -9999.00 -9999.00 -9999.00 -9999.00 -9999.00 -9999.00 -9999.00 -9999.00 -9999.00 -9999.00 -9999.00 -9999.00 -9999.00 -9999.00 -9999.00 -9999.00 -9999.00 -9999.00 -9999.00 -9999.00 -9999.00 -9999.00 -9999.00 -9999.00 -9999.00 -9999.00 -9999.00 -9999.00 -9999.00 -9999.00 -9999.00 -9999.00
3.67 3.64 3.60 3.49 3.42 3.35 3.40 3.30 3.22 3.26 3.30 3.19 3.21 3.21 3.18 3.37 3.41 3.44 3.46 3.51 3.55 3.47 3.52 3.44 3.50 3.56 3.60 3.63 3.74 3.94 3.91 3.91 3.84 3.79 -9999.00 -9999.00 -9999.00 -9999.00 -9999.00 -9999.00 -9999.00 -9999.00 -9999.00 -9999.00 -9999.00 -9999.00 -9999.00 -9999.00 -9999.00 -9999.00 -9999.00 -9999.00 -9999.00 -9999.00 -9999.00 -9999.00 -9999.00 -9999.00 -9999.00 -9999.00 -9999.00 -9999.00 -9999.00 -9999.00 -9999.00 -9999.00 -9999.00 -9999.00 -9999.00 -9999.00 -9999.00 -9999.00 -9999.00
3.50 3.46 3.40 3.41 3.33 3.35 3.38 3.36 3.31 3.26 3.21 3.15 3.13 3.11 3.08 3.16 3.33 3.33 3.34 3.37 3.36 3.41 3.41 3.45 3.38 3.41 3.44 3.53 3.54 3.72 3.68 3.71 3.59 3.55 -9999.00 -9999.00 -9999.00 -9999.00 -9999.00 -9999.00 -9999.00 -9999.00 -9999.00 -9999.00 -9999.00 -9999.00 -9999.00 -9999.00 -9999.00 -9999.00 -9999.00 -9999.00 -9999.00 -9999.00 -9999.00 -9999.00 -9999.00 -9999.00 -9999.00 -9999.00 -9999.00 -9999.00 -9999.00 -9999.00 -9999.00 -9999.00 -9999.00 -9999.00 -9999.00 -9999.00 -9999.00 -9999.00 -9999.00
3.48 3.38 3.36 3.36 3.37 3.34 3.37 3.35 3.24 3.18 3.07 3.00 2.98 2.97 2.97 3.03 3.22 3.20 3.21 3.22 3.24 3.24 3.30 3.34 3.28 3.31 3.38 3.44 3.41 3.40 3.55 3.57 3.47 3.50 3.45 -9999.00 -9999.00 -9999.00 -9999.00 -9999.00 -9999.00 -9999.00 -9999.00 -9999.00 -9999.00 -9999.00 -9999.00 -9999.00 -9999.00 -9999.00 -9999.00 -9999.00 -9999.00 -9999.00 -9999.00 -9999.00 -9999.00 -9999.00 -9999.00 -9999.00 -9999.00 -9999.00 -9999.00 -9999.00 -9999.00 -9999.00 -9999.00 -9999.00 -9999.00 -9999.00 -9999.00 -9999.00 -9999.00
3.26 3.21 3.20 3.20 3.19 3.18 3.20 3.21 3.17 3.12 3.03 2.96 2.92 2.93 2.90 2.96 3.08 3.06 3.05 3.11 3.13 3.17 3.20 3.21 3.26 3.15 3.17 3.30 3.30 3.29 3.30 3.45 3.43 3.34 3.33 -9999.00 -9999.00 -9999.00 -9999.00 -9999.00 -9999.00 -9999.00 -9999.00 -9999.00 -9999.00 -9999.00 -9999.00 -9999.00 -9999.00 -9999.00 -9999.00 -9999.00 -9999.00 -9999.00 -9999.00 -9999.00 -9999.00 -9999.00 -9999.00 -9999.00 -9999.00 -9999.00 -9999.00 -9999.00 -9999.00 -9999.00 -9999.00 -9999.00 -9999.00 -9999.00 -9999.00 -9999.00 -9999.00
3.09 3.12 2.84 2.86 2.88 2.82 2.82 2.91 2.86 2.80 2.68 2.82 2.78 2.76 2.80 2.86 2.86 2.92 2.91 2.98 3.02 3.03 3.10 3.09 3.16 3.04 3.08 3.18 3.22 3.15 3.18 3.30 3.30 3.22 3.22 3.23 -9999.00 -9999.00 -9999.00 -9999.00 -9999.00 -9999.00 -9999.00 -9999.00 -9999.00 -9999.00 -9999.00 -9999.00 -9999.00 -9999.00 -9999.00 -9999.00 -9999.00 -9999.00 -9999.00 -9999.00 -9999.00 -9999.00 -9999.00 -9999.00 -9999.00 -9999.00 -9999.00 -9999.00 -9999.00 -9999.00 -9999.00 -9999.00 -9999.00 -9999.00 -9999.00 -9999.00 -9999.00
2.95 2.87 2.75 2.67 2.72 2.68 2.68 2.78 2.69 2.65 2.65 2.70 2.69 2.67 2.66 2.62 2.59 2.61 2.60 2.67 2.66 2.69 2.97 2.94 2.99 3.01 2.90 2.96 3.05 3.01 2.99 2.96 3.15 3.18 3.15 3.16 -9999.00 -9999.00 -9999.00 -9999.00 -9999.00 -9999.00 -9999.00 -9999.00 -9999.00 -9999.00 -9999.00 -9999.00 -9999.00 -9999.00 -9999.00 -9999.00 -9999.00 -9999.00 -9999.00 -9999.00 -9999.00 -9999.00 -9999.00 -9999.00 -9999.00 -9999.00 -9999.00 -9999.00 -9999.00 -9999.00 -9999.00 -9999.00 -9999.00 -9999.00 -9999.00 -9999.00 -9999.00
2.79 2.82 2.48 2.44 2.57 2.53 2.61 2.65 2.65 2.67 2.68 2.83 2.65 2.53 2.53 2.46 2.43 2.38 2.47 2.53 2.51 2.56 2.56 2.62 2.63 2.69 2.64 2.66 2.89 2.92 2.85 2.85 3.07 3.09 3.12 3.09 -9999.00 -9999.00 -9999.00 -9999.00 -9999.00 -9999.00 -9999.00 -9999.00 -9999.00 -9999.00 -9999.00 -9999.00 -9999.00 -9999.00 -9999.00 -9999.00 -9999.00 -9999.00 -9999.00 -9999.00 -9999.00 -9999.00 -9999.00 -9999.00 -9999.00 -9999.00 -9999.00 -9999.00 -9999.00 -9999.00 -9999.00 -9999.00 -9999.00 -9999.00 -9999.00 -9999.00 -9999.00
2.39 2.34 2.30 2.37 2.41 2.38 2.45 2.51 2.53 2.55 2.56 2.74 2.85 2.84 2.76 2.79 2.85 2.86 3.05 3.25 3.33 3.33 2.45 2.45 2.50 2.56 2.56 2.52 2.58 2.58 2.61 2.54 2.64 2.84 3.04 3.00 -9999.00 -9999.00 -9999.00 -9999.00 -9999.00 -9999.00 -9999.00 -9999.00 -9999.00 -9999.00 -9999.00 -9999.00 -9999.00 -9999.00 -9999.00 -9999.00 -9999.00 -9999.00 -9999.00 -9999.00 -9999.00 -9999.00 -9999.00 -9999.00 -9999.00 -9999.00 -9999.00 -9999.00 -9999.00 -9999.00 -9999.00 -9999.00 -9999.00 -9999.00 -9999.00 -9999.00 -9999.00
2.21 2.21 2.17 2.22 2.36 2.40 2.38 2.41 2.42 2.42 2.43 2.45 2.55 2.59 2.63 2.75 2.79 2.72 2.91 3.00 3.22 3.21 3.38 3.53 3.60 3.38 3.25 3.27 2.41 2.44 2.44 2.43 2.49 2.69 2.68 -9999.00 -9999.00 -9999.00 -9999.00 -9999.00 -9999.00 -9999.00 -9999.00 -9999.00 -9999.00 -9999.00 -9999.00 -9999.00 -9999.00 -9999.00 -9999.00 -9999.00 -9999.00 -9999.00 -9999.00 -9999.00 -9999.00 -9999.00 -9999.00 -9999.00 -9999.00 -9999.00 -9999.00 -9999.00 -9999.00 -9999.00 -9999.00 -9999.00 -9999.00 -9999.00 -9999.00 -9999.00 -9999.00
1.86 1.93 2.00 1.97 2.04 2.12 2.23 2.27 2.25 2.32 2.35 2.37 2.41 2.40 2.47 2.52 2.53 2.58 2.60 2.72 2.92 3.03 3.24 3.47 3.45 3.23 3.09 3.17 2.92 3.04 3.10 2.39 2.45 2.50 2.59 2.62 -9999.00 -9999.00 -9999.00 -9999.00 -9999.00 -9999.00 -9999.00 -9999.00 -9999.00 -9999.00 -9999.00 -9999.00 -9999.00 -9999.00 -9999.00 -9999.00 -9999.00 -9999.00 -9999.00 -9999.00 -9999.00 -9999.00 -9999.00 -9999.00 -9999.00 -9999.00 -9999.00 -9999.00 -9999.00 -9999.00 -9999.00 -9999.00 -9999.00 -9999.00 -9999.00 -9999.00 -9999.00
1.74 1.80 1.90 1.88 1.94 2.00 2.00 1.97 1.98 2.05 2.03 2.01 2.04 2.21 2.36 2.40 2.41 2.43 2.55 2.60 2.78 2.56 2.61 2.70 2.75 2.77 2.78 2.74 2.83 2.84 2.99 3.06 3.08 3.17 3.32 3.32 -9999.00 -9999.00 -9999.00 -9999.00 -9999.00 -9999.00 -9999.00 -9999.00 -9999.00 -9999.00 -9999.00 -9999.00 -9999.00 -9999.00 -9999.00 -9999.00 -9999.00 -9999.00 -9999.00 -9999.00 -9999.00 -9999.00 -9999.00 -9999.00 -9999.00 -9999.00 -9999.00 -9999.00 -9999.00 -9999.00 -9999.00 -9999.00 -9999.00 -9999.00 -9999.00 -9999.00 -9999.00
1.62 1.67 1.74 1.73 1.78 1.85 1.82 1.85 1.90 1.95 1.95 1.94 1.97 1.94 1.92 1.94 1.96 2.00 2.03 2.06 2.16 2.72 2.53 2.65 2.60 2.65 2.68 2.62 2.58 2.74 2.87 2.96 3.01 3.10 3.26 3.27 -9999.00 -9999.00 -9999.00 -9999.00 -9999.00 -9999.00 -9999.00 -9999.00 -9999.00 -9999.00 -9999.00 -9999.00 -9999.00 -9999.00 -9999.00 -9999.00 -9999.00 -9999.00 -9999.00 -9999.00 -9999.00 -9999.00 -9999.00 -9999.00 -9999.00 -9999.00 -9999.00 -9999.00 -9999.00 -9999.00 -9999.00 -9999.00 -9999.00 -9999.00 -9999.00 -9999.00 -9999.00
1.52 1.57 1.60 1.67 1.68 1.75 1.75 1.77 1.76 1.85 1.84 1.80 1.74 1.69 1.89 1.87 1.89 1.94 1.96 1.97 2.08 2.09 2.08 2.05 2.03 2.03 2.01 2.00 2.60 2.54 2.53 2.66 2.69 2.81 2.84 2.96 -9999.00 -9999.00 -9999.00 -9999.00 -9999.00 -9999.00 -9999.00 -9999.00 -9999.00 -9999.00 -9999.00 -9999.00 -9999.00 -9999.00 -9999.00 -9999.00 -9999.00 -9999.00 -9999.00 -9999.00 -9999.00 -9999.00 -9999.00 -9999.00 -9999.00 -9999.00 -9999.00 -9999.00 -9999.00 -9999.00 -9999.00 -9999.00 -9999.00 -9999.00 -9999.00 -9999.00 -9999.00
1.42 1.44 1.54 1.53 1.55 1.54 1.63 1.66 1.67 1.71 1.80 1.74 1.67 1.70 1.74 1.73 1.76 1.79 1.87 1.80 2.03 2.01 1.99 1.96 1.95 1.95 2.00 1.94 2.47 2.43 2.51 2.60 2.67 2.76 2.80 2.97 -9999.00 -9999.00 -9999.00 -9999.00 -9999.00 -9999.00 -9999.00 -9999.00 -9999.00 -9999.00 -9999.00 -9999.00 -9999.00 -9999.00 3.48 3.45 3.40 3.25 3.15 2.88 2.71 2.46 -9999.00 2.20 2.08 -9999.00 -9999.00 -9999.00 -9999.00 -9999.00 -9999.00 -9999.00 -9999.00 -9999.00 -9999.00 -9999.00 -9999.00
1.13 1.15 1.16 1.35 1.41 1.51 1.58 1.62 1.53 1.50 1.57 1.52 1.47 1.50 1.75 1.70 1.71 1.75 1.85 1.78 1.77 1.89 1.87 1.86 1.85 1.87 1.90 1.99 1.95 2.02 1.96 2.04 2.18 2.26 2.41 2.97 -9999.00 -9999.00 -9999.00 -9999.00 -9999.00 -9999.00 -9999.00 -9999.00 -9999.00 -9999.00 -9999.00 3.92 3.88 3.88 3.76 3.70 3.64 3.54 3.34 3.04 2.86 2.58 2.42 2.29 2.17 1.96 -9999.00 -9999.00 -9999.00 -9999.00 -9999.00 -9999.00 -9999.00 -9999.00 -9999.00 -9999.00 -9999.00
1.08 1.13 1.14 1.21 1.17 1.22 1.28 1.31 1.30 1.47 1.49 1.50 1.48 1.53 1.62 1.63 1.67 1.69 1.67 1.67 1.76 1.90 1.89 1.90 1.86 1.83 1.87 1.89 1.92 2.01 1.94 2.04 2.14 2.27 2.39 2.51 2.64 2.88 -9999.00 -9999.00 -9999.00 -9999.00 -9999.00 -9999.00 -9999.00 -9999.00 4.11 4.16 4.02 4.04 3.90 3.85 3.80 3.68 3.56 3.41 3.14 2.99 2.87 2.66 2.53 2.39 -9999.00 -9999.00 -9999.00 -9999.00 -9999.00 -9999.00 -9999.00 -9999.00 -9999.00 -9999.00 -9999.00
0.98 1.00 1.05 1.10 1.08 1.21 1.19 1.28 1.34 1.26 1.32 1.47 1.51 1.56 1.64 1.68 1.70 1.72 1.73 1.71 1.72 1.70 1.85 1.87 1.89 1.89 1.88 1.91 1.91 2.00 1.94 2.03 2.15 2.30 2.42 2.55 2.70 2.84 3.12 -9999.00 -9999.00 -9999.00 -9999.00 -9999.00 -9999.00 -9999.00 4.11 4.17 4.13 4.18 4.14 4.02 3.92 3.84 3.67 3.54 3.41 3.10 2.96 2.81 2.61 -9999.00 -9999.00 -9999.00 -9999.00 -9999.00 -9999.00 -9999.00 -9999.00 -9999.00 -9999.00 -9999.00 -9999.00
0.83 0.96 1.03 1.09 1.15 1.13 1.21 1.28 1.26 1.22 1.39 1.53 1.56 1.62 1.64 1.68 1.70 1.69 1.74 1.73 1.79 1.77 1.92 1.97 1.92 1.99 2.02 2.04 2.02 2.04 2.10 2.11 2.23 2.34 2.52 2.67 2.77 2.95 3.24 -9999.00 -9999.00 -9999.00 -9999.00 3.82 3.87 3.95 4.23 4.29 4.31 4.27 4.27 4.21 4.01 3.90 3.85 3.68 3.52 3.38 3.05 2.89 2.72 -9999.00 -9999.00 -9999.00 -9999.00 -9999.00 -9999.00 -9999.00 -9999.00 -9999.00 -9999.00 -9999.00 -9999.00
0.83 0.98 1.05 1.17 1.30 1.30 1.26 1.34 1.31 1.24 1.33 1.51 1.59 1.64 1.74 1.77 1.78 1.82 1.86 1.76 1.80 1.81 2.05 2.01 2.01 2.10 2.11 2.10 2.21 2.20 2.24 2.18 2.28 2.41 2.59 2.73 2.87 3.04 -9999.00 -9999.00 -9999.00 3.78 3.83 3.89 3.95 4.05 4.15 4.41 4.43 4.48 4.38 4.32 4.14 4.04 3.97 3.77 3.63 3.45 3.14 2.96 -9999.00 -9999.00 -9999.00 -9999.00 -9999.00 -9999.00 -9999.00 -9999.00 -9999.00 -9999.00 -9999.00 -9999.00 -9999.00
0.90 1.03 1.15 1.27 1.35 1.42 1.53 1.52 1.45 1.39 1.43 1.49 1.71 1.77 1.76 1.78 1.84 1.88 1.82 1.96 1.93 2.02 2.02 2.17 2.16 2.20 2.19 2.16 2.32 2.37 2.33 2.44 2.43 2.57 2.73 2.89 3.07 3.17 3.31 -9999.00 3.73 3.88 3.88 4.02 4.12 4.18 4.26 4.56 4.70 4.73 4.57 4.57 4.39 4.11 4.08 3.95 3.69 3.52 3.38 -9999.00 -9999.00 -9999.00 -9999.00 -9999.00 -9999.00 -9999.00 -9999.00 -9999.00 -9999.00 -9999.00 -9999.00 -9999.00 -9999.00
0.96 1.07 1.33 1.72 2.08 1.86 1.55 1.51 1.50 1.55 1.55 1.64 1.85 1.94 1.91 1.97 2.03 2.08 1.99 2.03 2.06 2.07 2.06 2.23 2.39 2.41 2.34 2.33 2.42 2.44 2.48 2.56 2.58 2.72 2.89 3.03 3.24 3.40 3.60 3.75 3.98 4.11 4.29 4.15 4.24 4.25 4.34 4.41 4.85 4.86 4.83 4.69 4.61 4.51 4.23 4.13 3.90 3.72 3.51 -9999.00 -9999.00 -9999.00 -9999.00 -9999.00 -9999.00 -9999.00 -9999.00 -9999.00 -9999.00 -9999.00 -9999.00 -9999.00 -9999.00
