dati/cumulata_oraria_prisma_2018052720.txt
ncols        251
nrows        249
xllcorner         436000.00000
yllcorner        4918000.00000
cellsize           1000.00000
NODATA_value          -9999.00000
[rows 32 to 63 of 249, columns 73 to 145 of 251]
-9999.00 -9999.00 -9999.00 -9999.00 -9999.00 -9999.00 -9999.00 -9999.00 -9999.00 -9999.00 -9999.00 -9999.00 -9999.00 5.49 10.75 10.70 9.39 9.06 9.22 8.52 6.93 6.94 7.15 7.21 7.00 6.30 6.31 6.30 6.26 6.18 6.04 -9999.00 -9999.00 -9999.00 -9999.00 -9999.00 -9999.00 -9999.00 -9999.00 -9999.00 -9999.00 -9999.00 -9999.00 -9999.00 -9999.00 -9999.00 -9999.00 -9999.00 -9999.00 -9999.00 -9999.00 -9999.00 -9999.00 -9999.00 4.77 4.62 4.52 4.34 4.25 4.07 4.00 3.98 3.90 3.73 3.62 3.64 3.70 3.64 -9999.00 -9999.00 -9999.00 -9999.00 -9999.00
-9999.00 -9999.00 -9999.00 -9999.00 -9999.00 -9999.00 -9999.00 -9999.00 -9999.00 -9999.00 -9999.00 -9999.00 -9999.00 -9999.00 9.38 10.76 10.45 10.13 9.78 7.92 7.10 7.11 7.35 7.04 6.51 6.63 6.48 6.37 6.32 6.22 6.17 -9999.00 -9999.00 -9999.00 -9999.00 -9999.00 -9999.00 -9999.00 -9999.00 -9999.00 -9999.00 -9999.00 -9999.00 -9999.00 -9999.00 -9999.00 -9999.00 5.25 5.35 5.27 -9999.00 -9999.00 5.03 4.91 4.81 4.66 4.53 4.25 4.18 4.09 4.01 3.96 3.89 3.79 3.59 3.55 3.56 3.55 -9999.00 -9999.00 -9999.00 -9999.00 -9999.00
-9999.00 -9999.00 -9999.00 -9999.00 -9999.00 -9999.00 -9999.00 -9999.00 -9999.00 -9999.00 -9999.00 -9999.00 -9999.00 -9999.00 8.16 11.87 11.15 10.50 8.74 7.97 7.92 7.00 6.90 6.69 7.00 6.83 6.49 6.42 6.38 6.36 6.32 -9999.00 -9999.00 -9999.00 -9999.00 -9999.00 -9999.00 -9999.00 -9999.00 -9999.00 -9999.00 -9999.00 -9999.00 -9999.00 -9999.00 -9999.00 -9999.00 5.36 5.49 5.41 5.24 5.19 5.05 4.93 4.85 4.69 4.47 4.29 4.18 4.10 4.01 3.97 3.90 3.82 3.56 3.48 3.47 3.49 -9999.00 -9999.00 -9999.00 -9999.00 -9999.00
-9999.00 -9999.00 -9999.00 -9999.00 -9999.00 -9999.00 -9999.00 -9999.00 -9999.00 -9999.00 -9999.00 -9999.00 -9999.00 -9999.00 11.17 13.30 11.58 9.76 8.59 8.49 7.53 6.79 6.71 7.20 7.17 6.58 6.54 6.45 6.45 6.43 6.40 6.37 -9999.00 -9999.00 -9999.00 -9999.00 -9999.00 -9999.00 -9999.00 -9999.00 -9999.00 -9999.00 -9999.00 -9999.00 -9999.00 -9999.00 5.52 5.47 5.53 5.41 5.28 5.22 5.12 4.97 4.87 4.63 4.48 4.32 4.24 4.09 3.99 3.96 3.83 3.72 3.55 3.48 3.41 3.42 -9999.00 -9999.00 -9999.00 -9999.00 -9999.00
-9999.00 -9999.00 -9999.00 -9999.00 -9999.00 -9999.00 -9999.00 -9999.00 -9999.00 -9999.00 -9999.00 -9999.00 -9999.00 -9999.00 14.83 13.54 11.23 9.83 9.00 7.99 7.29 7.58 7.50 6.90 6.88 6.58 6.52 6.54 6.64 6.46 6.45 6.43 6.35 -9999.00 -9999.00 -9999.00 -9999.00 -9999.00 -9999.00 -9999.00 -9999.00 -9999.00 -9999.00 -9999.00 -9999.00 -9999.00 5.60 5.50 5.57 5.46 5.31 5.26 5.12 4.98 4.89 4.65 4.53 4.34 4.21 4.09 3.98 3.91 3.76 3.66 3.53 3.40 3.31 3.34 3.21 -9999.00 -9999.00 -9999.00 -9999.00
-9999.00 -9999.00 -9999.00 -9999.00 -9999.00 -9999.00 -9999.00 -9999.00 -9999.00 -9999.00 -9999.00 -9999.00 -9999.00 13.26 14.56 13.18 12.29 10.39 8.98 7.71 8.69 8.32 7.51 6.92 6.73 7.40 6.84 7.05 6.89 6.82 6.47 6.40 6.25 6.24 -9999.00 -9999.00 -9999.00 -9999.00 -9999.00 -9999.00 -9999.00 -9999.00 -9999.00 -9999.00 -9999.00 -9999.00 -9999.00 5.59 5.59 5.48 5.36 5.29 5.14 5.00 4.87 4.68 4.55 4.33 4.19 4.07 3.94 3.84 3.73 3.58 3.49 3.19 3.14 3.17 3.14 -9999.00 -9999.00 -9999.00 -9999.00
-9999.00 -9999.00 -9999.00 -9999.00 -9999.00 -9999.00 -9999.00 -9999.00 -9999.00 -9999.00 -9999.00 -9999.00 -9999.00 15.22 14.35 13.63 11.66 10.92 9.01 9.17 8.99 7.71 7.57 7.42 8.18 8.00 7.48 7.61 7.39 6.45 6.43 6.35 6.33 6.36 6.26 6.23 -9999.00 -9999.00 -9999.00 -9999.00 -9999.00 -9999.00 6.12 6.03 -9999.00 -9999.00 5.72 5.62 5.64 5.50 5.37 5.30 5.15 4.99 4.87 4.70 4.49 4.28 4.17 4.01 3.86 3.75 3.47 3.46 3.35 3.19 3.04 2.97 3.01 -9999.00 -9999.00 -9999.00 -9999.00
-9999.00 -9999.00 -9999.00 -9999.00 -9999.00 -9999.00 -9999.00 -9999.00 -9999.00 -9999.00 -9999.00 -9999.00 13.56 15.92 15.46 12.74 11.93 10.69 10.29 9.28 8.60 8.33 9.04 8.56 9.16 8.58 7.99 6.60 6.39 6.43 6.44 6.41 6.47 6.49 6.69 6.68 7.05 7.12 6.41 6.30 -9999.00 6.14 6.25 6.34 6.23 5.91 5.71 5.62 5.65 5.51 5.38 5.29 5.13 4.95 4.84 4.63 4.49 4.26 4.08 3.96 3.75 3.61 3.49 3.35 3.21 3.04 2.94 2.89 2.94 -9999.00 -9999.00 -9999.00 -9999.00
-9999.00 -9999.00 -9999.00 -9999.00 -9999.00 -9999.00 -9999.00 -9999.00 -9999.00 -9999.00 -9999.00 -9999.00 13.92 14.19 13.56 11.83 12.10 12.12 10.38 9.13 8.54 9.76 9.15 9.35 9.38 9.23 6.45 6.52 6.33 6.38 6.61 6.82 7.71 7.48 7.07 6.80 7.17 6.81 6.71 6.28 6.20 6.18 6.21 6.16 6.08 5.95 5.77 5.68 5.67 5.50 5.33 5.25 5.12 4.93 4.79 4.60 4.37 4.20 4.00 3.89 3.65 3.50 3.40 3.25 3.10 2.96 2.88 2.86 2.70 2.79 2.57 -9999.00 -9999.00
-9999.00 -9999.00 -9999.00 -9999.00 -9999.00 -9999.00 -9999.00 -9999.00 -9999.00 -9999.00 -9999.00 14.67 14.27 13.29 12.57 12.67 11.52 10.79 10.63 10.63 10.54 9.77 9.67 9.55 7.16 6.85 6.08 6.15 7.46 7.53 9.76 8.65 7.77 7.64 6.61 6.46 7.09 6.71 6.51 6.36 6.26 6.21 6.25 6.17 6.09 6.00 5.81 5.68 5.67 5.44 5.22 5.15 5.02 4.84 4.70 4.48 4.31 4.13 3.93 3.75 3.57 3.42 3.34 3.23 3.08 2.97 2.76 2.59 2.58 2.55 2.50 2.45 2.45
-9999.00 -9999.00 -9999.00 -9999.00 -9999.00 -9999.00 -9999.00 -9999.00 -9999.00 -9999.00 10.45 15.20 15.38 11.89 11.99 11.50 10.68 11.11 11.54 11.12 10.79 10.44 8.92 7.31 6.69 6.46 7.17 7.27 9.62 9.37 9.86 9.01 7.72 6.46 6.45 6.43 6.45 6.43 6.45 6.44 6.36 6.32 6.26 6.17 6.05 5.94 5.80 5.62 5.60 5.27 5.12 5.03 4.90 4.65 4.56 4.31 4.20 4.00 3.81 3.69 3.56 3.41 3.25 3.09 2.84 2.72 2.60 2.51 2.50 2.51 2.50 2.43 2.43
-9999.00 -9999.00 -9999.00 -9999.00 -9999.00 -9999.00 -9999.00 -9999.00 -9999.00 -9999.00 8.82 12.90 11.73 9.90 9.74 9.75 10.18 11.10 10.61 11.11 10.94 7.60 7.50 7.06 7.54 7.75 8.95 9.32 10.09 9.93 8.94 7.17 6.97 6.28 6.22 6.35 6.38 6.38 6.41 6.40 6.35 6.31 6.24 6.15 6.03 5.86 5.74 5.58 5.45 5.31 5.04 4.87 4.71 4.44 4.40 4.22 4.06 3.95 3.78 3.63 3.29 3.16 3.03 2.82 2.76 2.62 2.82 2.52 2.48 2.35 2.45 2.41 2.41
-9999.00 -9999.00 -9999.00 -9999.00 -9999.00 -9999.00 -9999.00 -9999.00 -9999.00 -9999.00 7.95 8.35 8.25 8.16 8.08 8.67 10.25 10.09 10.01 9.35 7.93 7.34 7.83 8.48 8.71 9.01 9.06 9.43 9.63 8.07 7.74 6.16 6.16 6.10 6.06 6.29 6.43 6.45 6.37 6.36 6.31 6.27 6.19 6.10 5.98 5.79 5.66 5.51 5.41 5.31 4.97 4.74 4.60 4.34 4.28 4.14 3.97 3.66 3.49 3.36 3.25 3.05 3.01 2.89 2.79 2.64 2.87 2.49 2.45 2.44 2.44 2.39 2.37
-9999.00 -9999.00 -9999.00 -9999.00 -9999.00 -9999.00 -9999.00 -9999.00 -9999.00 -9999.00 6.41 6.21 6.78 6.85 8.00 8.50 9.33 9.33 7.66 7.91 7.33 8.74 8.81 9.22 9.20 9.01 8.82 8.03 7.90 6.15 6.06 5.99 6.04 6.01 6.11 6.24 6.37 6.40 6.31 6.30 6.26 6.21 6.13 6.05 5.92 5.78 5.57 5.42 5.26 5.11 4.98 4.65 4.50 4.26 4.08 3.91 3.70 3.55 3.34 3.34 3.28 3.16 3.01 2.83 2.73 2.66 3.08 2.90 2.43 2.40 2.42 2.38 2.30
-9999.00 -9999.00 -9999.00 -9999.00 -9999.00 -9999.00 -9999.00 -9999.00 3.87 5.41 5.28 5.49 5.89 6.28 7.35 8.84 6.58 7.15 7.32 8.40 8.56 8.89 8.97 9.21 8.78 8.26 7.65 6.19 6.23 5.74 5.82 5.91 5.94 6.02 6.24 6.25 6.47 6.68 6.50 6.42 6.47 6.16 6.05 5.99 5.85 5.68 5.43 5.29 5.29 5.05 4.85 4.57 4.40 4.15 3.96 3.79 3.72 3.59 3.44 3.30 3.20 3.25 3.17 3.10 2.88 2.71 3.05 2.79 2.32 2.31 2.24 2.32 2.30
-9999.00 -9999.00 -9999.00 -9999.00 -9999.00 -9999.00 -9999.00 -9999.00 4.62 4.64 5.00 5.04 5.33 5.88 5.94 6.18 5.83 6.73 7.89 8.05 8.21 8.04 8.28 8.36 7.60 6.92 6.56 6.11 5.81 6.11 6.05 6.33 6.08 5.92 8.43 6.77 6.71 7.19 7.02 6.74 6.70 6.47 6.13 5.86 5.71 5.66 5.54 5.38 5.20 5.22 4.87 4.45 4.41 4.21 4.13 3.90 3.71 3.74 3.74 3.78 3.53 3.39 3.18 2.89 2.63 2.44 2.66 2.72 2.27 2.30 2.22 2.31 2.32
-9999.00 -9999.00 -9999.00 -9999.00 -9999.00 -9999.00 -9999.00 2.73 4.11 4.29 4.56 4.76 4.54 4.66 5.89 5.69 6.00 6.74 7.47 7.29 7.62 7.53 7.77 7.59 7.17 6.90 6.72 6.45 6.07 6.38 6.24 6.26 6.70 6.44 7.95 7.49 7.69 7.54 7.29 6.93 6.81 7.34 7.27 6.68 6.66 6.55 6.16 6.28 6.64 5.73 6.17 4.79 4.50 4.16 4.52 4.29 4.29 4.21 4.01 3.52 3.17 2.83 2.70 2.59 2.43 2.35 2.30 2.26 2.20 2.25 2.23 2.28 2.31
-9999.00 -9999.00 -9999.00 -9999.00 -9999.00 -9999.00 2.98 3.04 3.70 3.62 3.71 3.97 4.26 4.46 5.67 6.13 6.77 7.16 7.06 7.37 7.28 7.35 7.51 7.58 7.32 7.22 6.71 6.52 6.33 6.87 6.91 6.77 7.29 7.03 8.11 8.50 8.11 7.71 8.38 8.28 7.74 7.85 8.19 7.77 7.58 7.96 7.75 7.95 7.89 7.90 7.16 5.77 5.95 5.56 4.99 4.17 3.93 3.29 3.09 2.94 2.80 2.68 2.57 2.44 2.34 2.29 2.25 2.23 2.15 2.19 2.25 2.22 2.32
-9999.00 -9999.00 -9999.00 -9999.00 -9999.00 -9999.00 3.18 3.03 2.67 3.12 3.28 3.89 4.41 5.35 5.96 6.67 6.96 7.18 7.07 7.29 7.36 7.34 7.41 7.48 7.31 7.29 6.94 6.34 6.48 7.02 7.31 7.34 7.36 8.36 11.77 14.15 8.52 8.62 8.70 9.43 8.73 8.75 9.17 8.92 8.56 8.78 8.31 8.43 7.87 6.63 5.48 5.67 5.10 4.61 3.74 3.47 3.32 3.12 2.94 2.82 2.64 2.58 2.47 2.41 2.33 2.23 2.18 2.16 2.13 2.15 2.21 2.34 2.49
-9999.00 -9999.00 -9999.00 -9999.00 -9999.00 -9999.00 3.30 3.09 3.24 3.39 3.72 4.30 5.06 5.82 6.51 6.79 6.49 6.62 6.75 7.06 7.45 7.26 7.24 7.31 6.96 6.86 6.59 6.40 6.62 7.17 7.38 7.15 7.50 8.84 9.66 12.29 9.08 9.26 9.76 10.49 9.36 9.06 9.23 9.06 8.45 8.33 7.71 7.32 6.93 5.78 5.13 4.91 4.33 3.77 3.58 3.31 3.16 2.96 2.80 2.65 2.50 2.38 2.32 2.26 2.22 2.15 2.47 2.49 2.60 2.58 2.59 2.55 2.58
-9999.00 -9999.00 -9999.00 -9999.00 -9999.00 -9999.00 3.09 3.48 3.69 4.09 4.40 4.72 5.55 5.89 6.15 6.34 6.37 6.15 6.28 6.74 6.96 6.93 6.66 6.55 6.28 6.26 6.49 6.63 6.68 6.90 6.84 6.95 7.47 8.97 9.21 10.01 10.63 10.06 10.31 10.45 9.16 8.94 8.86 8.02 7.92 7.55 7.01 6.88 6.41 5.35 4.87 4.48 3.76 3.58 3.33 3.08 2.92 2.74 2.61 2.47 2.37 2.82 3.00 3.14 3.16 2.97 2.94 2.80 2.62 2.86 3.34 3.97 3.85
-9999.00 -9999.00 -9999.00 2.52 2.80 3.15 3.22 3.76 4.14 4.02 4.58 5.31 5.39 5.38 5.47 6.15 6.08 5.86 6.06 6.35 6.56 6.44 6.08 5.80 5.69 5.84 5.89 6.20 6.58 6.70 6.48 6.58 7.93 8.44 8.92 8.97 9.42 9.77 10.01 9.24 8.45 8.31 8.24 7.65 7.38 7.19 6.57 6.78 5.90 5.17 4.34 4.21 3.61 3.37 3.13 2.93 2.98 3.08 3.13 3.51 3.31 3.37 3.24 3.23 4.17 4.67 5.21 5.03 4.54 4.16 4.05 3.97 3.98
-9999.00 -9999.00 2.28 2.92 3.09 3.49 3.68 3.72 3.84 4.13 4.60 4.83 5.14 5.46 5.79 5.55 5.72 5.66 5.93 5.63 5.17 4.54 4.41 4.71 4.76 5.07 5.96 6.26 6.30 6.24 6.36 7.64 7.90 8.31 8.54 8.42 8.54 8.97 8.80 7.93 7.81 7.68 7.36 7.28 6.93 6.49 6.79 6.34 5.46 5.16 5.21 4.11 3.77 3.76 3.86 3.79 3.61 3.90 4.02 4.35 5.43 5.58 5.92 5.84 5.86 5.47 5.68 5.37 5.71 5.26 5.13 4.97 4.58
-9999.00 2.03 2.19 2.52 2.83 2.91 2.94 3.24 3.61 3.91 4.37 4.84 5.16 5.47 5.71 5.12 5.37 5.30 4.73 4.50 4.02 4.05 4.18 4.22 4.43 5.22 5.77 5.90 6.03 6.04 5.91 6.77 7.19 7.85 8.08 7.71 7.49 7.66 7.90 7.55 7.26 7.56 7.32 7.49 7.57 7.13 7.02 6.83 6.13 5.34 5.72 4.59 4.40 4.21 4.38 4.91 5.01 5.04 4.99 4.64 5.29 5.70 6.37 6.72 6.66 6.53 6.33 6.22 5.69 5.15 5.12 4.97 2.60
2.22 2.12 2.32 2.58 2.46 2.55 2.84 3.12 3.34 3.87 4.40 4.79 5.01 5.15 5.21 4.45 4.61 4.10 4.03 3.71 3.64 3.75 3.76 3.81 4.09 4.71 5.34 5.04 5.79 5.66 5.55 6.15 6.82 7.39 7.53 7.24 7.10 6.94 7.02 7.34 7.47 7.52 7.37 7.46 7.46 7.20 7.01 6.91 5.79 5.60 5.49 5.38 4.86 4.44 4.46 4.81 4.93 5.06 5.10 4.91 5.32 5.91 6.50 6.61 6.47 7.26 2.31 2.29 2.31 2.28 2.42 2.49 2.54
2.69 2.38 2.52 2.66 2.59 3.07 3.17 3.29 3.56 3.84 4.28 4.83 4.37 4.58 4.39 4.37 4.10 3.84 3.50 3.32 3.34 3.51 3.34 3.61 4.19 4.58 4.66 4.86 5.10 5.32 5.61 5.62 6.20 6.35 6.74 6.77 7.05 6.98 6.81 7.22 7.53 7.31 7.50 7.77 7.44 7.02 7.01 6.41 5.56 5.29 5.10 5.10 4.43 4.44 4.37 4.64 4.68 4.99 4.88 4.78 2.32 2.30 2.27 2.36 2.25 2.39 2.30 1.95 1.99 1.98 1.98 2.09 2.13
2.74 2.93 2.97 3.25 3.08 3.43 3.32 3.44 3.54 3.56 3.82 4.11 4.06 3.76 3.90 3.62 3.26 3.24 2.88 2.88 2.88 2.89 2.98 3.26 3.88 4.21 4.45 4.62 4.78 4.74 5.26 5.42 5.75 5.81 5.94 6.65 7.10 7.28 7.29 7.44 7.58 7.70 7.65 7.42 7.09 6.77 6.43 6.09 3.35 3.12 3.00 4.65 4.00 3.92 2.59 2.52 2.44 2.43 2.36 2.31 1.85 1.86 1.82 1.69 1.74 1.71 1.78 1.78 1.82 1.88 1.94 2.05 2.17
3.81 3.02 3.55 3.41 3.22 3.27 3.10 3.50 3.68 3.78 3.71 3.98 3.75 3.54 3.16 3.13 2.92 2.64 2.62 2.50 2.53 2.61 2.66 3.24 4.01 4.13 4.13 4.29 4.12 4.31 4.92 4.99 5.39 5.62 5.66 6.19 6.81 7.42 7.42 7.25 7.22 7.02 5.04 4.65 3.96 3.40 3.29 3.13 2.92 2.61 2.28 2.82 2.35 2.16 2.11 1.99 1.91 1.74 1.70 1.69 1.63 1.65 1.66 1.84 1.87 1.95 2.09 2.17 2.16 2.14 2.15 2.27 2.33
4.35 3.40 3.05 2.86 2.50 2.74 2.94 3.31 3.39 3.65 3.92 3.60 3.54 3.31 2.84 2.63 2.40 2.53 2.44 2.46 2.54 2.55 2.74 3.07 3.80 3.89 3.99 4.02 3.87 3.98 4.66 4.90 4.96 5.26 5.39 5.83 5.80 5.47 5.39 5.14 4.70 4.58 4.27 3.37 3.21 3.07 3.08 2.92 2.84 2.69 2.61 2.10 1.95 1.85 1.82 2.02 2.01 1.96 1.95 1.99 2.10 2.13 2.10 2.12 2.11 2.12 2.16 2.12 2.11 2.17 2.15 2.25 2.34
3.88 3.68 2.81 2.47 1.58 2.16 2.85 3.18 2.95 3.29 3.29 3.38 3.17 3.25 2.70 2.36 2.40 2.53 2.75 2.41 2.29 2.51 2.78 3.24 3.78 3.66 3.84 3.78 3.74 3.83 3.88 4.02 4.49 4.40 4.70 4.89 5.12 5.28 4.86 4.71 4.61 4.42 4.13 3.60 3.53 3.54 3.45 3.00 2.82 2.76 2.69 2.43 2.55 2.44 2.37 2.26 2.21 2.13 2.10 2.13 2.08 2.19 2.15 2.19 2.20 2.15 2.20 2.13 2.16 2.17 2.13 2.19 2.28
3.75 3.40 2.72 2.44 1.94 1.50 1.92 2.58 2.66 2.75 2.72 2.79 3.05 2.76 2.60 2.44 2.48 2.62 2.43 2.16 2.20 2.24 2.60 3.05 3.00 3.21 3.20 3.26 3.41 4.27 3.63 3.95 4.22 4.20 4.47 4.90 5.03 5.21 5.30 5.12 5.04 4.59 4.23 4.01 3.40 3.33 3.28 3.03 2.75 2.65 2.55 2.57 2.48 2.41 2.36 2.28 2.24 2.24 2.19 2.19 2.15 2.19 2.18 2.16 2.05 2.09 2.12 2.08 2.05 2.08 2.06 2.09 2.15
3.53 3.37 2.92 2.65 2.28 1.77 2.39 1.92 2.54 2.54 2.54 2.64 2.91 2.52 2.33 2.34 2.46 2.35 2.28 2.00 1.77 1.69 1.76 1.92 2.31 2.77 3.14 3.19 3.36 3.70 4.70 3.95 4.06 4.35 4.87 5.19 5.13 5.32 4.96 4.61 4.45 4.20 3.75 3.27 3.01 2.83 2.85 2.66 2.46 2.39 2.30 2.45 2.35 2.24 2.20 2.13 2.02 1.98 1.85 1.85 1.88 1.81 1.84 1.83 1.88 1.97 2.03 1.98 1.95 2.03 2.03 2.00 2.12
