dati/cumulata_oraria_prisma_2018052819.txt
ncols        251
nrows        249
xllcorner         436000.00000
yllcorner        4918000.00000
cellsize           1000.00000
NODATA_value          -9999.00000
[rows 160 to 191 of 249, columns 146 to 218 of 251]
2.13 2.23 2.28 8.59 10.46 12.91 13.42 7.20 5.92 5.17 5.46 4.08 3.91 4.33 4.10 4.68 4.67 4.69 5.85 5.20 4.88 5.04 5.29 6.06 6.82 8.74 9.94 22.76 22.25 21.58 14.98 15.96 16.04 13.44 12.20 5.14 4.28 3.51 3.32 3.22 1.10 1.22 1.09 0.79 0.53 0.51 0.34 0.32 0.32 0.29 0.28 0.38 0.19 0.17 0.22 0.20 0.00 0.00 0.00 0.00 0.00 0.00 0.00 0.00 0.00 0.00 0.00 0.00 0.00 0.00 0.00 0.00 0.00
4.15 2.19 2.76 2.91 14.04 12.60 8.42 6.14 5.18 5.43 6.26 6.43 4.42 4.41 4.27 4.16 4.69 4.91 5.28 5.26 5.01 5.32 5.15 5.53 8.72 9.61 11.41 12.90 15.50 24.63 28.20 24.18 14.66 13.14 14.41 14.03 12.33 3.38 2.99 2.66 2.03 1.96 1.25 0.72 0.53 0.52 0.51 0.43 0.30 0.30 0.41 0.42 0.33 0.22 0.26 0.19 0.22 0.17 0.21 0.00 0.00 0.00 0.00 0.00 0.00 0.00 0.00 0.00 0.00 0.00 0.00 0.00 0.00
3.28 2.88 2.83 3.06 3.20 9.97 6.54 5.06 4.91 6.45 6.61 6.95 6.43 4.51 4.25 4.52 4.47 5.35 5.47 5.38 5.81 5.34 5.33 5.22 5.11 10.23 12.90 16.10 17.96 26.53 25.92 25.06 28.54 11.27 13.80 12.95 11.83 10.26 3.20 2.41 2.09 1.84 1.62 0.73 0.56 0.53 0.49 0.47 0.46 0.30 0.41 0.34 0.35 0.42 0.39 0.00 0.17 0.17 0.18 0.18 0.00 0.00 0.00 0.00 0.00 0.00 0.00 0.00 0.00 0.00 0.00 0.00 0.00
2.91 2.75 2.63 3.11 3.11 3.16 3.34 4.80 5.48 6.09 6.63 6.49 5.99 5.91 4.69 4.53 4.82 5.04 5.72 5.74 5.82 6.54 5.49 5.21 5.36 5.69 6.19 17.53 20.45 21.99 24.46 29.01 26.22 25.03 27.79 13.63 11.72 9.38 8.24 6.72 2.03 1.62 1.61 1.46 1.21 0.53 0.49 0.49 0.50 0.49 0.49 0.36 0.34 0.40 0.37 0.36 0.44 0.17 0.18 0.17 0.00 0.00 0.19 0.00 0.00 0.00 0.00 0.00 0.00 0.00 0.00 0.00 0.00
4.07 2.62 2.71 2.81 3.13 3.15 3.89 4.24 6.04 6.07 5.56 5.93 5.41 5.23 5.30 4.92 5.05 5.29 5.61 6.15 6.57 6.80 6.74 6.54 5.53 6.39 6.65 7.88 22.75 22.37 26.25 23.21 25.15 28.74 29.07 28.53 10.24 8.55 7.39 7.10 7.14 1.56 1.42 1.39 1.18 0.82 0.78 0.61 0.49 0.48 0.48 0.47 0.45 0.43 0.37 0.36 0.40 0.52 0.17 0.00 0.16 0.23 0.19 0.00 0.00 0.00 0.00 0.00 0.00 0.00 0.00 0.00 0.00
2.94 2.33 2.63 3.03 3.25 3.50 4.27 4.69 5.18 5.60 5.54 5.93 6.80 5.29 5.20 5.00 5.32 5.69 5.76 6.23 6.13 6.92 6.90 6.18 6.16 6.81 8.48 9.18 10.38 23.49 25.95 26.91 31.43 29.36 26.23 31.34 28.73 29.13 7.73 7.47 5.72 3.95 2.90 1.39 1.02 0.81 0.81 0.86 0.49 0.49 0.50 0.49 0.49 0.54 0.37 0.36 0.40 0.40 0.39 0.35 0.29 0.23 0.00 0.00 0.00 0.00 0.00 0.00 0.00 0.00 0.00 0.00 0.00
2.16 2.27 2.48 3.10 3.44 4.66 4.82 5.10 5.58 6.60 5.99 7.19 7.83 8.29 5.12 4.99 4.91 5.63 5.93 6.12 5.96 6.39 6.54 6.18 6.36 6.92 9.69 10.13 12.91 27.94 27.23 32.66 33.97 34.93 28.66 30.84 29.49 28.78 22.83 5.17 4.65 3.41 2.52 2.40 0.96 0.81 0.80 0.90 0.86 0.84 0.50 0.50 0.51 0.52 0.60 0.52 0.54 0.40 0.32 0.38 0.44 0.21 0.00 0.00 0.00 0.00 0.00 0.00 0.00 0.00 0.00 0.00 0.00
2.05 2.26 2.61 2.99 4.52 5.27 5.95 5.62 6.19 6.73 8.22 8.41 8.02 8.22 8.40 5.07 5.56 5.75 5.90 5.93 6.34 6.34 6.21 6.24 6.60 7.37 7.50 12.58 13.69 14.71 16.50 35.20 35.83 39.47 41.87 30.23 28.95 25.68 23.24 17.83 4.31 2.76 2.34 2.14 1.78 1.09 0.87 0.90 0.86 0.92 0.88 0.50 0.52 0.63 0.59 0.61 0.61 0.57 0.39 0.41 0.40 0.46 0.36 0.00 0.00 0.00 0.00 0.00 0.00 0.00 0.00 0.00 0.17
2.40 2.43 2.74 3.20 3.71 5.81 7.18 8.19 6.53 8.09 10.41 11.15 8.17 8.35 7.70 6.38 5.79 6.07 6.45 7.03 6.61 6.64 6.51 6.56 7.10 7.75 7.63 8.29 9.27 16.56 18.51 21.64 39.58 42.31 41.88 42.37 43.37 23.62 23.49 16.09 13.94 13.09 2.36 1.95 1.95 1.12 1.04 0.88 0.93 0.84 0.87 0.79 0.78 0.64 0.61 0.59 0.66 0.65 0.66 0.44 0.44 0.45 0.43 0.31 0.21 0.00 0.00 0.00 0.00 0.18 0.40 0.17 0.17
2.35 2.40 3.09 3.50 4.46 5.27 7.96 8.93 10.11 10.38 10.90 11.73 12.33 7.64 6.30 5.73 5.85 6.42 6.84 7.43 8.14 7.10 6.79 7.27 7.50 6.81 8.23 8.97 10.49 19.07 21.60 23.30 28.02 41.57 42.38 45.45 45.46 48.89 18.07 14.58 13.22 11.49 8.32 1.78 1.38 1.09 0.83 0.93 0.97 1.03 0.84 0.82 0.79 0.81 0.64 0.65 0.65 0.65 0.77 0.85 0.47 0.47 0.44 0.25 0.21 0.28 0.00 0.16 0.18 0.20 0.49 0.54 0.60
2.30 2.42 2.54 4.24 4.71 4.86 4.54 9.94 13.00 13.30 11.34 11.97 11.15 10.33 5.72 5.96 6.25 6.30 7.48 8.06 9.38 9.48 7.80 7.57 7.12 7.63 7.90 10.21 11.28 10.97 23.26 26.47 35.18 40.73 43.64 43.04 47.37 48.63 47.73 46.00 12.54 8.72 6.80 5.31 4.09 0.99 0.94 0.95 0.96 1.03 0.84 0.83 0.84 0.82 0.95 0.82 0.64 0.81 0.85 0.73 0.69 0.68 0.29 0.24 0.20 0.19 0.34 0.28 0.21 0.42 0.50 0.52 0.61
2.70 2.37 2.78 3.29 4.80 4.97 5.27 6.62 13.40 13.16 15.00 17.93 10.24 10.93 12.65 5.98 6.31 6.19 6.52 8.83 9.57 9.98 11.90 12.89 7.83 8.19 8.73 9.53 13.69 12.62 14.16 34.54 38.84 43.48 44.63 51.87 48.45 47.87 45.97 46.58 43.48 8.24 5.86 4.03 2.43 2.04 0.97 0.97 1.07 1.07 1.05 1.06 0.84 0.85 0.92 0.80 0.77 0.87 0.79 0.69 0.68 0.64 0.58 0.27 0.21 0.37 0.36 0.37 0.48 0.66 0.48 0.51 0.60
2.65 2.52 3.05 3.51 3.80 5.01 6.60 7.25 6.71 14.85 16.05 17.23 18.26 12.58 12.78 14.21 15.32 6.46 6.92 7.39 7.61 11.96 12.43 13.46 13.48 8.81 9.38 10.52 10.01 14.51 16.07 20.03 21.41 44.04 53.28 56.02 55.28 46.28 46.30 45.20 40.40 33.60 4.91 2.93 1.92 1.69 1.35 1.40 1.04 1.06 1.05 0.97 1.12 0.95 0.91 0.98 1.10 1.17 1.23 0.66 0.64 0.63 0.53 0.59 0.55 0.35 0.42 0.38 0.54 0.57 0.43 0.67 0.60
2.46 2.69 3.03 3.61 3.75 4.11 7.21 7.77 7.59 8.56 16.20 17.43 19.60 19.91 13.54 15.12 16.38 16.60 7.34 7.57 8.43 8.89 13.57 13.47 14.69 14.72 11.30 10.29 9.46 16.12 20.13 21.50 23.97 24.20 55.60 57.84 54.01 52.19 46.71 42.69 36.79 28.38 13.67 7.56 1.90 1.56 1.37 1.28 1.32 1.05 0.97 0.96 1.07 1.02 1.05 1.06 1.17 1.17 1.14 1.03 0.60 0.54 0.55 0.58 0.68 0.61 0.53 0.53 0.54 0.51 0.69 1.02 0.56
2.45 2.79 2.93 3.01 3.77 3.81 3.49 6.96 8.54 10.36 10.90 18.96 19.48 21.55 23.08 15.98 17.06 17.61 15.98 8.12 8.74 8.88 10.96 13.91 15.31 14.28 15.08 9.31 12.07 12.14 21.35 23.30 26.20 31.01 30.09 53.49 52.75 49.85 49.12 44.64 21.40 18.74 8.52 5.66 3.79 1.48 1.47 1.46 1.35 1.23 1.01 1.26 1.10 1.14 1.24 1.63 1.12 1.23 1.15 1.03 1.10 1.06 0.65 0.70 0.56 0.52 0.46 0.63 0.53 0.86 0.86 0.74 0.56
2.98 2.84 2.83 3.13 3.10 3.38 3.64 3.46 10.25 10.38 9.18 8.73 19.95 23.08 26.10 27.31 18.05 15.87 14.65 13.19 9.29 10.74 11.86 14.92 14.55 12.79 11.00 7.71 13.62 11.99 11.76 14.57 28.42 31.70 32.91 33.20 46.48 49.08 46.31 43.39 32.33 12.39 5.77 3.93 3.01 2.25 1.25 1.53 1.26 1.06 1.16 1.35 1.13 1.14 1.66 1.67 2.01 1.84 1.04 1.08 1.01 0.97 0.97 0.98 0.62 0.48 0.60 0.60 0.50 0.52 1.02 0.56 0.42
2.40 2.51 3.01 2.90 2.90 3.24 3.53 3.36 3.43 9.19 8.78 8.55 9.24 25.66 27.96 25.99 22.45 14.61 13.50 14.20 15.83 11.66 13.63 14.16 16.52 9.88 7.50 7.29 7.46 11.82 12.17 15.87 19.89 34.32 33.00 31.34 30.66 30.05 43.86 39.85 29.46 17.57 12.34 3.18 2.57 2.26 2.01 1.98 1.08 1.07 1.27 1.24 1.18 1.57 1.69 1.92 1.76 1.84 1.75 0.95 0.98 1.00 0.95 0.99 0.88 0.68 0.59 0.58 0.56 0.49 0.35 0.59 0.42
-9999.00 2.29 2.44 2.70 2.68 2.76 2.95 3.20 2.84 3.04 8.37 9.14 10.14 11.68 25.79 22.43 22.52 24.41 13.42 14.97 16.42 17.48 13.57 15.24 15.68 13.61 7.39 7.46 7.17 6.71 14.35 18.28 20.79 17.91 31.16 31.02 28.69 23.82 20.57 31.65 23.95 12.68 9.71 5.14 2.17 2.10 2.01 2.10 1.97 1.24 1.27 1.30 1.96 1.98 2.44 1.81 1.82 1.91 1.79 1.70 1.06 0.96 1.00 0.87 0.87 0.86 0.96 0.55 0.60 0.45 0.34 0.31 0.30
-9999.00 2.13 1.96 2.09 2.57 2.74 2.78 2.69 2.75 2.83 2.79 9.78 11.19 11.24 10.89 20.07 23.15 19.47 20.13 16.36 17.04 17.54 17.44 14.59 13.99 14.80 15.76 6.88 6.01 5.81 5.08 20.51 19.39 16.01 15.21 29.96 24.03 19.77 21.14 13.37 13.65 9.65 5.68 4.67 3.70 2.17 2.11 1.97 1.87 1.69 1.52 1.31 1.98 2.12 2.53 2.38 1.79 1.73 1.62 1.69 1.58 1.58 0.99 0.89 0.90 0.89 0.87 0.70 0.63 0.43 0.31 0.30 0.18
-9999.00 -9999.00 -9999.00 1.93 1.95 2.48 2.66 2.75 2.79 -9999.00 -9999.00 2.73 10.76 10.73 9.09 7.41 18.21 20.92 20.63 18.40 17.75 17.76 17.22 15.64 14.71 15.87 16.13 15.20 16.12 5.21 4.87 5.46 17.46 14.32 12.15 7.75 6.67 20.92 15.46 14.18 13.53 13.09 5.20 3.62 3.52 3.09 4.15 1.95 1.78 1.62 1.45 1.55 2.11 2.36 2.30 2.51 2.67 2.50 1.67 1.59 1.49 1.42 1.36 0.93 0.86 0.88 0.74 0.52 0.43 0.40 0.30 0.29 0.17
-9999.00 -9999.00 -9999.00 -9999.00 1.91 2.21 2.55 -9999.00 -9999.00 -9999.00 -9999.00 -9999.00 -9999.00 -9999.00 -9999.00 7.17 8.00 20.04 19.61 20.11 18.63 17.56 16.58 17.10 18.17 17.39 15.20 15.05 13.00 5.06 5.18 4.97 5.18 11.68 7.78 5.79 8.00 7.67 16.29 14.34 12.94 11.52 13.63 3.12 3.24 4.00 3.60 4.04 1.62 1.56 1.51 1.41 1.50 2.45 2.46 2.58 2.50 2.29 2.19 1.51 1.43 1.32 1.21 1.35 1.14 0.87 0.68 0.43 0.42 0.30 0.28 0.17 0.00
-9999.00 -9999.00 -9999.00 -9999.00 -9999.00 -9999.00 -9999.00 -9999.00 -9999.00 -9999.00 -9999.00 -9999.00 -9999.00 -9999.00 -9999.00 -9999.00 -9999.00 8.94 20.11 20.49 15.51 13.61 17.39 19.26 20.45 21.97 23.04 13.94 10.72 10.94 4.88 4.81 5.03 5.03 5.61 8.96 8.13 7.61 8.85 13.30 12.32 12.98 12.50 9.91 4.09 3.42 3.55 3.85 3.72 1.50 1.43 1.58 1.66 1.87 2.10 2.58 2.47 2.34 2.17 1.76 1.40 1.21 1.45 1.23 0.94 0.72 0.63 0.45 0.30 0.30 0.18 0.17 0.00
-9999.00 -9999.00 -9999.00 -9999.00 -9999.00 -9999.00 -9999.00 -9999.00 -9999.00 -9999.00 -9999.00 -9999.00 -9999.00 -9999.00 -9999.00 -9999.00 -9999.00 -9999.00 9.52 15.36 12.59 12.39 10.66 20.37 22.63 23.63 24.62 23.26 8.06 7.88 7.36 4.87 5.02 4.16 4.55 6.24 7.12 8.41 9.55 12.02 13.00 12.35 9.96 9.20 6.34 3.59 4.11 3.73 3.65 5.04 5.83 1.62 1.87 1.89 2.13 2.24 2.33 2.19 1.99 1.86 1.82 1.94 1.34 1.04 0.75 0.64 0.52 0.30 0.36 0.27 0.17 0.00 0.00
-9999.00 -9999.00 -9999.00 -9999.00 -9999.00 -9999.00 -9999.00 -9999.00 -9999.00 -9999.00 -9999.00 -9999.00 -9999.00 -9999.00 -9999.00 -9999.00 -9999.00 -9999.00 -9999.00 -9999.00 -9999.00 11.03 11.53 12.66 23.02 23.87 23.01 21.75 15.22 7.46 7.22 5.97 3.90 3.94 5.93 6.29 5.50 9.04 12.03 13.95 19.89 18.06 10.45 7.13 6.16 8.39 6.43 3.35 4.63 4.50 4.28 4.33 1.93 2.10 2.40 2.52 2.36 1.97 1.81 1.82 2.02 1.92 1.87 0.81 0.80 0.45 0.38 0.25 0.19 0.26 0.25 0.00 0.00
-9999.00 -9999.00 -9999.00 -9999.00 -9999.00 -9999.00 -9999.00 -9999.00 -9999.00 -9999.00 -9999.00 -9999.00 -9999.00 -9999.00 -9999.00 -9999.00 -9999.00 -9999.00 -9999.00 -9999.00 -9999.00 11.16 12.04 16.58 18.87 23.34 22.00 13.35 12.41 6.24 6.00 5.25 4.26 4.79 5.92 6.17 6.20 6.86 14.09 20.44 18.96 17.05 21.00 5.69 6.04 6.76 6.96 11.97 9.27 4.56 4.42 4.38 6.45 2.46 -9999.00 2.37 2.44 2.56 2.12 1.70 2.00 1.98 1.65 1.32 1.13 0.37 0.27 0.23 0.00 0.00 0.00 0.00 0.00
-9999.00 -9999.00 -9999.00 -9999.00 -9999.00 -9999.00 -9999.00 -9999.00 -9999.00 -9999.00 -9999.00 -9999.00 -9999.00 -9999.00 -9999.00 -9999.00 -9999.00 -9999.00 -9999.00 -9999.00 -9999.00 -9999.00 -9999.00 18.42 20.90 20.86 15.21 11.81 -9999.00 -9999.00 5.67 4.45 4.39 4.85 5.06 5.76 6.43 7.25 8.30 18.15 17.43 17.82 18.12 11.38 11.44 6.80 10.91 13.53 19.90 4.12 4.50 6.53 5.42 4.59 -9999.00 2.67 2.46 2.32 2.13 2.40 1.90 1.83 1.48 0.99 0.72 0.51 0.23 0.18 0.00 0.00 0.00 0.00 0.00
-9999.00 -9999.00 -9999.00 -9999.00 -9999.00 -9999.00 -9999.00 -9999.00 -9999.00 -9999.00 -9999.00 -9999.00 -9999.00 -9999.00 -9999.00 -9999.00 -9999.00 -9999.00 -9999.00 -9999.00 -9999.00 -9999.00 -9999.00 -9999.00 20.83 16.18 14.56 -9999.00 -9999.00 -9999.00 1.77 5.55 5.51 6.47 6.35 10.61 7.23 7.30 6.78 6.72 21.18 18.11 10.93 8.52 14.40 7.59 11.05 18.67 20.06 25.07 -9999.00 6.11 5.03 -9999.00 -9999.00 -9999.00 2.22 2.24 2.41 2.46 2.00 1.88 1.32 0.99 0.52 0.39 0.30 0.24 0.00 0.00 0.00 0.00 0.00
-9999.00 -9999.00 -9999.00 -9999.00 -9999.00 -9999.00 -9999.00 -9999.00 -9999.00 -9999.00 -9999.00 -9999.00 -9999.00 -9999.00 -9999.00 -9999.00 -9999.00 -9999.00 -9999.00 -9999.00 -9999.00 -9999.00 -9999.00 -9999.00 -9999.00 -9999.00 -9999.00 -9999.00 -9999.00 -9999.00 -9999.00 1.41 5.48 5.61 11.21 7.34 5.56 10.57 6.85 7.64 6.58 7.33 7.61 8.04 10.91 9.21 16.53 18.80 23.04 -9999.00 -9999.00 -9999.00 -9999.00 -9999.00 -9999.00 -9999.00 2.51 1.89 2.37 2.17 1.87 1.71 1.33 0.66 0.43 0.35 0.22 0.19 0.00 0.00 0.00 0.00 0.00
-9999.00 -9999.00 -9999.00 -9999.00 -9999.00 -9999.00 -9999.00 -9999.00 -9999.00 -9999.00 -9999.00 -9999.00 -9999.00 -9999.00 -9999.00 -9999.00 -9999.00 -9999.00 -9999.00 -9999.00 -9999.00 -9999.00 -9999.00 -9999.00 -9999.00 -9999.00 -9999.00 -9999.00 -9999.00 -9999.00 -9999.00 1.59 1.77 10.53 7.09 4.90 4.61 3.12 8.16 6.98 6.33 5.06 5.22 11.07 10.11 17.84 18.84 19.93 22.70 -9999.00 -9999.00 -9999.00 -9999.00 -9999.00 -9999.00 -9999.00 -9999.00 2.66 2.28 1.94 1.73 1.30 0.90 0.76 0.24 0.23 0.23 0.18 0.17 0.00 0.00 0.00 0.00
-9999.00 -9999.00 -9999.00 -9999.00 -9999.00 -9999.00 -9999.00 -9999.00 -9999.00 -9999.00 -9999.00 -9999.00 -9999.00 -9999.00 -9999.00 -9999.00 -9999.00 -9999.00 -9999.00 -9999.00 -9999.00 -9999.00 -9999.00 -9999.00 -9999.00 -9999.00 -9999.00 -9999.00 -9999.00 -9999.00 -9999.00 -9999.00 1.84 2.68 5.74 4.52 3.77 2.14 1.06 7.26 5.87 4.66 3.69 4.14 16.61 18.29 20.76 21.99 21.45 -9999.00 -9999.00 -9999.00 -9999.00 -9999.00 -9999.00 -9999.00 -9999.00 -9999.00 -9999.00 -9999.00 1.45 1.01 0.84 0.61 0.51 0.42 0.22 0.17 0.28 0.26 0.17 0.00 0.00
-9999.00 -9999.00 -9999.00 -9999.00 -9999.00 -9999.00 -9999.00 -9999.00 -9999.00 -9999.00 -9999.00 -9999.00 -9999.00 -9999.00 -9999.00 -9999.00 -9999.00 -9999.00 -9999.00 -9999.00 -9999.00 -9999.00 -9999.00 -9999.00 -9999.00 -9999.00 -9999.00 -9999.00 -9999.00 -9999.00 -9999.00 -9999.00 -9999.00 -9999.00 -9999.00 4.14 2.73 0.94 0.58 0.53 5.07 4.04 4.73 5.40 7.05 20.53 21.99 22.70 -9999.00 -9999.00 -9999.00 -9999.00 -9999.00 -9999.00 -9999.00 -9999.00 -9999.00 -9999.00 -9999.00 -9999.00 -9999.00 -9999.00 -9999.00 -9999.00 -9999.00 0.29 0.23 0.17 0.25 0.17 0.17 0.00 0.00
-9999.00 -9999.00 -9999.00 -9999.00 -9999.00 -9999.00 -9999.00 -9999.00 -9999.00 -9999.00 -9999.00 -9999.00 -9999.00 -9999.00 -9999.00 -9999.00 -9999.00 -9999.00 -9999.00 -9999.00 -9999.00 -9999.00 -9999.00 -9999.00 -9999.00 -9999.00 -9999.00 -9999.00 -9999.00 -9999.00 -9999.00 -9999.00 -9999.00 -9999.00 -9999.00 -9999.00 2.92 0.49 0.55 0.35 0.33 4.13 5.38 6.67 6.55 8.10 22.70 -9999.00 -9999.00 -9999.00 -9999.00 -9999.00 -9999.00 -9999.00 -9999.00 -9999.00 -9999.00 -9999.00 -9999.00 -9999.00 -9999.00 -9999.00 -9999.00 -9999.00 -9999.00 -9999.00 -9999.00 0.17 0.17 -9999.00 -9999.00 -9999.00 -9999.00
