dati/cumulata_oraria_prisma_2018052716.txt
ncols        251
nrows        249
xllcorner         436000.00000
yllcorner        4918000.00000
cellsize           1000.00000
NODATA_value          -9999.00000
[rows 64 to 95 of 249, columns 146 to 218 of 251]
1.61 1.60 1.61 1.71 1.78 2.02 1.92 1.80 1.80 1.62 1.62 1.56 1.55 1.53 1.49 1.63 1.54 1.57 1.48 1.52 1.61 1.71 1.85 2.49 2.91 4.79 5.33 8.13 18.47 24.13 18.55 15.13 16.06 6.93 -9999.00 -9999.00 -9999.00 -9999.00 -9999.00 -9999.00 -9999.00 -9999.00 -9999.00 -9999.00 -9999.00 -9999.00 -9999.00 -9999.00 -9999.00 -9999.00 -9999.00 -9999.00 -9999.00 -9999.00 -9999.00 -9999.00 -9999.00 -9999.00 -9999.00 -9999.00 -9999.00 -9999.00 -9999.00 -9999.00 -9999.00 -9999.00 -9999.00 -9999.00 -9999.00 -9999.00 -9999.00 -9999.00 -9999.00
2.87 1.77 1.80 1.98 2.07 2.23 2.14 2.15 1.99 1.84 1.78 1.73 1.73 1.64 1.63 1.65 1.61 1.64 1.56 1.54 1.66 1.73 1.94 2.06 3.10 3.53 3.99 5.07 9.25 14.68 13.02 14.51 14.41 11.96 -9999.00 -9999.00 -9999.00 -9999.00 -9999.00 -9999.00 -9999.00 -9999.00 -9999.00 -9999.00 -9999.00 -9999.00 -9999.00 -9999.00 -9999.00 -9999.00 -9999.00 -9999.00 -9999.00 -9999.00 -9999.00 -9999.00 -9999.00 -9999.00 -9999.00 -9999.00 -9999.00 -9999.00 -9999.00 -9999.00 -9999.00 -9999.00 -9999.00 -9999.00 -9999.00 -9999.00 -9999.00 -9999.00 -9999.00
3.18 2.36 2.33 2.12 2.38 2.51 2.39 2.19 2.07 1.95 1.89 1.82 1.83 1.94 1.88 1.84 2.00 1.87 1.79 1.69 1.72 1.83 1.89 2.27 2.63 2.93 2.87 2.75 8.60 9.64 11.97 12.22 13.31 11.56 -9999.00 -9999.00 -9999.00 -9999.00 -9999.00 -9999.00 -9999.00 -9999.00 -9999.00 -9999.00 -9999.00 -9999.00 -9999.00 -9999.00 -9999.00 -9999.00 -9999.00 -9999.00 -9999.00 -9999.00 -9999.00 -9999.00 -9999.00 -9999.00 -9999.00 -9999.00 -9999.00 -9999.00 -9999.00 -9999.00 -9999.00 -9999.00 -9999.00 -9999.00 -9999.00 -9999.00 -9999.00 -9999.00 -9999.00
7.77 3.58 3.86 3.96 4.97 4.58 4.14 3.66 3.23 2.31 2.15 2.19 2.12 2.06 2.15 2.07 2.12 2.05 1.83 1.71 1.69 1.84 1.80 2.06 2.07 2.83 2.91 3.00 2.63 2.98 4.02 4.32 4.40 5.71 -9999.00 -9999.00 -9999.00 -9999.00 -9999.00 -9999.00 -9999.00 -9999.00 -9999.00 -9999.00 -9999.00 -9999.00 -9999.00 -9999.00 -9999.00 -9999.00 -9999.00 -9999.00 -9999.00 -9999.00 -9999.00 -9999.00 -9999.00 -9999.00 -9999.00 -9999.00 -9999.00 -9999.00 -9999.00 -9999.00 -9999.00 -9999.00 -9999.00 -9999.00 -9999.00 -9999.00 -9999.00 -9999.00 -9999.00
9.90 8.82 7.36 8.95 9.01 8.43 4.73 4.12 3.18 2.43 2.81 4.49 3.26 6.18 7.12 5.72 4.20 5.13 2.85 2.02 1.72 1.68 1.76 1.75 1.92 1.94 2.35 2.87 3.58 3.05 2.97 3.60 3.93 5.02 -9999.00 -9999.00 -9999.00 -9999.00 -9999.00 -9999.00 -9999.00 -9999.00 -9999.00 -9999.00 -9999.00 -9999.00 -9999.00 -9999.00 -9999.00 -9999.00 -9999.00 -9999.00 -9999.00 -9999.00 -9999.00 -9999.00 -9999.00 -9999.00 -9999.00 -9999.00 -9999.00 -9999.00 -9999.00 -9999.00 -9999.00 -9999.00 -9999.00 -9999.00 -9999.00 -9999.00 -9999.00 -9999.00 -9999.00
11.57 11.35 9.92 11.50 11.83 9.62 5.24 4.54 4.27 4.17 5.83 5.67 6.91 9.06 7.40 7.03 6.33 5.25 2.97 2.07 1.69 1.67 1.73 1.73 1.85 1.87 2.92 3.61 3.58 4.69 5.14 4.90 3.97 -9999.00 -9999.00 -9999.00 -9999.00 -9999.00 -9999.00 -9999.00 -9999.00 -9999.00 -9999.00 -9999.00 -9999.00 -9999.00 -9999.00 -9999.00 -9999.00 -9999.00 -9999.00 -9999.00 -9999.00 -9999.00 -9999.00 -9999.00 -9999.00 -9999.00 -9999.00 -9999.00 -9999.00 -9999.00 -9999.00 -9999.00 -9999.00 -9999.00 -9999.00 -9999.00 -9999.00 -9999.00 -9999.00 -9999.00 -9999.00
10.62 8.89 7.83 7.53 7.96 7.99 4.68 3.46 5.95 7.37 13.33 15.63 15.21 19.64 17.23 10.13 11.57 9.29 7.39 3.18 2.19 1.76 1.69 1.70 1.72 1.79 1.83 3.25 3.51 3.67 5.23 5.76 -9999.00 -9999.00 -9999.00 -9999.00 -9999.00 -9999.00 -9999.00 -9999.00 -9999.00 -9999.00 -9999.00 -9999.00 -9999.00 -9999.00 -9999.00 -9999.00 -9999.00 -9999.00 -9999.00 -9999.00 -9999.00 -9999.00 -9999.00 -9999.00 -9999.00 -9999.00 -9999.00 -9999.00 -9999.00 -9999.00 -9999.00 -9999.00 -9999.00 -9999.00 -9999.00 -9999.00 -9999.00 -9999.00 -9999.00 -9999.00 -9999.00
9.80 7.97 6.97 7.05 7.81 7.28 4.73 3.75 6.00 5.26 11.94 15.78 14.16 20.11 17.78 10.49 10.66 9.45 7.39 3.19 2.18 1.73 1.68 1.62 1.63 1.78 1.82 2.70 2.88 3.06 5.27 8.54 -9999.00 -9999.00 -9999.00 -9999.00 -9999.00 -9999.00 -9999.00 -9999.00 -9999.00 -9999.00 -9999.00 -9999.00 -9999.00 -9999.00 -9999.00 -9999.00 -9999.00 -9999.00 -9999.00 -9999.00 -9999.00 -9999.00 -9999.00 -9999.00 -9999.00 -9999.00 -9999.00 -9999.00 -9999.00 -9999.00 -9999.00 -9999.00 -9999.00 -9999.00 -9999.00 -9999.00 -9999.00 -9999.00 -9999.00 -9999.00 -9999.00
6.34 4.54 3.58 3.64 4.05 3.83 3.35 3.29 4.11 4.08 7.29 8.29 8.97 10.19 12.36 8.77 8.58 9.16 6.15 4.19 2.61 1.90 1.64 1.60 1.60 1.58 1.78 1.78 2.43 3.86 8.42 9.78 -9999.00 -9999.00 -9999.00 -9999.00 -9999.00 -9999.00 -9999.00 -9999.00 -9999.00 -9999.00 -9999.00 -9999.00 -9999.00 -9999.00 -9999.00 -9999.00 -9999.00 -9999.00 -9999.00 -9999.00 -9999.00 -9999.00 -9999.00 -9999.00 -9999.00 -9999.00 -9999.00 -9999.00 -9999.00 -9999.00 -9999.00 -9999.00 -9999.00 -9999.00 -9999.00 -9999.00 -9999.00 -9999.00 -9999.00 -9999.00 -9999.00
5.78 4.20 3.56 3.67 4.16 3.94 3.43 3.12 2.90 3.46 4.50 6.69 8.25 9.96 9.95 6.36 6.57 7.14 5.52 3.76 2.51 1.86 1.59 1.54 1.56 1.54 1.73 1.77 2.41 3.02 8.49 9.02 -9999.00 -9999.00 -9999.00 -9999.00 -9999.00 -9999.00 -9999.00 -9999.00 -9999.00 -9999.00 -9999.00 -9999.00 -9999.00 -9999.00 -9999.00 -9999.00 -9999.00 -9999.00 -9999.00 -9999.00 -9999.00 -9999.00 -9999.00 -9999.00 -9999.00 -9999.00 -9999.00 -9999.00 -9999.00 -9999.00 -9999.00 -9999.00 -9999.00 -9999.00 -9999.00 -9999.00 -9999.00 -9999.00 -9999.00 -9999.00 -9999.00
4.50 3.67 3.29 3.26 3.11 3.01 2.98 2.90 2.82 3.06 2.97 3.33 3.59 3.94 3.76 3.74 3.57 2.73 2.21 1.93 1.67 1.51 1.43 1.38 1.35 1.54 1.41 1.72 2.74 3.09 5.46 6.59 6.12 7.49 -9999.00 -9999.00 -9999.00 -9999.00 -9999.00 -9999.00 -9999.00 -9999.00 -9999.00 -9999.00 -9999.00 -9999.00 -9999.00 -9999.00 -9999.00 -9999.00 -9999.00 -9999.00 -9999.00 -9999.00 -9999.00 -9999.00 -9999.00 -9999.00 -9999.00 -9999.00 -9999.00 -9999.00 -9999.00 -9999.00 -9999.00 -9999.00 -9999.00 -9999.00 -9999.00 -9999.00 -9999.00 -9999.00 -9999.00
5.32 3.98 3.54 3.23 3.20 3.09 3.10 2.98 2.90 2.86 2.83 3.16 3.23 3.43 3.61 3.57 3.46 2.59 2.07 1.89 1.62 1.44 1.38 1.28 1.25 1.40 1.39 1.55 1.74 2.59 3.52 4.20 4.99 5.24 -9999.00 -9999.00 -9999.00 -9999.00 -9999.00 -9999.00 -9999.00 -9999.00 -9999.00 -9999.00 -9999.00 -9999.00 -9999.00 -9999.00 -9999.00 -9999.00 -9999.00 -9999.00 -9999.00 -9999.00 -9999.00 -9999.00 -9999.00 -9999.00 -9999.00 -9999.00 -9999.00 -9999.00 -9999.00 -9999.00 -9999.00 -9999.00 -9999.00 -9999.00 -9999.00 -9999.00 -9999.00 -9999.00 -9999.00
5.57 4.04 3.66 3.44 3.28 3.28 3.27 3.21 3.05 2.94 2.86 2.62 2.40 2.34 2.36 2.45 2.17 2.00 1.77 1.53 1.51 1.50 1.34 1.33 1.29 1.34 1.37 1.39 1.64 2.05 2.21 2.83 3.00 2.78 -9999.00 -9999.00 -9999.00 -9999.00 -9999.00 -9999.00 -9999.00 -9999.00 -9999.00 -9999.00 -9999.00 -9999.00 -9999.00 -9999.00 -9999.00 -9999.00 -9999.00 -9999.00 -9999.00 -9999.00 -9999.00 -9999.00 -9999.00 -9999.00 -9999.00 -9999.00 -9999.00 -9999.00 -9999.00 -9999.00 -9999.00 -9999.00 -9999.00 -9999.00 -9999.00 -9999.00 -9999.00 -9999.00 -9999.00
7.38 4.90 4.73 3.73 3.59 3.55 3.52 3.38 3.18 3.02 2.86 2.66 2.40 2.34 2.34 2.44 2.15 2.02 1.79 1.60 1.51 1.50 1.26 1.21 1.18 1.18 1.35 1.47 1.65 1.81 2.22 2.74 2.88 2.69 2.79 -9999.00 -9999.00 -9999.00 -9999.00 -9999.00 -9999.00 -9999.00 -9999.00 -9999.00 -9999.00 -9999.00 -9999.00 -9999.00 -9999.00 -9999.00 -9999.00 -9999.00 -9999.00 -9999.00 -9999.00 -9999.00 -9999.00 -9999.00 -9999.00 -9999.00 -9999.00 -9999.00 -9999.00 -9999.00 -9999.00 -9999.00 -9999.00 -9999.00 -9999.00 -9999.00 -9999.00 -9999.00 -9999.00
7.54 5.02 4.77 4.26 3.92 3.82 3.71 3.66 3.52 3.20 3.07 2.85 2.47 2.46 2.39 2.01 1.97 1.87 1.66 1.62 1.70 1.61 1.50 1.35 1.27 1.25 1.33 1.78 1.63 1.89 2.22 2.84 2.73 2.48 2.45 -9999.00 -9999.00 -9999.00 -9999.00 -9999.00 -9999.00 -9999.00 -9999.00 -9999.00 -9999.00 -9999.00 -9999.00 -9999.00 -9999.00 -9999.00 -9999.00 -9999.00 -9999.00 -9999.00 -9999.00 -9999.00 -9999.00 -9999.00 -9999.00 -9999.00 -9999.00 -9999.00 -9999.00 -9999.00 -9999.00 -9999.00 -9999.00 -9999.00 -9999.00 -9999.00 -9999.00 -9999.00 -9999.00
8.60 7.64 5.47 4.12 3.92 3.73 3.66 3.52 3.40 3.14 3.04 2.89 2.52 2.53 2.34 2.06 1.98 1.89 1.71 1.62 1.68 1.63 1.51 1.34 1.28 1.34 1.51 2.30 2.40 2.03 2.27 2.90 2.62 2.49 2.48 2.48 -9999.00 -9999.00 -9999.00 -9999.00 -9999.00 -9999.00 -9999.00 -9999.00 -9999.00 -9999.00 -9999.00 -9999.00 -9999.00 -9999.00 -9999.00 -9999.00 -9999.00 -9999.00 -9999.00 -9999.00 -9999.00 -9999.00 -9999.00 -9999.00 -9999.00 -9999.00 -9999.00 -9999.00 -9999.00 -9999.00 -9999.00 -9999.00 -9999.00 -9999.00 -9999.00 -9999.00 -9999.00
11.75 12.49 7.54 4.45 4.00 3.97 3.81 3.57 3.42 3.25 3.39 3.17 2.34 2.12 1.93 1.79 1.69 1.57 1.45 1.56 1.55 1.32 1.46 1.36 1.33 1.35 1.62 1.82 2.59 2.12 2.76 3.56 2.57 2.44 2.45 2.50 -9999.00 -9999.00 -9999.00 -9999.00 -9999.00 -9999.00 -9999.00 -9999.00 -9999.00 -9999.00 -9999.00 -9999.00 -9999.00 -9999.00 -9999.00 -9999.00 -9999.00 -9999.00 -9999.00 -9999.00 -9999.00 -9999.00 -9999.00 -9999.00 -9999.00 -9999.00 -9999.00 -9999.00 -9999.00 -9999.00 -9999.00 -9999.00 -9999.00 -9999.00 -9999.00 -9999.00 -9999.00
11.99 14.23 8.03 5.07 4.69 4.52 4.21 4.03 3.85 3.63 3.48 3.22 2.48 2.26 2.06 1.89 1.82 1.63 1.56 1.76 1.54 1.39 1.22 1.14 1.20 1.22 1.45 1.48 2.45 2.74 3.34 3.26 2.57 2.43 2.49 2.55 -9999.00 -9999.00 -9999.00 -9999.00 -9999.00 -9999.00 -9999.00 -9999.00 -9999.00 -9999.00 -9999.00 -9999.00 -9999.00 -9999.00 -9999.00 -9999.00 -9999.00 -9999.00 -9999.00 -9999.00 -9999.00 -9999.00 -9999.00 -9999.00 -9999.00 -9999.00 -9999.00 -9999.00 -9999.00 -9999.00 -9999.00 -9999.00 -9999.00 -9999.00 -9999.00 -9999.00 -9999.00
12.50 16.14 12.62 8.01 5.32 4.86 4.33 4.15 4.02 3.81 3.66 3.37 2.70 2.42 2.30 2.18 1.97 1.95 1.92 1.91 1.89 1.48 1.35 1.25 1.27 1.31 1.33 1.40 1.74 1.95 2.21 2.28 2.24 2.28 2.64 2.79 -9999.00 -9999.00 -9999.00 -9999.00 -9999.00 -9999.00 -9999.00 -9999.00 -9999.00 -9999.00 -9999.00 -9999.00 -9999.00 -9999.00 -9999.00 -9999.00 -9999.00 -9999.00 -9999.00 -9999.00 -9999.00 -9999.00 -9999.00 -9999.00 -9999.00 -9999.00 -9999.00 -9999.00 -9999.00 -9999.00 -9999.00 -9999.00 -9999.00 -9999.00 -9999.00 -9999.00 -9999.00
14.10 16.66 11.89 7.94 6.98 6.36 5.77 5.59 5.25 4.59 4.14 3.55 3.16 2.70 2.53 2.38 2.14 2.12 2.10 2.07 1.91 1.58 1.44 1.42 1.40 1.36 1.43 1.47 1.71 1.97 2.27 2.37 2.29 2.37 2.37 -9999.00 -9999.00 -9999.00 -9999.00 -9999.00 -9999.00 -9999.00 -9999.00 -9999.00 -9999.00 -9999.00 -9999.00 -9999.00 -9999.00 -9999.00 -9999.00 -9999.00 -9999.00 -9999.00 -9999.00 -9999.00 -9999.00 -9999.00 -9999.00 -9999.00 -9999.00 -9999.00 -9999.00 -9999.00 -9999.00 -9999.00 -9999.00 -9999.00 -9999.00 -9999.00 -9999.00 -9999.00 -9999.00
12.22 11.86 9.92 8.15 8.28 7.40 6.56 5.98 5.46 4.75 4.13 3.65 3.50 3.47 3.34 3.03 2.92 2.89 2.86 2.62 2.41 1.80 1.62 1.61 1.55 1.55 1.63 1.76 1.91 2.21 3.51 2.50 2.51 2.53 2.52 2.69 -9999.00 -9999.00 -9999.00 -9999.00 -9999.00 -9999.00 -9999.00 -9999.00 -9999.00 -9999.00 -9999.00 -9999.00 -9999.00 -9999.00 -9999.00 -9999.00 -9999.00 -9999.00 -9999.00 -9999.00 -9999.00 -9999.00 -9999.00 -9999.00 -9999.00 -9999.00 -9999.00 -9999.00 -9999.00 -9999.00 -9999.00 -9999.00 -9999.00 -9999.00 -9999.00 -9999.00 -9999.00
13.10 13.25 10.82 9.22 8.69 7.65 7.27 7.22 6.62 5.15 4.43 4.15 4.01 3.88 3.66 3.33 3.24 3.17 3.05 2.79 2.63 2.44 2.30 2.19 2.25 2.34 2.66 2.97 2.21 2.60 3.67 3.51 3.05 3.12 3.35 3.85 -9999.00 -9999.00 -9999.00 -9999.00 -9999.00 -9999.00 -9999.00 -9999.00 -9999.00 -9999.00 -9999.00 -9999.00 -9999.00 -9999.00 -9999.00 -9999.00 -9999.00 -9999.00 -9999.00 -9999.00 -9999.00 -9999.00 -9999.00 -9999.00 -9999.00 -9999.00 -9999.00 -9999.00 -9999.00 -9999.00 -9999.00 -9999.00 -9999.00 -9999.00 -9999.00 -9999.00 -9999.00
14.00 13.83 12.83 11.15 10.31 9.45 8.91 8.76 6.93 5.51 4.80 4.52 4.39 4.24 4.14 3.98 3.91 3.80 3.55 3.27 3.06 2.79 2.58 2.54 2.66 2.68 3.13 3.41 3.03 3.05 3.99 3.39 3.31 3.36 3.59 4.20 -9999.00 -9999.00 -9999.00 -9999.00 -9999.00 -9999.00 -9999.00 -9999.00 -9999.00 -9999.00 -9999.00 -9999.00 -9999.00 -9999.00 -9999.00 -9999.00 -9999.00 -9999.00 -9999.00 -9999.00 -9999.00 -9999.00 -9999.00 -9999.00 -9999.00 -9999.00 -9999.00 -9999.00 -9999.00 -9999.00 -9999.00 -9999.00 -9999.00 -9999.00 -9999.00 -9999.00 -9999.00
16.92 18.85 15.36 11.95 10.63 9.78 9.26 9.71 8.33 7.14 6.18 5.42 5.23 5.21 4.58 4.45 4.34 4.25 3.95 3.67 3.46 3.37 3.21 3.26 4.10 4.80 5.37 5.81 4.01 4.20 4.97 4.24 4.11 4.45 4.59 5.15 -9999.00 -9999.00 -9999.00 -9999.00 -9999.00 -9999.00 -9999.00 -9999.00 -9999.00 -9999.00 -9999.00 -9999.00 -9999.00 -9999.00 -9999.00 -9999.00 -9999.00 -9999.00 -9999.00 -9999.00 -9999.00 -9999.00 -9999.00 -9999.00 -9999.00 -9999.00 -9999.00 -9999.00 -9999.00 -9999.00 -9999.00 -9999.00 -9999.00 -9999.00 -9999.00 -9999.00 -9999.00
18.61 20.48 17.17 16.04 14.73 12.58 12.99 16.38 13.67 7.55 6.47 5.92 5.70 5.73 5.47 5.22 5.13 4.96 4.47 4.29 3.99 4.11 4.02 4.20 4.99 5.46 5.86 5.58 4.27 4.61 5.33 4.60 4.67 4.83 5.09 5.62 -9999.00 -9999.00 -9999.00 -9999.00 -9999.00 -9999.00 -9999.00 -9999.00 -9999.00 -9999.00 -9999.00 -9999.00 -9999.00 -9999.00 3.87 3.45 3.20 3.00 2.68 2.47 2.19 2.22 -9999.00 2.48 2.44 -9999.00 -9999.00 -9999.00 -9999.00 -9999.00 -9999.00 -9999.00 -9999.00 -9999.00 -9999.00 -9999.00 -9999.00
26.49 27.54 23.68 20.90 17.12 13.74 14.01 17.68 19.99 17.31 10.90 8.08 6.93 6.58 6.00 5.81 5.79 5.56 5.13 4.99 4.98 5.62 5.71 6.12 7.89 7.59 6.60 5.73 5.19 5.51 5.61 4.61 4.71 4.87 5.86 6.43 -9999.00 -9999.00 -9999.00 -9999.00 -9999.00 -9999.00 -9999.00 -9999.00 -9999.00 -9999.00 -9999.00 7.79 6.30 5.08 4.24 3.92 3.64 3.35 2.85 2.59 2.43 2.30 2.43 2.54 2.47 2.56 -9999.00 -9999.00 -9999.00 -9999.00 -9999.00 -9999.00 -9999.00 -9999.00 -9999.00 -9999.00 -9999.00
29.97 28.30 24.38 22.88 21.54 20.94 21.74 28.85 33.98 16.35 9.45 8.32 7.56 7.33 7.06 6.93 6.81 6.56 5.96 5.98 5.64 6.17 5.98 6.69 8.26 8.02 7.02 6.25 5.34 6.63 5.65 5.06 5.18 5.72 7.27 8.66 8.93 14.40 -9999.00 -9999.00 -9999.00 -9999.00 -9999.00 -9999.00 -9999.00 -9999.00 9.79 8.50 6.42 5.27 4.50 4.07 3.78 3.50 3.25 3.04 2.85 2.71 2.58 2.52 2.63 2.74 -9999.00 -9999.00 -9999.00 -9999.00 -9999.00 -9999.00 -9999.00 -9999.00 -9999.00 -9999.00 -9999.00
38.31 39.50 32.53 29.64 30.34 21.43 23.02 28.48 32.51 20.64 13.05 10.16 8.55 7.87 7.65 7.75 7.65 7.12 6.56 6.68 6.56 6.40 6.84 7.38 7.33 6.62 7.42 6.70 5.83 5.57 5.48 5.77 6.19 6.48 7.72 9.59 9.52 9.95 13.04 -9999.00 -9999.00 -9999.00 -9999.00 -9999.00 -9999.00 -9999.00 8.05 6.96 5.91 5.15 4.62 4.18 3.87 3.58 3.36 3.16 2.92 2.79 2.65 2.52 2.73 -9999.00 -9999.00 -9999.00 -9999.00 -9999.00 -9999.00 -9999.00 -9999.00 -9999.00 -9999.00 -9999.00 -9999.00
46.57 43.46 29.03 28.68 34.08 32.71 28.31 25.61 21.07 15.71 12.80 11.20 9.35 8.72 9.00 8.84 8.51 8.23 7.84 7.69 7.34 6.99 7.54 8.15 7.72 7.35 7.30 6.65 6.58 6.35 6.27 6.87 7.57 7.97 9.76 11.80 12.71 12.27 14.53 -9999.00 -9999.00 -9999.00 -9999.00 13.00 11.55 9.66 7.98 7.16 6.67 5.41 5.04 4.58 3.94 3.60 3.39 3.17 3.04 2.85 2.71 2.57 2.84 -9999.00 -9999.00 -9999.00 -9999.00 -9999.00 -9999.00 -9999.00 -9999.00 -9999.00 -9999.00 -9999.00 -9999.00
46.85 41.78 32.97 31.25 25.66 23.86 28.49 25.77 18.54 14.24 11.83 10.92 10.80 10.96 10.25 10.02 9.32 9.31 8.74 8.83 8.85 8.45 8.13 8.08 8.02 8.43 8.02 7.27 7.09 7.27 7.15 7.76 8.39 9.15 10.77 12.61 12.99 12.72 -9999.00 -9999.00 -9999.00 13.39 11.24 9.60 8.90 8.24 8.47 7.29 6.85 6.48 5.18 4.78 4.15 3.74 3.45 3.25 3.02 2.83 2.57 2.43 -9999.00 -9999.00 -9999.00 -9999.00 -9999.00 -9999.00 -9999.00 -9999.00 -9999.00 -9999.00 -9999.00 -9999.00 -9999.00
32.89 24.28 21.77 28.75 23.63 19.92 16.84 15.35 14.32 12.89 12.15 11.32 11.65 11.99 12.26 12.06 11.14 11.16 11.76 9.91 9.75 9.34 9.04 9.12 8.86 8.80 8.52 8.66 7.75 7.69 8.21 8.27 9.68 10.35 12.00 14.74 14.16 13.05 12.77 -9999.00 13.23 12.48 10.72 9.06 8.58 7.93 7.23 6.92 6.92 7.27 7.18 7.36 4.28 3.80 3.52 3.26 3.05 2.85 2.72 -9999.00 -9999.00 -9999.00 -9999.00 -9999.00 -9999.00 -9999.00 -9999.00 -9999.00 -9999.00 -9999.00 -9999.00 -9999.00 -9999.00
33.27 24.29 19.32 15.47 14.19 12.96 13.77 15.98 14.72 14.88 14.32 14.15 14.47 14.00 13.47 13.21 12.44 12.21 12.85 11.51 11.16 10.57 10.11 10.16 10.04 9.85 9.31 9.17 8.78 8.86 9.16 9.48 10.00 10.86 12.98 14.93 14.99 13.97 13.40 14.26 11.01 9.47 8.09 9.43 8.69 8.12 7.65 7.03 7.40 7.79 9.06 6.24 4.75 3.94 3.47 3.29 3.03 2.86 2.71 -9999.00 -9999.00 -9999.00 -9999.00 -9999.00 -9999.00 -9999.00 -9999.00 -9999.00 -9999.00 -9999.00 -9999.00 -9999.00 -9999.00
