dati/cumulata_oraria_prisma_2018052715.txt
ncols        251
nrows        249
xllcorner         436000.00000
yllcorner        4918000.00000
cellsize           1000.00000
NODATA_value          -9999.00000
[rows 64 to 95 of 249, columns 73 to 145 of 251]
0.00 0.00 0.00 0.00 0.00 0.00 0.00 0.00 0.00 0.00 0.00 0.00 0.00 0.00 0.00 0.00 0.00 0.00 0.00 0.00 0.00 0.00 0.00 1.97 2.64 6.93 21.29 33.18 35.28 37.38 18.08 8.80 4.96 3.08 2.14 1.44 1.21 1.07 1.00 0.91 0.91 0.82 0.62 0.51 0.39 0.30 0.21 0.17 0.00 0.00 0.00 0.00 0.00 0.00 0.00 0.00 0.34 0.50 0.50 0.43 0.39 0.48 0.62 0.64 0.85 1.20 1.61 0.85 0.60 0.56 0.51 0.55 0.55
0.00 0.00 0.00 0.00 0.00 0.00 0.00 0.00 0.00 0.00 0.00 0.00 0.00 0.00 0.00 0.00 0.00 0.00 0.00 0.00 0.00 0.00 0.00 1.98 2.30 3.60 9.75 15.44 22.04 28.76 17.30 9.87 5.41 3.53 2.63 1.89 1.67 1.53 1.43 1.30 1.34 1.07 0.95 0.89 0.71 0.67 0.56 0.45 0.32 0.20 0.00 0.00 0.00 0.00 0.36 0.72 0.75 0.54 0.56 0.51 0.53 0.65 0.95 0.90 1.31 2.07 4.37 2.63 1.41 0.96 0.66 0.76 0.85
0.00 0.00 0.00 0.00 0.00 0.00 0.00 0.00 0.00 0.00 0.00 0.00 0.00 0.00 0.00 0.00 0.00 0.00 0.00 0.00 0.00 0.00 0.00 0.00 2.32 2.66 3.66 6.60 14.14 22.02 19.60 12.66 7.08 4.23 3.03 2.35 2.01 1.87 1.69 1.62 1.88 1.42 1.25 1.23 0.94 0.89 0.85 0.84 0.62 0.40 0.17 0.00 0.00 0.29 0.71 1.46 2.01 1.93 1.37 0.93 0.74 0.70 1.03 1.19 2.29 4.02 6.01 3.50 1.86 1.31 0.82 1.54 1.59
0.00 0.00 0.00 0.00 0.00 0.00 0.00 0.00 0.00 0.00 0.00 0.00 0.00 0.00 0.00 0.00 0.00 0.00 0.00 0.00 0.00 0.00 0.00 0.00 0.00 2.65 3.15 4.21 11.99 18.82 16.63 14.96 10.00 6.64 3.82 3.10 2.55 2.11 1.97 1.70 1.84 1.69 1.41 1.27 1.22 1.22 1.19 1.10 0.69 0.46 0.23 0.17 0.00 0.26 0.73 1.20 1.91 2.23 1.86 1.30 1.22 1.21 1.39 1.33 1.96 4.25 6.93 4.98 2.91 1.89 2.06 3.32 4.67
0.00 0.00 0.00 0.00 0.00 0.00 0.00 0.00 0.00 0.00 0.00 0.00 0.00 0.00 0.00 0.00 0.00 0.00 0.00 0.00 0.00 0.00 0.00 0.00 0.00 2.78 3.02 3.64 5.35 8.35 12.49 15.50 12.78 10.13 7.02 4.66 3.23 2.55 2.19 1.90 1.99 1.81 1.40 1.26 1.12 1.08 1.17 1.17 0.80 0.52 0.27 0.21 0.00 0.25 0.46 0.97 1.90 2.43 2.39 1.63 1.78 1.76 1.28 1.26 1.56 3.36 5.52 3.83 2.88 1.97 3.12 2.78 5.05
0.00 0.00 0.00 0.00 0.00 0.00 0.00 0.00 0.00 0.00 0.00 0.00 0.00 0.00 0.00 0.00 0.00 0.00 0.00 0.00 0.00 0.00 0.00 0.00 3.08 3.11 3.12 3.30 3.67 4.56 8.60 16.23 20.06 17.34 10.28 6.14 5.71 3.27 2.54 2.24 2.14 1.91 1.53 1.27 1.21 1.13 0.99 1.06 0.87 0.59 0.27 0.20 0.00 0.00 0.30 0.62 0.79 1.06 1.17 1.27 1.85 2.42 2.14 1.97 1.50 1.95 2.20 1.98 2.37 2.04 2.35 2.08 2.94
0.00 0.00 0.00 0.00 0.00 0.00 0.00 0.00 0.00 0.00 0.00 0.00 0.00 0.00 0.00 0.00 0.00 0.00 0.00 0.00 0.00 0.00 0.00 0.00 3.42 3.46 3.47 3.44 3.60 3.84 4.83 17.02 22.99 20.72 11.66 7.62 7.77 4.12 2.92 2.60 2.38 2.06 1.67 1.49 1.40 1.21 1.17 1.03 0.79 0.53 0.27 0.00 0.00 0.00 0.00 0.00 0.36 0.54 0.67 0.85 1.30 1.77 2.61 2.94 2.22 1.58 1.28 1.22 1.71 1.70 1.77 1.72 1.92
0.00 0.00 0.00 0.00 0.00 0.00 0.00 0.00 0.00 0.00 0.00 0.00 0.00 0.00 0.00 0.00 0.00 0.00 0.00 0.00 0.00 0.00 0.00 3.68 3.75 3.80 3.81 3.79 4.11 4.15 4.87 7.77 15.16 17.78 12.89 8.92 7.58 4.32 3.24 2.87 2.51 2.21 1.85 1.71 1.52 1.34 1.39 1.11 0.70 0.39 0.17 0.00 0.00 0.00 0.00 0.00 0.00 0.00 0.29 0.58 0.91 1.33 2.27 2.69 2.23 1.54 1.21 1.19 1.69 1.69 1.67 1.70 2.04
0.00 0.00 0.00 0.00 0.00 0.00 0.00 0.00 0.00 0.00 0.00 0.00 0.00 0.00 0.00 0.00 0.00 0.00 0.00 0.00 0.00 0.00 0.00 4.01 4.09 4.14 4.15 4.26 5.18 5.45 7.01 9.80 13.55 18.23 15.11 10.59 6.92 4.74 3.89 3.21 2.85 2.47 2.15 1.89 1.61 1.36 1.87 1.22 0.52 0.28 0.00 0.00 0.00 0.00 0.00 0.00 0.00 0.00 0.17 0.39 0.61 1.13 2.02 2.40 1.75 1.36 1.23 1.14 1.07 0.97 0.99 1.21 1.14
0.00 0.00 0.00 0.00 0.00 0.00 0.00 0.00 0.00 0.00 0.00 0.00 0.00 0.00 0.00 0.00 0.00 0.00 0.00 0.00 0.00 0.00 0.00 4.32 4.41 4.47 4.70 4.70 6.80 6.65 16.81 30.12 34.34 29.60 22.00 15.06 9.40 6.00 4.55 3.88 3.29 2.97 2.44 2.08 1.65 1.43 2.12 1.63 0.53 0.24 0.00 0.00 0.00 0.00 0.00 0.00 0.00 0.00 0.18 0.29 0.43 0.75 0.94 1.01 1.02 1.08 1.00 0.99 0.92 0.88 0.87 1.02 0.91
0.00 0.00 0.00 0.00 0.00 0.00 0.00 0.00 0.00 0.00 0.00 0.00 0.00 0.00 0.00 0.00 0.00 0.00 0.00 0.00 0.00 0.00 4.50 4.63 4.73 4.79 4.98 5.01 7.80 8.94 19.41 57.00 56.20 41.28 28.83 18.94 11.29 7.22 5.14 4.59 3.75 2.89 2.28 2.06 1.61 1.36 2.01 2.87 0.78 0.22 0.00 0.00 0.00 0.00 0.00 0.00 0.22 0.26 0.32 0.41 0.49 0.67 0.88 0.92 0.98 0.95 0.95 0.98 0.85 0.82 0.83 0.85 0.80
0.00 0.00 0.00 0.00 0.00 0.00 0.00 0.00 0.00 0.00 0.00 0.00 0.00 0.00 0.00 0.00 0.00 0.00 4.45 4.59 4.59 4.95 4.95 4.92 5.02 5.08 5.27 6.43 7.36 9.41 20.11 77.52 86.62 58.61 35.23 21.99 13.91 9.47 7.23 6.07 4.35 3.22 2.26 1.66 1.23 0.95 1.09 1.61 0.78 0.19 0.00 0.00 0.00 0.00 0.18 0.46 0.42 0.43 0.44 0.49 0.52 0.60 0.63 0.66 0.83 0.91 0.90 0.87 0.80 0.80 0.84 0.86 0.90
0.00 0.00 0.00 0.00 0.00 0.00 0.00 0.00 0.00 0.00 0.00 0.00 0.00 0.00 0.00 0.00 0.00 4.12 5.18 5.52 6.41 9.04 7.92 5.83 5.29 5.36 5.38 6.41 6.39 9.08 22.04 81.68 76.02 71.08 50.18 29.27 17.42 12.38 9.16 6.58 4.47 3.18 2.46 1.91 1.49 1.16 0.87 0.86 0.55 0.00 0.00 0.00 0.00 0.24 0.54 0.84 0.59 0.55 0.53 0.57 0.57 0.59 0.62 0.65 0.75 0.81 0.79 0.80 0.81 0.80 1.06 0.89 0.98
0.00 0.00 0.00 0.00 0.00 0.00 0.00 0.00 0.00 0.00 0.00 0.00 0.00 0.00 0.00 0.00 0.00 4.32 4.95 5.73 7.14 11.68 11.20 6.91 5.69 5.60 5.62 5.60 5.82 7.70 11.26 59.80 62.35 84.02 83.03 48.02 24.48 13.94 9.05 5.48 4.16 3.23 2.87 2.32 1.89 1.50 1.12 0.78 0.60 0.72 0.40 0.00 0.17 0.33 0.49 0.51 0.48 0.41 0.35 0.40 0.35 0.36 0.36 0.41 0.75 0.77 0.77 0.78 0.84 0.93 1.28 1.45 1.70
0.00 0.00 0.00 0.00 0.00 0.00 0.00 0.00 0.00 0.00 0.00 0.00 0.00 0.00 0.00 0.00 0.00 0.00 4.75 5.34 6.92 13.47 14.40 8.20 6.21 5.81 5.83 5.80 5.81 6.45 8.14 18.99 35.29 79.81 86.10 61.41 27.69 13.39 9.90 5.92 5.65 4.77 4.12 3.26 2.67 2.21 1.58 0.95 0.82 1.19 1.19 0.52 0.82 0.82 0.53 0.62 0.58 0.53 0.56 0.46 0.35 0.32 0.32 0.39 0.46 0.43 0.44 0.47 0.52 0.64 1.11 1.50 1.78
0.00 0.00 0.00 0.00 0.00 0.00 0.00 0.00 0.00 0.00 0.00 0.00 0.00 0.00 0.00 0.00 0.00 0.00 0.00 5.16 5.74 9.30 9.49 7.98 6.17 6.02 6.00 5.97 6.00 6.19 7.24 7.72 23.29 67.25 74.42 56.52 28.04 13.22 16.23 13.33 9.12 7.25 6.17 5.25 4.73 3.07 2.41 1.78 2.01 2.54 3.03 1.08 1.09 1.47 0.74 0.68 0.63 0.75 0.77 0.88 0.85 0.72 0.62 0.56 0.38 0.40 0.42 0.55 0.73 0.91 1.34 2.19 2.34
0.00 0.00 0.00 0.00 0.00 0.00 0.00 0.00 0.00 0.00 0.00 0.00 0.00 0.00 0.00 0.00 0.00 0.00 0.00 0.00 5.63 6.19 6.54 6.74 6.27 6.27 6.33 6.28 6.37 6.21 6.38 6.66 7.54 23.78 39.44 27.08 14.02 11.74 21.29 24.04 15.54 10.78 8.62 9.24 10.13 8.59 11.23 7.98 7.43 7.26 5.62 3.29 1.36 2.00 1.71 1.41 1.65 1.87 1.59 1.10 0.97 0.81 0.70 0.61 0.47 0.48 0.62 1.00 1.11 1.61 3.00 4.81 6.10
0.00 0.00 0.00 0.00 0.00 0.00 0.00 0.00 0.00 0.00 0.00 0.00 0.00 0.00 0.00 0.00 0.00 0.00 0.00 5.23 5.48 5.82 6.08 6.25 6.42 6.50 6.68 7.73 12.96 9.67 8.55 7.34 7.26 8.94 11.94 9.40 8.41 8.62 10.09 18.15 12.98 10.44 8.46 7.47 7.33 9.16 16.70 21.64 19.18 14.37 6.34 4.65 2.38 2.62 2.98 2.46 2.00 1.99 1.64 1.21 1.20 1.19 1.02 0.95 0.98 1.07 1.97 2.23 2.58 3.55 5.41 5.17 6.28
0.00 0.00 0.00 0.00 0.00 0.00 0.00 0.00 0.00 0.00 0.00 0.00 0.00 0.00 0.00 0.00 0.00 0.00 0.00 5.30 5.54 5.76 6.13 6.28 6.79 6.89 7.64 11.44 25.74 22.22 12.48 10.57 8.46 6.64 6.19 6.09 7.06 6.40 6.91 6.81 6.90 7.38 6.90 4.69 5.66 6.45 14.89 22.03 25.76 21.69 12.73 8.69 5.04 5.03 4.82 3.09 1.93 1.79 1.52 1.07 0.97 0.92 0.94 0.92 1.36 1.39 3.46 3.94 7.91 12.40 17.05 23.68 22.97
0.00 0.00 0.00 0.00 0.00 0.00 0.00 0.00 0.00 0.00 0.00 0.00 0.00 0.00 0.00 0.00 0.00 0.00 5.06 5.33 5.57 5.79 6.16 6.31 7.32 7.38 9.91 20.85 38.94 37.25 24.48 17.24 10.34 6.89 5.80 5.44 4.99 5.52 4.58 3.60 3.54 4.08 4.20 3.25 3.23 3.88 9.34 18.32 23.06 27.54 20.31 14.92 8.77 9.49 6.37 3.93 2.04 1.51 1.30 1.22 1.14 1.01 1.01 0.98 1.54 1.77 6.24 7.94 16.15 36.76 49.96 41.90 36.67
0.00 0.00 0.00 0.00 0.00 0.00 0.00 0.00 0.00 0.00 0.00 0.00 0.00 0.00 0.00 0.00 0.00 4.80 5.07 5.33 5.57 5.78 6.05 6.67 7.12 8.53 11.43 22.45 49.04 60.60 37.10 20.72 14.73 8.92 7.14 5.61 4.82 4.70 4.20 3.47 2.74 2.70 2.97 2.32 2.09 1.81 5.64 9.23 22.10 26.89 26.13 17.71 12.85 11.28 8.28 4.85 3.13 2.08 1.87 1.58 1.27 1.16 1.07 1.11 2.01 2.53 8.86 9.42 13.43 34.87 52.15 49.17 43.00
0.00 0.00 0.00 0.00 0.00 0.00 0.00 0.00 0.00 0.00 0.00 0.00 0.00 0.00 0.00 0.00 4.50 4.78 5.05 5.30 5.53 5.73 6.00 6.47 6.66 7.88 14.87 39.20 68.16 75.58 47.18 33.55 16.34 11.00 7.54 5.57 5.47 5.05 4.66 4.18 2.79 2.39 2.05 1.48 1.16 0.90 4.18 7.42 19.12 24.75 26.74 22.26 13.13 9.50 7.92 5.20 3.47 2.55 2.40 2.22 2.36 1.78 1.31 1.63 2.44 3.94 9.77 10.49 14.62 37.65 81.25 70.95 37.85
0.00 0.00 0.00 0.00 0.00 0.00 0.00 0.00 0.00 0.00 0.00 0.00 0.00 0.00 0.00 4.18 4.46 4.74 4.99 5.23 5.45 5.81 6.06 6.39 6.56 16.38 27.77 40.65 60.84 77.82 57.78 27.62 11.64 8.09 6.10 6.37 9.35 7.01 6.60 5.45 3.60 2.47 1.82 1.29 1.05 0.69 2.44 3.28 13.46 24.43 33.51 26.45 14.08 12.22 9.86 6.24 4.10 3.15 3.42 3.56 3.09 2.08 1.87 2.15 2.37 6.90 10.59 16.39 32.75 58.34 78.61 60.14 35.74
0.00 0.00 0.00 0.00 0.00 0.00 0.00 0.00 0.00 0.00 0.00 0.00 0.00 0.00 3.86 4.14 4.40 4.66 4.91 5.14 5.34 5.77 5.93 6.19 8.31 22.24 30.84 41.86 54.46 58.98 34.87 12.40 8.11 6.42 6.14 7.51 10.28 10.46 9.10 7.00 3.75 2.44 1.73 1.17 0.95 0.68 1.27 1.43 5.17 13.15 26.12 29.56 18.03 15.12 9.83 7.66 6.17 5.44 4.22 4.76 4.09 3.26 3.43 4.37 5.19 12.17 14.21 17.34 33.50 56.44 65.16 58.20 35.99
0.00 0.00 0.00 0.00 0.00 0.00 0.00 0.00 0.00 0.00 0.00 0.00 0.00 3.54 3.80 4.06 4.32 4.57 4.80 5.01 5.21 5.56 5.73 6.23 12.13 27.07 28.04 34.35 32.77 30.35 16.56 9.32 7.65 6.26 7.61 10.50 12.42 11.56 9.04 5.89 4.47 2.78 2.60 1.34 0.94 0.72 1.17 1.11 7.81 15.12 24.65 35.59 23.04 19.41 15.69 12.40 9.00 9.56 7.00 7.96 6.35 7.63 14.61 11.68 13.17 14.27 18.21 22.12 39.92 46.46 42.61 40.62 36.28
0.00 0.00 0.00 0.00 0.00 0.00 0.00 0.00 0.00 0.00 0.00 0.00 3.23 3.48 3.73 3.97 4.21 4.45 4.66 4.86 5.04 5.32 5.54 6.66 16.05 24.82 18.44 23.51 20.86 15.28 8.76 9.54 7.96 7.35 10.19 13.59 13.27 11.15 10.83 7.67 3.53 3.03 2.05 1.21 1.00 1.24 2.16 1.51 8.12 10.84 18.16 32.44 32.75 28.83 21.11 12.78 12.63 15.37 17.66 19.09 12.47 15.39 19.51 20.23 25.62 28.68 45.51 43.23 41.79 45.94 37.10 31.59 31.26
0.00 0.00 0.00 0.00 0.00 0.00 0.00 0.00 0.00 0.00 0.00 2.92 3.16 3.39 3.63 3.86 4.09 4.30 4.50 4.69 4.85 5.09 5.41 8.41 15.68 15.96 11.62 13.22 9.59 7.95 9.03 11.48 9.04 8.05 8.47 12.59 12.14 9.15 13.05 8.08 4.81 4.31 2.81 1.33 1.10 1.14 2.70 2.74 10.46 17.80 29.69 36.60 35.27 28.38 25.42 13.83 20.41 31.58 22.76 16.59 14.18 30.09 35.92 42.26 49.93 48.21 46.36 42.50 36.84 27.92 14.39 10.34 11.44
0.00 0.00 0.00 0.00 0.00 0.00 0.00 0.00 0.00 0.00 2.64 2.85 3.07 3.29 3.51 3.73 3.94 4.14 4.32 4.49 4.64 4.87 5.43 8.61 10.67 9.41 8.42 7.40 6.38 7.97 14.45 15.08 11.32 10.12 6.81 9.15 7.36 7.61 9.95 7.84 9.01 10.06 4.79 1.47 1.97 2.39 5.48 6.14 16.39 20.84 35.99 45.00 36.01 26.57 23.63 23.93 30.26 35.38 24.86 14.80 7.16 14.96 20.22 30.42 49.77 51.62 46.14 35.87 22.49 12.64 7.55 8.89 11.02
0.00 0.00 0.00 0.00 0.00 0.00 0.00 0.00 0.00 2.36 2.56 2.77 2.97 3.18 3.38 3.58 3.78 3.96 4.13 4.28 4.41 4.67 5.37 6.62 6.97 6.88 5.53 5.31 6.15 10.84 16.71 21.48 21.72 11.74 5.59 5.73 5.12 5.99 5.19 6.63 14.42 10.52 6.32 2.17 3.70 3.29 8.38 9.48 19.17 31.27 46.13 50.65 38.69 35.12 20.50 22.65 36.67 32.88 10.22 2.40 3.96 7.77 17.99 24.96 24.72 25.15 30.76 29.07 21.92 6.20 2.65 1.52 1.21
0.00 0.00 0.00 0.00 0.00 0.00 0.00 0.00 0.00 2.29 2.48 2.67 2.86 3.05 3.24 3.42 3.60 3.76 3.92 4.05 4.17 4.26 4.65 5.23 5.36 5.09 4.70 4.79 6.04 11.66 19.08 33.71 23.67 11.73 8.43 8.17 4.26 3.26 3.33 5.50 11.15 10.09 9.53 8.05 5.33 4.90 8.42 9.47 21.26 47.27 50.78 50.96 49.53 31.80 15.57 32.32 37.61 26.69 4.00 2.12 2.58 2.02 2.52 2.89 11.13 20.37 21.17 11.85 2.92 1.24 0.88 0.96 1.20
0.00 0.00 0.00 0.00 0.00 0.00 0.00 0.00 2.04 2.21 2.38 2.56 2.74 3.14 3.28 3.55 3.88 4.04 3.69 3.81 3.91 3.99 4.05 4.08 4.17 4.29 4.24 4.45 5.44 9.51 20.63 28.22 22.54 18.20 15.34 17.18 5.86 3.02 2.84 4.75 7.18 11.13 16.07 11.41 11.64 6.65 10.38 15.36 21.36 42.83 52.45 51.56 50.08 31.84 10.28 9.03 13.90 5.03 2.32 1.71 1.32 2.13 2.13 2.91 3.16 4.47 4.77 2.71 1.40 1.01 0.91 0.74 0.67
0.00 0.00 0.00 0.00 0.00 0.00 0.00 1.80 1.96 2.12 2.38 2.55 2.90 3.43 4.23 4.37 4.54 4.39 3.91 3.56 3.65 3.72 3.76 3.78 3.78 3.93 3.95 4.17 5.62 9.29 15.20 23.90 27.84 21.90 26.90 23.35 9.83 4.67 2.83 3.63 6.75 10.55 18.77 20.73 22.84 18.15 22.55 25.81 39.23 54.99 54.06 50.11 47.85 21.49 9.18 7.10 4.40 2.33 1.44 1.40 1.67 2.10 2.30 1.45 1.06 2.41 2.93 1.45 0.61 0.59 0.79 1.82 1.06
